 
Driving Voltage = 0.300000 mVrms 
 Delay Time = 500 ms 
 SEN (V) = aqn
 
 Peak Amp (mV) = 7.205322 
 Res. Freq. (Hz) = 32750.699219 
 Q = 3275.069824 
 Decay Time (ms) = 31.847134 
32451.500000 	 0.988770 	32451.500000 	 1.322547 	
32453.500000 	 0.988403 	32453.500000 	 1.317274 	
32455.500000 	 0.995239 	32455.500000 	 1.318510 	
32457.500000 	 0.995270 	32457.500000 	 1.320012 	
32459.500000 	 0.994446 	32459.500000 	 1.318446 	
32461.500000 	 0.999634 	32461.500000 	 1.318776 	
32463.500000 	 0.993622 	32463.500000 	 1.318126 	
32465.500000 	 0.997131 	32465.500000 	 1.320076 	
32467.500000 	 1.005737 	32467.500000 	 1.322760 	
32469.500000 	 0.999969 	32469.500000 	 1.320417 	
32471.500000 	 0.998474 	32471.500000 	 1.316720 	
32473.500000 	 0.999969 	32473.500000 	 1.316603 	
32475.500000 	 1.002777 	32475.500000 	 1.321642 	
32477.500000 	 1.000214 	32477.500000 	 1.322398 	
32479.500000 	 1.004120 	32479.500000 	 1.317061 	
32481.500000 	 0.999786 	32481.500000 	 1.318904 	
32483.500000 	 1.006165 	32483.500000 	 1.315239 	
32485.500000 	 1.005768 	32485.500000 	 1.318701 	
32487.500000 	 1.001862 	32487.500000 	 1.318574 	
32489.500000 	 1.006866 	32489.500000 	 1.318797 	
32491.500000 	 1.003113 	32491.500000 	 1.322473 	
32493.500000 	 1.010040 	32493.500000 	 1.318467 	
32495.500000 	 1.007019 	32495.500000 	 1.318446 	
32497.500000 	 1.005646 	32497.500000 	 1.321375 	
32499.500000 	 1.010834 	32499.500000 	 1.316752 	
32501.500000 	 1.007996 	32501.500000 	 1.324294 	
32503.500000 	 1.002258 	32503.500000 	 1.320214 	
32505.500000 	 1.009766 	32505.500000 	 1.320619 	
32507.500000 	 1.021942 	32507.500000 	 1.318776 	
32509.500000 	 1.011719 	32509.500000 	 1.317721 	
32511.500000 	 1.011871 	32511.500000 	 1.320353 	
32513.500000 	 1.010376 	32513.500000 	 1.316805 	
32515.500000 	 1.022827 	32515.500000 	 1.315101 	
32517.500000 	 1.019836 	32517.500000 	 1.320299 	
32519.500000 	 1.013977 	32519.500000 	 1.319234 	
32521.500000 	 1.018982 	32521.500000 	 1.326254 	
32523.500000 	 1.018188 	32523.500000 	 1.316358 	
32525.500000 	 1.016937 	32525.500000 	 1.317572 	
32527.500000 	 1.018555 	32527.500000 	 1.314472 	
32529.500000 	 1.018555 	32529.500000 	 1.323943 	
32531.500000 	 1.026733 	32531.500000 	 1.320715 	
32533.500000 	 1.020264 	32533.500000 	 1.316379 	
32535.500000 	 1.025146 	32535.500000 	 1.321269 	
32537.500000 	 1.024017 	32537.500000 	 1.312736 	
32539.500000 	 1.023834 	32539.500000 	 1.319713 	
32541.500000 	 1.029602 	32541.500000 	 1.320864 	
32543.500000 	 1.022003 	32543.500000 	 1.321322 	
32545.500000 	 1.030121 	32545.500000 	 1.318542 	
32547.500000 	 1.035065 	32547.500000 	 1.316486 	
32549.500000 	 1.034607 	32549.500000 	 1.317966 	
32551.500000 	 1.034912 	32551.500000 	 1.317785 	
32553.500000 	 1.036743 	32553.500000 	 1.315282 	
32555.500000 	 1.038452 	32555.500000 	 1.318169 	
32557.500000 	 1.034393 	32557.500000 	 1.315026 	
32559.500000 	 1.035889 	32559.500000 	 1.325327 	
32561.500000 	 1.036255 	32561.500000 	 1.317317 	
32563.500000 	 1.038818 	32563.500000 	 1.315474 	
32565.500000 	 1.037292 	32565.500000 	 1.315367 	
32567.500000 	 1.045349 	32567.500000 	 1.312502 	
32569.500000 	 1.042297 	32569.500000 	 1.321269 	
32571.500000 	 1.041748 	32571.500000 	 1.318211 	
32573.500000 	 1.052124 	32573.500000 	 1.323442 	
32575.500000 	 1.047058 	32575.500000 	 1.313311 	
32577.500000 	 1.049316 	32577.500000 	 1.317583 	
32579.500000 	 1.056610 	32579.500000 	 1.315879 	
32581.500000 	 1.049438 	32581.500000 	 1.314867 	
32583.500000 	 1.057281 	32583.500000 	 1.321823 	
32585.500000 	 1.053162 	32585.500000 	 1.313333 	
32587.500000 	 1.049316 	32587.500000 	 1.315708 	
32589.500000 	 1.061279 	32589.500000 	 1.315708 	
32591.500000 	 1.064606 	32591.500000 	 1.324294 	
32593.500000 	 1.065155 	32593.500000 	 1.320097 	
32595.500000 	 1.058838 	32595.500000 	 1.321663 	
32597.500000 	 1.069458 	32597.500000 	 1.318627 	
32599.500000 	 1.070679 	32599.500000 	 1.318350 	
32601.500000 	 1.074432 	32601.500000 	 1.314632 	
32603.500000 	 1.072998 	32603.500000 	 1.320150 	
32605.500000 	 1.080902 	32605.500000 	 1.319628 	
32607.500000 	 1.078094 	32607.500000 	 1.318052 	
32609.500000 	 1.075500 	32609.500000 	 1.317146 	
32611.500000 	 1.082520 	32611.500000 	 1.310414 	
32613.500000 	 1.079987 	32613.500000 	 1.319032 	
32615.500000 	 1.089996 	32615.500000 	 1.314366 	
32617.500000 	 1.088989 	32617.500000 	 1.319735 	
32619.500000 	 1.088898 	32619.500000 	 1.322132 	
32621.500000 	 1.099792 	32621.500000 	 1.310318 	
32623.500000 	 1.093506 	32623.500000 	 1.319767 	
32625.500000 	 1.102905 	32625.500000 	 1.315495 	
32627.500000 	 1.093506 	32627.500000 	 1.315942 	
32629.500000 	 1.100616 	32629.500000 	 1.310637 	
32631.500000 	 1.102753 	32631.500000 	 1.317327 	
32633.500000 	 1.109650 	32633.500000 	 1.315964 	
32635.500000 	 1.120209 	32635.500000 	 1.315868 	
32637.500000 	 1.118378 	32637.500000 	 1.311660 	
32639.500000 	 1.123199 	32639.500000 	 1.323208 	
32641.500000 	 1.119293 	32641.500000 	 1.317306 	
32643.500000 	 1.128082 	32643.500000 	 1.310723 	
32645.500000 	 1.133026 	32645.500000 	 1.316752 	
32647.500000 	 1.136841 	32647.500000 	 1.315538 	
32649.500000 	 1.141266 	32649.500000 	 1.315612 	
32651.500000 	 1.143616 	32651.500000 	 1.317711 	
32653.500000 	 1.153107 	32653.500000 	 1.314558 	
32655.500000 	 1.157257 	32655.500000 	 1.318797 	
32657.500000 	 1.164459 	32657.500000 	 1.312331 	
32659.500000 	 1.166656 	32659.500000 	 1.315080 	
32661.500000 	 1.172455 	32661.500000 	 1.315474 	
32663.500000 	 1.179169 	32663.500000 	 1.311894 	
32665.500000 	 1.181091 	32665.500000 	 1.309743 	
32667.500000 	 1.191650 	32667.500000 	 1.315154 	
32669.500000 	 1.198914 	32669.500000 	 1.310914 	
32671.500000 	 1.207855 	32671.500000 	 1.315112 	
32673.500000 	 1.208862 	32673.500000 	 1.313567 	
32675.500000 	 1.215271 	32675.500000 	 1.307697 	
32677.500000 	 1.219727 	32677.500000 	 1.303543 	
32679.500000 	 1.236115 	32679.500000 	 1.308720 	
32681.500000 	 1.244659 	32681.500000 	 1.307633 	
32683.500000 	 1.250885 	32683.500000 	 1.306739 	
32685.500000 	 1.259125 	32685.500000 	 1.308784 	
32687.500000 	 1.267670 	32687.500000 	 1.305876 	
32689.500000 	 1.283356 	32689.500000 	 1.303926 	
32691.500000 	 1.291931 	32691.500000 	 1.302051 	
32693.500000 	 1.299927 	32693.500000 	 1.301402 	
32695.500000 	 1.318420 	32695.500000 	 1.304960 	
32697.500000 	 1.339203 	32697.500000 	 1.302051 	
32699.500000 	 1.350311 	32699.500000 	 1.298802 	
32701.500000 	 1.367554 	32701.500000 	 1.299559 	
32703.500000 	 1.390564 	32703.500000 	 1.300315 	
32705.500000 	 1.406067 	32705.500000 	 1.301210 	
32707.500000 	 1.421722 	32707.500000 	 1.293039 	
32709.500000 	 1.451599 	32709.500000 	 1.295596 	
32711.500000 	 1.478546 	32711.500000 	 1.289311 	
32713.500000 	 1.508087 	32713.500000 	 1.288970 	
32715.500000 	 1.536469 	32715.500000 	 1.284027 	
32717.500000 	 1.577972 	32717.500000 	 1.281875 	
32719.500000 	 1.619537 	32719.500000 	 1.276996 	
32721.500000 	 1.658997 	32721.500000 	 1.273247 	
32723.500000 	 1.712585 	32723.500000 	 1.266599 	
32725.500000 	 1.774933 	32725.500000 	 1.271223 	
32727.500000 	 1.842651 	32727.500000 	 1.257087 	
32729.500000 	 1.925323 	32729.500000 	 1.244144 	
32731.500000 	 2.023468 	32731.500000 	 1.239446 	
32731.600000 	 2.017120 	32731.600000 	 1.234940 	
32731.700000 	 2.033844 	32731.700000 	 1.232468 	
32731.800000 	 2.045441 	32731.800000 	 1.235941 	
32731.900000 	 2.046539 	32731.900000 	 1.236783 	
32732.000000 	 2.050415 	32732.000000 	 1.235792 	
32732.100000 	 2.051178 	32732.100000 	 1.228825 	
32732.200000 	 2.065002 	32732.200000 	 1.228942 	
32732.300000 	 2.072693 	32732.300000 	 1.231488 	
32732.400000 	 2.076447 	32732.400000 	 1.230029 	
32732.500000 	 2.083038 	32732.500000 	 1.230125 	
32732.600000 	 2.079254 	32732.600000 	 1.232681 	
32732.700000 	 2.088135 	32732.700000 	 1.231318 	
32732.800000 	 2.103271 	32732.800000 	 1.223968 	
32732.900000 	 2.096954 	32732.900000 	 1.227675 	
32733.000000 	 2.115570 	32733.000000 	 1.224756 	
32733.100000 	 2.113129 	32733.100000 	 1.222838 	
32733.200000 	 2.125122 	32733.200000 	 1.222167 	
32733.300000 	 2.131042 	32733.300000 	 1.227153 	
32733.400000 	 2.139648 	32733.400000 	 1.225576 	
32733.500000 	 2.141083 	32733.500000 	 1.220974 	
32733.600000 	 2.148529 	32733.600000 	 1.222679 	
32733.700000 	 2.159912 	32733.700000 	 1.219121 	
32733.800000 	 2.167725 	32733.800000 	 1.217693 	
32733.900000 	 2.176697 	32733.900000 	 1.215829 	
32734.000000 	 2.175873 	32734.000000 	 1.213485 	
32734.100000 	 2.183105 	32734.100000 	 1.215808 	
32734.200000 	 2.184540 	32734.200000 	 1.218023 	
32734.300000 	 2.198059 	32734.300000 	 1.218545 	
32734.400000 	 2.204315 	32734.400000 	 1.216031 	
32734.500000 	 2.212830 	32734.500000 	 1.213666 	
32734.600000 	 2.224823 	32734.600000 	 1.215669 	
32734.700000 	 2.226593 	32734.700000 	 1.212931 	
32734.800000 	 2.227234 	32734.800000 	 1.212836 	
32734.900000 	 2.241241 	32734.900000 	 1.208148 	
32735.000000 	 2.254395 	32735.000000 	 1.210812 	
32735.100000 	 2.260620 	32735.100000 	 1.211898 	
32735.200000 	 2.257477 	32735.200000 	 1.206124 	
32735.300000 	 2.284485 	32735.300000 	 1.204228 	
32735.400000 	 2.284973 	32735.400000 	 1.205560 	
32735.500000 	 2.295258 	32735.500000 	 1.202779 	
32735.600000 	 2.300049 	32735.600000 	 1.204015 	
32735.700000 	 2.314362 	32735.700000 	 1.201054 	
32735.800000 	 2.319031 	32735.800000 	 1.202566 	
32735.900000 	 2.323730 	32735.900000 	 1.201512 	
32736.000000 	 2.334167 	32736.000000 	 1.201171 	
32736.100000 	 2.338348 	32736.100000 	 1.199115 	
32736.200000 	 2.352112 	32736.200000 	 1.199818 	
32736.300000 	 2.355438 	32736.300000 	 1.198859 	
32736.400000 	 2.368866 	32736.400000 	 1.195621 	
32736.500000 	 2.367187 	32736.500000 	 1.194470 	
32736.600000 	 2.383575 	32736.600000 	 1.192926 	
32736.700000 	 2.386200 	32736.700000 	 1.191520 	
32736.800000 	 2.406250 	32736.800000 	 1.190263 	
32736.900000 	 2.422424 	32736.900000 	 1.188910 	
32737.000000 	 2.417847 	32737.000000 	 1.189932 	
32737.100000 	 2.438171 	32737.100000 	 1.187962 	
32737.200000 	 2.449890 	32737.200000 	 1.188430 	
32737.300000 	 2.462158 	32737.300000 	 1.185011 	
32737.400000 	 2.463379 	32737.400000 	 1.183764 	
32737.500000 	 2.475922 	32737.500000 	 1.177373 	
32737.600000 	 2.481049 	32737.600000 	 1.179290 	
32737.700000 	 2.504639 	32737.700000 	 1.178896 	
32737.800000 	 2.506836 	32737.800000 	 1.176233 	
32737.900000 	 2.523560 	32737.900000 	 1.177554 	
32738.000000 	 2.533997 	32738.000000 	 1.171780 	
32738.100000 	 2.546661 	32738.100000 	 1.173272 	
32738.200000 	 2.551514 	32738.200000 	 1.172121 	
32738.300000 	 2.565979 	32738.300000 	 1.168403 	
32738.400000 	 2.575989 	32738.400000 	 1.169724 	
32738.500000 	 2.582306 	32738.500000 	 1.167924 	
32738.600000 	 2.599701 	32738.600000 	 1.166571 	
32738.700000 	 2.617371 	32738.700000 	 1.164398 	
32738.800000 	 2.638245 	32738.800000 	 1.163951 	
32738.900000 	 2.638641 	32738.900000 	 1.162683 	
32739.000000 	 2.652771 	32739.000000 	 1.157495 	
32739.100000 	 2.671967 	32739.100000 	 1.154715 	
32739.200000 	 2.674713 	32739.200000 	 1.157825 	
32739.300000 	 2.690582 	32739.300000 	 1.157389 	
32739.400000 	 2.707489 	32739.400000 	 1.155471 	
32739.500000 	 2.710785 	32739.500000 	 1.148707 	
32739.600000 	 2.738617 	32739.600000 	 1.148376 	
32739.700000 	 2.759979 	32739.700000 	 1.146608 	
32739.800000 	 2.770966 	32739.800000 	 1.144232 	
32739.900000 	 2.781158 	32739.900000 	 1.141559 	
32740.000000 	 2.803436 	32740.000000 	 1.138118 	
32740.100000 	 2.809814 	32740.100000 	 1.140302 	
32740.200000 	 2.832916 	32740.200000 	 1.137596 	
32740.300000 	 2.847900 	32740.300000 	 1.132515 	
32740.400000 	 2.856262 	32740.400000 	 1.134219 	
32740.500000 	 2.881927 	32740.500000 	 1.126890 	
32740.600000 	 2.888885 	32740.600000 	 1.126112 	
32740.700000 	 2.908905 	32740.700000 	 1.125665 	
32740.800000 	 2.925995 	32740.800000 	 1.122064 	
32740.900000 	 2.938965 	32740.900000 	 1.120285 	
32741.000000 	 2.961151 	32741.000000 	 1.120509 	
32741.100000 	 2.979248 	32741.100000 	 1.117281 	
32741.200000 	 3.000427 	32741.200000 	 1.116120 	
32741.300000 	 3.021484 	32741.300000 	 1.108898 	
32741.400000 	 3.034210 	32741.400000 	 1.107076 	
32741.500000 	 3.063171 	32741.500000 	 1.106309 	
32741.600000 	 3.062927 	32741.600000 	 1.100471 	
32741.700000 	 3.090271 	32741.700000 	 1.099619 	
32741.800000 	 3.117859 	32741.800000 	 1.096136 	
32741.900000 	 3.141998 	32741.900000 	 1.093782 	
32742.000000 	 3.146088 	32742.000000 	 1.090671 	
32742.100000 	 3.175049 	32742.100000 	 1.085153 	
32742.200000 	 3.193115 	32742.200000 	 1.082575 	
32742.300000 	 3.230194 	32742.300000 	 1.081851 	
32742.400000 	 3.243683 	32742.400000 	 1.081904 	
32742.500000 	 3.272278 	32742.500000 	 1.075480 	
32742.600000 	 3.297180 	32742.600000 	 1.071656 	
32742.700000 	 3.318848 	32742.700000 	 1.065552 	
32742.800000 	 3.330444 	32742.800000 	 1.064082 	
32742.900000 	 3.363373 	32742.900000 	 1.061856 	
32743.000000 	 3.389038 	32743.000000 	 1.057062 	
32743.100000 	 3.424988 	32743.100000 	 1.052780 	
32743.200000 	 3.434174 	32743.200000 	 1.050713 	
32743.300000 	 3.474731 	32743.300000 	 1.046356 	
32743.400000 	 3.497528 	32743.400000 	 1.042468 	
32743.500000 	 3.520325 	32743.500000 	 1.035384 	
32743.600000 	 3.548096 	32743.600000 	 1.034201 	
32743.700000 	 3.584473 	32743.700000 	 1.028950 	
32743.800000 	 3.609772 	32743.800000 	 1.024742 	
32743.900000 	 3.648682 	32743.900000 	 1.019799 	
32744.000000 	 3.675110 	32744.000000 	 1.014707 	
32744.100000 	 3.712708 	32744.100000 	 1.008997 	
32744.200000 	 3.739166 	32744.200000 	 1.003916 	
32744.300000 	 3.771240 	32744.300000 	 1.001775 	
32744.400000 	 3.800018 	32744.400000 	 0.995788 	
32744.500000 	 3.831757 	32744.500000 	 0.990185 	
32744.600000 	 3.878754 	32744.600000 	 0.985945 	
32744.700000 	 3.914520 	32744.700000 	 0.978903 	
32744.800000 	 3.948517 	32744.800000 	 0.971692 	
32744.900000 	 3.983612 	32744.900000 	 0.967537 	
32745.000000 	 4.023224 	32745.000000 	 0.960869 	
32745.100000 	 4.063721 	32745.100000 	 0.956330 	
32745.200000 	 4.115936 	32745.200000 	 0.950738 	
32745.300000 	 4.149750 	32745.300000 	 0.942013 	
32745.400000 	 4.182709 	32745.400000 	 0.935600 	
32745.500000 	 4.230530 	32745.500000 	 0.927760 	
32745.600000 	 4.268402 	32745.600000 	 0.920293 	
32745.700000 	 4.310486 	32745.700000 	 0.913273 	
32745.800000 	 4.358307 	32745.800000 	 0.905102 	
32745.900000 	 4.409332 	32745.900000 	 0.899413 	
32746.000000 	 4.460358 	32746.000000 	 0.890636 	
32746.100000 	 4.507599 	32746.100000 	 0.880867 	
32746.200000 	 4.567780 	32746.200000 	 0.874806 	
32746.300000 	 4.604034 	32746.300000 	 0.866262 	
32746.400000 	 4.653412 	32746.400000 	 0.855098 	
32746.500000 	 4.709930 	32746.500000 	 0.845618 	
32746.600000 	 4.768860 	32746.600000 	 0.836286 	
32746.700000 	 4.826721 	32746.700000 	 0.827710 	
32746.800000 	 4.877655 	32746.800000 	 0.815343 	
32746.900000 	 4.948273 	32746.900000 	 0.804232 	
32747.000000 	 4.999695 	32747.000000 	 0.794730 	
32747.100000 	 5.048950 	32747.100000 	 0.783555 	
32747.200000 	 5.121002 	32747.200000 	 0.770953 	
32747.300000 	 5.183594 	32747.300000 	 0.758649 	
32747.400000 	 5.249084 	32747.400000 	 0.747176 	
32747.500000 	 5.305664 	32747.500000 	 0.734766 	
32747.600000 	 5.372070 	32747.600000 	 0.722185 	
32747.700000 	 5.449982 	32747.700000 	 0.709605 	
32747.800000 	 5.520294 	32747.800000 	 0.695479 	
32747.900000 	 5.583374 	32747.900000 	 0.681087 	
32748.000000 	 5.650848 	32748.000000 	 0.665684 	
32748.100000 	 5.723846 	32748.100000 	 0.649566 	
32748.200000 	 5.790863 	32748.200000 	 0.634280 	
32748.300000 	 5.870453 	32748.300000 	 0.617012 	
32748.400000 	 5.947693 	32748.400000 	 0.600074 	
32748.500000 	 6.012543 	32748.500000 	 0.582646 	
32748.600000 	 6.082458 	32748.600000 	 0.565133 	
32748.700000 	 6.166870 	32748.700000 	 0.542720 	
32748.800000 	 6.230042 	32748.800000 	 0.524771 	
32748.900000 	 6.304138 	32748.900000 	 0.506885 	
32749.000000 	 6.377960 	32749.000000 	 0.483758 	
32749.100000 	 6.455383 	32749.100000 	 0.461952 	
32749.200000 	 6.519165 	32749.200000 	 0.440167 	
32749.300000 	 6.590240 	32749.300000 	 0.417594 	
32749.400000 	 6.664459 	32749.400000 	 0.393072 	
32749.500000 	 6.738068 	32749.500000 	 0.368997 	
32749.600000 	 6.782745 	32749.600000 	 0.342930 	
32749.700000 	 6.851196 	32749.700000 	 0.317427 	
32749.800000 	 6.913483 	32749.800000 	 0.290029 	
32749.900000 	 6.966400 	32749.900000 	 0.262705 	
32750.000000 	 7.011536 	32750.000000 	 0.238076 	
32750.100000 	 7.052063 	32750.100000 	 0.208984 	
32750.200000 	 7.101501 	32750.200000 	 0.180296 	
32750.300000 	 7.128815 	32750.300000 	 0.150202 	
32750.400000 	 7.157867 	32750.400000 	 0.122090 	
32750.500000 	 7.179169 	32750.500000 	 0.092966 	
32750.600000 	 7.196259 	32750.600000 	 0.061689 	
32750.700000 	 7.205322 	32750.700000 	 0.029636 	
32750.800000 	 7.203125 	32750.800000 	 0.001129 	
32750.900000 	 7.200073 	32750.900000 	 -0.029518 	
32751.000000 	 7.174347 	32751.000000 	 -0.063170 	
32751.100000 	 7.160492 	32751.100000 	 -0.091602 	
32751.200000 	 7.149414 	32751.200000 	 -0.123762 	
32751.300000 	 7.103516 	32751.300000 	 -0.156477 	
32751.400000 	 7.057190 	32751.400000 	 -0.188328 	
32751.500000 	 7.000946 	32751.500000 	 -0.218251 	
32751.600000 	 6.959930 	32751.600000 	 -0.249645 	
32751.700000 	 6.897430 	32751.700000 	 -0.280900 	
32751.800000 	 6.835571 	32751.800000 	 -0.312122 	
32751.900000 	 6.747040 	32751.900000 	 -0.340853 	
32752.000000 	 6.664398 	32752.000000 	 -0.371703 	
32752.100000 	 6.589661 	32752.100000 	 -0.402073 	
32752.200000 	 6.495636 	32752.200000 	 -0.431986 	
32752.300000 	 6.410187 	32752.300000 	 -0.458756 	
32752.400000 	 6.304657 	32752.400000 	 -0.487540 	
32752.500000 	 6.213257 	32752.500000 	 -0.514896 	
32752.600000 	 6.106934 	32752.600000 	 -0.544233 	
32752.700000 	 6.002197 	32752.700000 	 -0.567008 	
32752.800000 	 5.894104 	32752.800000 	 -0.593597 	
32752.900000 	 5.788788 	32752.900000 	 -0.618301 	
32753.000000 	 5.671448 	32753.000000 	 -0.641321 	
32753.100000 	 5.569702 	32753.100000 	 -0.663585 	
32753.200000 	 5.454620 	32753.200000 	 -0.687958 	
32753.300000 	 5.363495 	32753.300000 	 -0.709061 	
32753.400000 	 5.256256 	32753.400000 	 -0.732593 	
32753.500000 	 5.146088 	32753.500000 	 -0.748157 	
32753.600000 	 5.037598 	32753.600000 	 -0.767214 	
32753.700000 	 4.941223 	32753.700000 	 -0.784141 	
32753.800000 	 4.845551 	32753.800000 	 -0.805074 	
32753.900000 	 4.748901 	32753.900000 	 -0.820488 	
32754.000000 	 4.643768 	32754.000000 	 -0.840451 	
32754.100000 	 4.560089 	32754.100000 	 -0.854150 	
32754.200000 	 4.462646 	32754.200000 	 -0.869203 	
32754.300000 	 4.371979 	32754.300000 	 -0.886034 	
32754.400000 	 4.286926 	32754.400000 	 -0.901459 	
32754.500000 	 4.182495 	32754.500000 	 -0.916287 	
32754.600000 	 4.114563 	32754.600000 	 -0.927419 	
32754.700000 	 4.021698 	32754.700000 	 -0.942429 	
32754.800000 	 3.934998 	32754.800000 	 -0.957747 	
32754.900000 	 3.852600 	32754.900000 	 -0.972672 	
32755.000000 	 3.770447 	32755.000000 	 -0.982877 	
32755.100000 	 3.699829 	32755.100000 	 -0.994009 	
32755.200000 	 3.617157 	32755.200000 	 -1.006323 	
32755.300000 	 3.546783 	32755.300000 	 -1.018734 	
32755.400000 	 3.475006 	32755.400000 	 -1.031208 	
32755.500000 	 3.401611 	32755.500000 	 -1.038281 	
32755.600000 	 3.330780 	32755.600000 	 -1.049296 	
32755.700000 	 3.271271 	32755.700000 	 -1.060556 	
32755.800000 	 3.200287 	32755.800000 	 -1.070623 	
32755.900000 	 3.139832 	32755.900000 	 -1.077707 	
32756.000000 	 3.076355 	32756.000000 	 -1.086953 	
32756.100000 	 3.022614 	32756.100000 	 -1.092802 	
32756.200000 	 2.953766 	32756.200000 	 -1.102911 	
32756.300000 	 2.901062 	32756.300000 	 -1.110336 	
32756.400000 	 2.847626 	32756.400000 	 -1.114991 	
32756.500000 	 2.788239 	32756.500000 	 -1.119699 	
32756.600000 	 2.732025 	32756.600000 	 -1.132973 	
32756.700000 	 2.678864 	32756.700000 	 -1.140589 	
32756.800000 	 2.630432 	32756.800000 	 -1.144488 	
32756.900000 	 2.589874 	32756.900000 	 -1.144936 	
32757.000000 	 2.539307 	32757.000000 	 -1.151796 	
32757.100000 	 2.492126 	32757.100000 	 -1.158134 	
32757.200000 	 2.439728 	32757.200000 	 -1.169128 	
32757.300000 	 2.408905 	32757.300000 	 -1.170758 	
32757.400000 	 2.353394 	32757.400000 	 -1.177927 	
32757.500000 	 2.321289 	32757.500000 	 -1.182475 	
32757.600000 	 2.272125 	32757.600000 	 -1.191104 	
32757.700000 	 2.233185 	32757.700000 	 -1.192702 	
32757.800000 	 2.182617 	32757.800000 	 -1.199381 	
32757.900000 	 2.150757 	32757.900000 	 -1.202204 	
32758.000000 	 2.105621 	32758.000000 	 -1.206423 	
32758.100000 	 2.078705 	32758.100000 	 -1.214018 	
32758.200000 	 2.040192 	32758.200000 	 -1.217821 	
32758.300000 	 1.995880 	32758.300000 	 -1.224585 	
32758.400000 	 1.966400 	32758.400000 	 -1.226780 	
32758.500000 	 1.928741 	32758.500000 	 -1.231307 	
32758.600000 	 1.896576 	32758.600000 	 -1.236665 	
32758.700000 	 1.865570 	32758.700000 	 -1.241204 	
32758.800000 	 1.830414 	32758.800000 	 -1.247638 	
32758.900000 	 1.796143 	32758.900000 	 -1.246242 	
32759.000000 	 1.766998 	32759.000000 	 -1.245955 	
32759.100000 	 1.736450 	32759.100000 	 -1.250546 	
32759.200000 	 1.712311 	32759.200000 	 -1.255318 	
32759.300000 	 1.680450 	32759.300000 	 -1.254040 	
32759.400000 	 1.659729 	32759.400000 	 -1.257726 	
32759.500000 	 1.625702 	32759.500000 	 -1.258312 	
32759.600000 	 1.596497 	32759.600000 	 -1.261731 	
32759.700000 	 1.570984 	32759.700000 	 -1.263468 	
32759.800000 	 1.550598 	32759.800000 	 -1.273396 	
32759.900000 	 1.521790 	32759.900000 	 -1.269007 	
32760.000000 	 1.497589 	32760.000000 	 -1.266663 	
32760.100000 	 1.475525 	32760.100000 	 -1.268176 	
32760.200000 	 1.453186 	32760.200000 	 -1.267271 	
32760.300000 	 1.424683 	32760.300000 	 -1.274227 	
32760.400000 	 1.398315 	32760.400000 	 -1.278339 	
32760.500000 	 1.377289 	32760.500000 	 -1.275793 	
32760.600000 	 1.351807 	32760.600000 	 -1.278882 	
32760.700000 	 1.321442 	32760.700000 	 -1.292879 	
32760.800000 	 1.308319 	32760.800000 	 -1.286626 	
32760.900000 	 1.285522 	32760.900000 	 -1.287819 	
32761.000000 	 1.268158 	32761.000000 	 -1.293593 	
32761.100000 	 1.250610 	32761.100000 	 -1.290515 	
32761.200000 	 1.226196 	32761.200000 	 -1.294712 	
32761.300000 	 1.208618 	32761.300000 	 -1.294616 	
32761.400000 	 1.187592 	32761.400000 	 -1.302680 	
32761.500000 	 1.170593 	32761.500000 	 -1.292091 	
32761.600000 	 1.155609 	32761.600000 	 -1.296161 	
32761.700000 	 1.140198 	32761.700000 	 -1.295990 	
32761.800000 	 1.115509 	32761.800000 	 -1.298419 	
32761.900000 	 1.100220 	32761.900000 	 -1.296959 	
32762.000000 	 1.080872 	32762.000000 	 -1.298802 	
32762.100000 	 1.065460 	32762.100000 	 -1.289939 	
32762.200000 	 1.043762 	32762.200000 	 -1.296235 	
32762.300000 	 1.029114 	32762.300000 	 -1.303202 	
32762.400000 	 1.015717 	32762.400000 	 -1.292421 	
32762.500000 	 0.998535 	32762.500000 	 -1.301466 	
32762.600000 	 0.984161 	32762.600000 	 -1.295596 	
32762.700000 	 0.963989 	32762.700000 	 -1.293977 	
32762.800000 	 0.950775 	32762.800000 	 -1.296150 	
32762.900000 	 0.930420 	32762.900000 	 -1.301189 	
32763.000000 	 0.922943 	32763.000000 	 -1.296991 	
32763.100000 	 0.909302 	32763.100000 	 -1.303479 	
32763.200000 	 0.890411 	32763.200000 	 -1.302904 	
32763.300000 	 0.876068 	32763.300000 	 -1.303106 	
32763.400000 	 0.862549 	32763.400000 	 -1.294861 	
32763.500000 	 0.850464 	32763.500000 	 -1.297599 	
32763.600000 	 0.845276 	32763.600000 	 -1.304587 	
32763.700000 	 0.821594 	32763.700000 	 -1.300805 	
32763.800000 	 0.806580 	32763.800000 	 -1.294019 	
32763.900000 	 0.804901 	32763.900000 	 -1.290973 	
32764.000000 	 0.793152 	32764.000000 	 -1.297173 	
32764.100000 	 0.775299 	32764.100000 	 -1.298451 	
32764.200000 	 0.761658 	32764.200000 	 -1.293551 	
32764.300000 	 0.745361 	32764.300000 	 -1.296864 	
32764.400000 	 0.738495 	32764.400000 	 -1.293700 	
32764.500000 	 0.723114 	32764.500000 	 -1.284794 	
32764.600000 	 0.712250 	32764.600000 	 -1.289641 	
32764.700000 	 0.701508 	32764.700000 	 -1.293700 	
32764.800000 	 0.694427 	32764.800000 	 -1.290930 	
32764.900000 	 0.682983 	32764.900000 	 -1.292049 	
32765.000000 	 0.674438 	32765.000000 	 -1.289407 	
32765.100000 	 0.661652 	32765.100000 	 -1.278701 	
32765.200000 	 0.648621 	32765.200000 	 -1.277316 	
32765.300000 	 0.630249 	32765.300000 	 -1.278669 	
32765.400000 	 0.629211 	32765.400000 	 -1.280096 	
32765.500000 	 0.617462 	32765.500000 	 -1.275984 	
32765.600000 	 0.601166 	32765.600000 	 -1.275100 	
32765.700000 	 0.594513 	32765.700000 	 -1.269731 	
32765.800000 	 0.585236 	32765.800000 	 -1.269540 	
32765.900000 	 0.583832 	32765.900000 	 -1.267920 	
32766.000000 	 0.569366 	32766.000000 	 -1.266621 	
32766.100000 	 0.562042 	32766.100000 	 -1.271404 	
32766.200000 	 0.548706 	32766.200000 	 -1.265758 	
32766.300000 	 0.544403 	32766.300000 	 -1.260911 	
32766.400000 	 0.534515 	32766.400000 	 -1.252900 	
32766.500000 	 0.520325 	32766.500000 	 -1.246264 	
32766.600000 	 0.511841 	32766.600000 	 -1.260442 	
32766.700000 	 0.508972 	32766.700000 	 -1.242216 	
32766.800000 	 0.489777 	32766.800000 	 -1.220772 	
32766.900000 	 0.482941 	32766.900000 	 -1.228314 	
32767.000000 	 0.480133 	32767.000000 	 -1.237358 	
32767.100000 	 0.471039 	32767.100000 	 -1.227046 	
32767.200000 	 0.463654 	32767.200000 	 -1.224330 	
32767.300000 	 0.462158 	32767.300000 	 -1.218034 	
32767.400000 	 0.448151 	32767.400000 	 -1.221336 	
32767.500000 	 0.437469 	32767.500000 	 -1.226439 	
32767.600000 	 0.431000 	32767.600000 	 -1.203834 	
32767.700000 	 0.427216 	32767.700000 	 -1.215765 	
32767.800000 	 0.413391 	32767.800000 	 -1.197975 	
32767.900000 	 0.404449 	32767.900000 	 -1.202641 	
32768.000000 	 0.408600 	32768.000000 	 -1.190710 	
32768.100000 	 0.391022 	32768.100000 	 -1.185458 	
32768.200000 	 0.387421 	32768.200000 	 -1.195355 	
32768.300000 	 0.381470 	32768.300000 	 -1.174912 	
32768.400000 	 0.375977 	32768.400000 	 -1.170971 	
32768.500000 	 0.371216 	32768.500000 	 -1.170811 	
32768.600000 	 0.359833 	32768.600000 	 -1.172228 	
32768.700000 	 0.351593 	32768.700000 	 -1.167434 	
32768.800000 	 0.349640 	32768.800000 	 -1.168510 	
32768.900000 	 0.340118 	32768.900000 	 -1.136595 	
32769.000000 	 0.331696 	32769.000000 	 -1.124014 	
32769.100000 	 0.331055 	32769.100000 	 -1.110687 	
32769.200000 	 0.317810 	32769.200000 	 -1.130618 	
32769.300000 	 0.311523 	32769.300000 	 -1.140962 	
32769.400000 	 0.308105 	32769.400000 	 -1.125899 	
32769.500000 	 0.306854 	32769.500000 	 -1.102304 	
32769.600000 	 0.293365 	32769.600000 	 -1.097563 	
32769.700000 	 0.295624 	32769.700000 	 -1.084706 	
32769.800000 	 0.288330 	32769.800000 	 -1.084940 	
32769.900000 	 0.273254 	32769.900000 	 -1.070900 	
32770.000000 	 0.267639 	32770.000000 	 -1.052055 	
32770.100000 	 0.274994 	32770.100000 	 -1.051416 	
32770.200000 	 0.265594 	32770.200000 	 -1.037205 	
32770.300000 	 0.260406 	32770.300000 	 -1.039283 	
32770.400000 	 0.256226 	32770.400000 	 -1.029514 	
32770.500000 	 0.250122 	32770.500000 	 -1.004161 	
32770.600000 	 0.242615 	32770.600000 	 -0.992901 	
32770.700000 	 0.238434 	32770.700000 	 -0.962797 	
32770.800000 	 0.235901 	32770.800000 	 -0.952815 	
32770.900000 	 0.222656 	32770.900000 	 -0.967164 	
32771.000000 	 0.222321 	32771.000000 	 -0.953934 	
32771.100000 	 0.228516 	32771.100000 	 -0.957311 	
32771.200000 	 0.217285 	32771.200000 	 -0.918897 	
32771.300000 	 0.217804 	32771.300000 	 -0.888079 	
32771.400000 	 0.209595 	32771.400000 	 -0.867743 	
32771.500000 	 0.206879 	32771.500000 	 -0.885458 	
32771.600000 	 0.197876 	32771.600000 	 -0.856249 	
32771.700000 	 0.193634 	32771.700000 	 -0.848717 	
32773.700000 	 0.137329 	32773.700000 	 -0.376891 	
32775.700000 	 0.126617 	32775.700000 	 0.190128 	
32777.700000 	 0.151520 	32777.700000 	 0.615542 	
32779.700000 	 0.192383 	32779.700000 	 0.843487 	
32781.700000 	 0.237976 	32781.700000 	 0.986328 	
32783.700000 	 0.272552 	32783.700000 	 1.069494 	
32785.700000 	 0.303314 	32785.700000 	 1.129681 	
32787.700000 	 0.340027 	32787.700000 	 1.164153 	
32789.700000 	 0.366577 	32789.700000 	 1.193810 	
32791.700000 	 0.396149 	32791.700000 	 1.211227 	
32793.700000 	 0.424835 	32793.700000 	 1.223073 	
32795.700000 	 0.440460 	32795.700000 	 1.218854 	
32797.700000 	 0.463806 	32797.700000 	 1.251334 	
32799.700000 	 0.478119 	32799.700000 	 1.252794 	
32801.700000 	 0.501465 	32801.700000 	 1.261262 	
32803.700000 	 0.516632 	32803.700000 	 1.271617 	
32805.700000 	 0.534790 	32805.700000 	 1.272054 	
32807.700000 	 0.546265 	32807.700000 	 1.273502 	
32809.700000 	 0.558899 	32809.700000 	 1.285327 	
32811.700000 	 0.570831 	32811.700000 	 1.279287 	
32813.700000 	 0.587463 	32813.700000 	 1.279148 	
32815.700000 	 0.591431 	32815.700000 	 1.290163 	
32817.700000 	 0.608307 	32817.700000 	 1.289801 	
32819.700000 	 0.612183 	32819.700000 	 1.289183 	
32821.700000 	 0.620636 	32821.700000 	 1.298930 	
32823.700000 	 0.631714 	32823.700000 	 1.291377 	
32825.700000 	 0.640015 	32825.700000 	 1.294477 	
32827.700000 	 0.644501 	32827.700000 	 1.293156 	
32829.700000 	 0.653198 	32829.700000 	 1.305130 	
32831.700000 	 0.662811 	32831.700000 	 1.303937 	
32833.700000 	 0.671326 	32833.700000 	 1.305396 	
32835.700000 	 0.678650 	32835.700000 	 1.299346 	
32837.700000 	 0.679382 	32837.700000 	 1.299910 	
32839.700000 	 0.683075 	32839.700000 	 1.302808 	
32841.700000 	 0.689911 	32841.700000 	 1.301977 	
32843.700000 	 0.695251 	32843.700000 	 1.301061 	
32845.700000 	 0.703613 	32845.700000 	 1.302115 	
32847.700000 	 0.709106 	32847.700000 	 1.294126 	
32849.700000 	 0.705078 	32849.700000 	 1.310265 	
32851.700000 	 0.715668 	32851.700000 	 1.313066 	
32853.700000 	 0.717407 	32853.700000 	 1.306877 	
32855.700000 	 0.721130 	32855.700000 	 1.309061 	
32857.700000 	 0.722015 	32857.700000 	 1.306142 	
32859.700000 	 0.733582 	32859.700000 	 1.298706 	
32861.700000 	 0.726257 	32861.700000 	 1.301359 	
32863.700000 	 0.741455 	32863.700000 	 1.304001 	
32865.700000 	 0.746552 	32865.700000 	 1.303458 	
32867.700000 	 0.743134 	32867.700000 	 1.310552 	
32869.700000 	 0.751556 	32869.700000 	 1.303021 	
32871.700000 	 0.752136 	32871.700000 	 1.309998 	
32873.700000 	 0.755127 	32873.700000 	 1.298600 	
32875.700000 	 0.758759 	32875.700000 	 1.306344 	
32877.700000 	 0.761719 	32877.700000 	 1.308432 	
32879.700000 	 0.767517 	32879.700000 	 1.311149 	
32881.700000 	 0.765167 	32881.700000 	 1.308187 	
32883.700000 	 0.767731 	32883.700000 	 1.314622 	
32885.700000 	 0.771179 	32885.700000 	 1.306089 	
32887.700000 	 0.772552 	32887.700000 	 1.302978 	
32889.700000 	 0.781952 	32889.700000 	 1.313684 	
32891.700000 	 0.778320 	32891.700000 	 1.313151 	
32893.700000 	 0.781647 	32893.700000 	 1.309775 	
32895.700000 	 0.783264 	32895.700000 	 1.318329 	
32897.700000 	 0.786407 	32897.700000 	 1.311351 	
32899.700000 	 0.787170 	32899.700000 	 1.316102 	
32901.700000 	 0.786285 	32901.700000 	 1.308550 	
32903.700000 	 0.793030 	32903.700000 	 1.316049 	
32905.700000 	 0.790710 	32905.700000 	 1.311319 	
32907.700000 	 0.794800 	32907.700000 	 1.310723 	
32909.700000 	 0.796753 	32909.700000 	 1.312629 	
32911.700000 	 0.803619 	32911.700000 	 1.314398 	
32913.700000 	 0.802277 	32913.700000 	 1.316795 	
32915.700000 	 0.804230 	32915.700000 	 1.315154 	
32917.700000 	 0.801575 	32917.700000 	 1.312267 	
32919.700000 	 0.801086 	32919.700000 	 1.309711 	
32921.700000 	 0.800751 	32921.700000 	 1.306344 	
32923.700000 	 0.808044 	32923.700000 	 1.319745 	
32925.700000 	 0.806824 	32925.700000 	 1.302840 	
32927.700000 	 0.812714 	32927.700000 	 1.309082 	
32929.700000 	 0.808380 	32929.700000 	 1.314930 	
32931.700000 	 0.817139 	32931.700000 	 1.308848 	
32933.700000 	 0.820343 	32933.700000 	 1.312693 	
32935.700000 	 0.813385 	32935.700000 	 1.321471 	
32937.700000 	 0.817474 	32937.700000 	 1.316432 	
32939.700000 	 0.819458 	32939.700000 	 1.312619 	
32941.700000 	 0.824158 	32941.700000 	 1.307527 	
32943.700000 	 0.818115 	32943.700000 	 1.308976 	
32945.700000 	 0.827362 	32945.700000 	 1.314249 	
32947.700000 	 0.823517 	32947.700000 	 1.311511 	
32949.700000 	 0.827057 	32949.700000 	 1.314792 	
32951.700000 	 0.830872 	32951.700000 	 1.315772 	
32953.700000 	 0.826752 	32953.700000 	 1.317466 	
32955.700000 	 0.830322 	32955.700000 	 1.312225 	
32957.700000 	 0.829956 	32957.700000 	 1.310691 	
32959.700000 	 0.829254 	32959.700000 	 1.320491 	
32961.700000 	 0.834137 	32961.700000 	 1.309295 	
32963.700000 	 0.835175 	32963.700000 	 1.313120 	
32965.700000 	 0.833008 	32965.700000 	 1.313652 	
32967.700000 	 0.836792 	32967.700000 	 1.317924 	
32969.700000 	 0.840271 	32969.700000 	 1.311681 	
32971.700000 	 0.838074 	32971.700000 	 1.315751 	
32973.700000 	 0.835114 	32973.700000 	 1.312768 	
32975.700000 	 0.842041 	32975.700000 	 1.316262 	
32977.700000 	 0.838989 	32977.700000 	 1.315474 	
32979.700000 	 0.835785 	32979.700000 	 1.308145 	
32981.700000 	 0.846924 	32981.700000 	 1.308358 	
32983.700000 	 0.850403 	32983.700000 	 1.317594 	
32985.700000 	 0.849335 	32985.700000 	 1.321173 	
32987.700000 	 0.844757 	32987.700000 	 1.314259 	
32989.700000 	 0.847321 	32989.700000 	 1.304565 	
32991.700000 	 0.844086 	32991.700000 	 1.313247 	
32993.700000 	 0.845154 	32993.700000 	 1.314046 	
32995.700000 	 0.846191 	32995.700000 	 1.302222 	
32997.700000 	 0.846527 	32997.700000 	 1.314930 	
32999.700000 	 0.849884 	32999.700000 	 1.309114 	
33001.700000 	 0.849579 	33001.700000 	 1.312502 	
33003.700000 	 0.849274 	33003.700000 	 1.316092 	
33005.700000 	 0.857544 	33005.700000 	 1.309860 	
33007.700000 	 0.855133 	33007.700000 	 1.307612 	
33009.700000 	 0.852448 	33009.700000 	 1.311394 	
33011.700000 	 0.863739 	33011.700000 	 1.315847 	
33013.700000 	 0.847809 	33013.700000 	 1.312693 	
33015.700000 	 0.854492 	33015.700000 	 1.307740 	
33017.700000 	 0.854767 	33017.700000 	 1.310190 	
33019.700000 	 0.863983 	33019.700000 	 1.320172 	
33021.700000 	 0.853516 	33021.700000 	 1.301402 	
33023.700000 	 0.858490 	33023.700000 	 1.323857 	
33025.700000 	 0.857208 	33025.700000 	 1.309572 	
33027.700000 	 0.853363 	33027.700000 	 1.317998 	
33029.700000 	 0.856995 	33029.700000 	 1.307729 	
33031.700000 	 0.855988 	33031.700000 	 1.312843 	
33033.700000 	 0.864868 	33033.700000 	 1.309157 	
33035.700000 	 0.855194 	33035.700000 	 1.316582 	
33037.700000 	 0.859222 	33037.700000 	 1.311532 	
33039.700000 	 0.869873 	33039.700000 	 1.308486 	
33041.700000 	 0.863495 	33041.700000 	 1.314440 	
33043.700000 	 0.862762 	33043.700000 	 1.322153 	
33045.700000 	 0.864807 	33045.700000 	 1.312033 	
33047.700000 	 0.862152 	33047.700000 	 1.311426 	
33049.700000 	 0.870453 	33049.700000 	 1.315282 	
33051.700000 	 0.866516 	33051.700000 	 1.317168 	
