40.008170 	 4.084473 	 0.040650 	 0.081329
39.961038 	 4.135101 	 0.007755 	 0.073303
39.914360 	 4.109039 	 0.009854 	 0.060211
39.868135 	 4.034302 	 -0.000554 	 0.043274
39.822363 	 4.232239 	 -0.009246 	 0.019226
39.776591 	 3.998077 	 -0.001971 	 0.015869
39.729460 	 4.098267 	 0.019026 	 0.039429
39.682782 	 4.217499 	 0.000618 	 0.038422
39.637010 	 4.120117 	 -0.009140 	 0.019775
39.584441 	 4.051147 	 0.020453 	 0.039917
39.544107 	 4.207611 	 0.024853 	 0.064911
39.497882 	 4.076385 	 0.019356 	 0.072235
39.452110 	 4.141510 	 0.028656 	 0.082977
39.404073 	 4.081177 	 0.016831 	 0.078766
39.357848 	 4.271332 	 0.029305 	 0.085663
39.312529 	 4.166077 	 -0.004037 	 0.058197
39.264944 	 4.085510 	 0.013369 	 0.051575
39.217360 	 4.012421 	 0.015382 	 0.057678
39.172041 	 4.158691 	 -0.012485 	 0.031921
39.127176 	 4.185669 	 0.018674 	 0.041901
39.078232 	 4.223389 	 -0.010557 	 0.027924
39.032460 	 4.210358 	 0.040587 	 0.063965
38.983969 	 4.133484 	 0.034312 	 0.094238
38.940916 	 4.108185 	 0.021263 	 0.090088
38.891519 	 4.126465 	 0.012986 	 0.075134
38.845294 	 4.106049 	 -0.024565 	 0.025513
38.803148 	 4.075500 	 -0.019494 	 -0.006042
38.755563 	 4.032104 	 0.009577 	 0.012115
38.703900 	 4.186523 	 -0.000064 	 0.022827
38.664020 	 4.104523 	 0.038254 	 0.062714
38.615982 	 4.242157 	 0.020080 	 0.077332
38.570663 	 4.127319 	 0.014860 	 0.071533
38.522173 	 4.184998 	 0.016309 	 0.068237
38.472775 	 4.100586 	 0.006072 	 0.055969
38.428816 	 4.197601 	 0.019484 	 0.060181
38.383044 	 4.206329 	 0.009438 	 0.056763
38.337273 	 4.065338 	 0.006040 	 0.048126
38.291501 	 4.042572 	 0.032533 	 0.070770
38.241650 	 4.101135 	 0.011004 	 0.069977
38.196785 	 4.055084 	 0.004751 	 0.052643
38.150107 	 4.086243 	 0.032278 	 0.071503
38.102975 	 4.174316 	 0.036336 	 0.095856
38.057204 	 4.124268 	 0.023968 	 0.095673
38.012338 	 4.155182 	 0.010450 	 0.075562
37.964754 	 4.185486 	 0.006168 	 0.057068
37.918982 	 4.036316 	 0.001097 	 0.041901
37.871851 	 4.134338 	 0.003334 	 0.035065
37.826985 	 4.110443 	 0.017811 	 0.050537
37.779401 	 4.035217 	 0.007009 	 0.049133
37.732722 	 4.268402 	 0.025854 	 0.065277
37.688763 	 4.136261 	 -0.021252 	 0.029175
37.641632 	 4.012329 	 0.009992 	 0.027222
37.594048 	 4.158386 	 -0.012943 	 0.015320
37.549635 	 4.127686 	 0.001886 	 0.016693
37.500238 	 4.176544 	 0.001907 	 0.023743
37.454919 	 4.240540 	 0.014157 	 0.038452
37.406882 	 4.005585 	 -0.005699 	 0.029633
37.361110 	 4.083710 	 0.007254 	 0.030975
37.315338 	 4.132019 	 0.001513 	 0.031036
37.268207 	 4.206604 	 -0.003899 	 0.023926
37.223795 	 4.145508 	 0.010408 	 0.032867
37.178929 	 4.092346 	 0.007766 	 0.040131
37.129532 	 4.067291 	 0.000671 	 0.034973
37.085120 	 4.143097 	 0.011196 	 0.039459
37.033456 	 3.988342 	 -0.013934 	 0.018646
36.990404 	 4.093109 	 0.018908 	 0.035278
36.940100 	 4.229523 	 0.012890 	 0.048889
36.894328 	 3.969360 	 -0.039532 	 -0.002380
36.849916 	 4.117554 	 -0.007819 	 -0.010498
36.805957 	 4.100800 	 0.006072 	 0.011627
36.761998 	 4.184174 	 -0.011334 	 0.008301
36.713054 	 4.143982 	 -0.015105 	 -0.003632
36.665923 	 4.140350 	 0.007489 	 0.013214
36.619698 	 4.306091 	 -0.003782 	 0.018127
36.573926 	 4.109955 	 0.016693 	 0.037231
36.524982 	 4.075470 	 -0.009950 	 0.025848
36.479663 	 4.093262 	 0.022871 	 0.043182
36.432079 	 4.173309 	 0.009694 	 0.051849
36.388573 	 4.129395 	 -0.000043 	 0.039398
36.340988 	 4.249207 	 0.011025 	 0.041656
36.293404 	 4.061432 	 0.004943 	 0.041809
36.243553 	 4.062592 	 0.059804 	 0.095520
36.200047 	 4.082275 	 0.033907 	 0.115387
36.154276 	 4.056793 	 0.011089 	 0.089874
36.110316 	 4.197968 	 0.045103 	 0.104645
36.063185 	 4.073669 	 0.029327 	 0.108917
36.013788 	 4.029144 	 0.013625 	 0.085907
35.968016 	 4.195190 	 0.007915 	 0.065887
35.920885 	 4.203522 	 0.018568 	 0.064148
35.875113 	 4.043152 	 0.037551 	 0.088928
35.827075 	 4.120056 	 0.024821 	 0.094574
35.783116 	 4.173218 	 -0.003665 	 0.061432
35.734625 	 4.149261 	 -0.004975 	 0.034821
35.691573 	 4.098297 	 0.014658 	 0.041138
35.642628 	 4.116272 	 0.007649 	 0.046051
35.595950 	 3.961609 	 -0.005337 	 0.030914
35.546553 	 4.159882 	 -0.017332 	 0.005981
35.503500 	 4.033173 	 0.016671 	 0.026581
35.456369 	 4.239105 	 -0.008927 	 0.022003
35.409238 	 4.192383 	 0.016906 	 0.036804
35.362560 	 4.146332 	 -0.012112 	 0.023712
35.316335 	 4.058472 	 0.065567 	 0.087402
35.273735 	 4.115387 	 0.012144 	 0.090790
35.228416 	 4.278046 	 0.016895 	 0.075409
35.179019 	 4.157318 	 0.024821 	 0.078491
35.133247 	 4.210846 	 0.013177 	 0.069824
35.088835 	 4.046417 	 0.020453 	 0.070496
35.043517 	 4.151337 	 0.010802 	 0.064270
34.995026 	 4.079468 	 0.038168 	 0.085632
34.946988 	 4.021484 	 0.022594 	 0.090302
34.900763 	 4.140594 	 -0.002599 	 0.059448
34.854538 	 4.114380 	 -0.010802 	 0.026306
34.806500 	 4.076569 	 0.033343 	 0.056183
34.762088 	 4.144409 	 0.022488 	 0.075287
34.717676 	 4.159790 	 -0.020815 	 0.033417
34.670998 	 4.059631 	 -0.007393 	 0.008850
34.623413 	 4.120361 	 0.016884 	 0.030945
34.576282 	 4.055176 	 0.023223 	 0.058075
34.531416 	 4.155609 	 -0.008000 	 0.040253
34.484285 	 4.177277 	 -0.016544 	 0.011230
34.437607 	 4.122314 	 -0.002919 	 0.007782
34.390475 	 4.240204 	 -0.009332 	 0.004944
34.342891 	 4.064331 	 -0.001864 	 0.009064
34.295760 	 4.067352 	 -0.022296 	 -0.006683
34.251347 	 4.253723 	 0.040682 	 0.042816
34.204669 	 4.206207 	 0.013177 	 0.060455
34.159804 	 4.145050 	 -0.008810 	 0.036041
34.112672 	 4.137268 	 0.003537 	 0.030823
34.064182 	 4.089447 	 0.023787 	 0.053650
34.019769 	 4.075317 	 0.014104 	 0.061920
33.973544 	 4.138763 	 0.040448 	 0.088715
33.925053 	 4.176544 	 0.016661 	 0.086761
33.880188 	 4.126556 	 0.012549 	 0.071655
33.832150 	 3.978241 	 0.004027 	 0.054901
33.786832 	 4.119324 	 -0.021667 	 0.016449
33.738794 	 4.107574 	 0.002908 	 0.015198
33.695288 	 4.037506 	 0.008820 	 0.030121
33.647250 	 4.187897 	 0.018493 	 0.048706
33.601025 	 4.063293 	 -0.014914 	 0.026550
33.557066 	 4.060425 	 -0.017044 	 -0.000885
33.508575 	 4.212891 	 0.020911 	 0.028961
33.463257 	 4.127777 	 0.004368 	 0.038757
33.417938 	 4.109009 	 0.001108 	 0.033081
33.369901 	 4.126556 	 -0.008171 	 0.019928
33.324582 	 4.095398 	 0.020783 	 0.040253
33.275185 	 4.082336 	 0.011643 	 0.051544
33.230772 	 4.119080 	 0.031841 	 0.074310
33.186360 	 4.076263 	 0.029316 	 0.089600
33.136510 	 4.109528 	 0.006179 	 0.070557
33.090738 	 4.050018 	 0.002567 	 0.049774
33.044513 	 3.961548 	 0.035399 	 0.072968
32.996928 	 4.106354 	 0.002173 	 0.062347
32.950703 	 4.190491 	 0.009513 	 0.052460
32.904478 	 4.106323 	 -0.003718 	 0.036194
32.858253 	 4.219330 	 0.012677 	 0.041290
32.810216 	 4.094635 	 0.008725 	 0.046051
32.767163 	 4.153259 	 -0.019153 	 0.016724
32.720032 	 4.144409 	 -0.014349 	 -0.001404
32.673354 	 4.096344 	 0.013710 	 0.021179
32.626222 	 4.091858 	 0.014658 	 0.043762
32.579997 	 4.149384 	 0.013731 	 0.052521
32.532413 	 4.202484 	 -0.014285 	 0.026825
32.486188 	 4.038361 	 0.005198 	 0.024689
32.440416 	 4.128479 	 -0.006200 	 0.019928
32.394644 	 4.128418 	 0.008767 	 0.028229
32.348419 	 4.117767 	 -0.003430 	 0.024994
32.301288 	 4.098083 	 -0.014946 	 0.006805
32.253703 	 4.180054 	 0.036421 	 0.047943
32.207932 	 4.049469 	 -0.003057 	 0.045898
32.162160 	 4.196625 	 0.018631 	 0.050934
32.115482 	 4.110870 	 0.022381 	 0.064453
32.071069 	 4.049408 	 0.002940 	 0.053436
32.022578 	 4.056305 	 0.007489 	 0.045685
31.974541 	 4.093414 	 0.001257 	 0.037262
31.929675 	 4.101105 	 0.008298 	 0.038788
31.882544 	 4.081543 	 0.007659 	 0.042084
31.837679 	 4.058289 	 -0.016884 	 0.017059
31.787828 	 4.248566 	 0.023521 	 0.038300
31.745229 	 4.132019 	 0.016959 	 0.056885
31.698097 	 4.069489 	 0.045892 	 0.092865
31.653685 	 4.084076 	 0.023361 	 0.097748
31.607460 	 4.159302 	 -0.006072 	 0.060455
31.558063 	 4.146179 	 0.010738 	 0.050293
31.512744 	 4.145996 	 0.036272 	 0.076965
31.466066 	 4.040741 	 -0.001087 	 0.060913
31.420747 	 4.101868 	 0.031692 	 0.073761
31.375429 	 4.063385 	 0.007308 	 0.066162
31.324672 	 4.006226 	 -0.009012 	 0.036285
31.279807 	 4.050598 	 -0.002642 	 0.022461
31.232675 	 4.123840 	 -0.003430 	 0.017731
31.187810 	 4.147217 	 -0.004261 	 0.014435
31.141585 	 4.228485 	 -0.000959 	 0.016693
31.094453 	 4.255707 	 0.024821 	 0.045654
31.046416 	 4.207245 	 0.005039 	 0.048035
31.002003 	 4.143005 	 0.000107 	 0.036224
30.953966 	 4.164398 	 0.028741 	 0.059540
30.910007 	 4.123016 	 -0.001257 	 0.049500
30.862422 	 4.291168 	 0.005912 	 0.040924
30.816197 	 4.073669 	 0.009737 	 0.043854
30.771332 	 4.097321 	 -0.004836 	 0.030762
30.724200 	 4.132324 	 0.014946 	 0.040588
30.677975 	 4.038574 	 0.005007 	 0.043213
30.632657 	 4.106354 	 -0.018663 	 0.013336
30.582806 	 4.183624 	 -0.008320 	 0.002228
30.538394 	 4.095520 	 -0.006349 	 0.004211
30.492169 	 4.012390 	 0.043250 	 0.057800
30.444131 	 4.117065 	 0.039873 	 0.098572
30.395187 	 4.242157 	 0.017502 	 0.092072
30.351682 	 4.083374 	 -0.002131 	 0.058929
30.307269 	 4.084229 	 0.002269 	 0.040588
30.259685 	 4.123657 	 0.025066 	 0.057953
30.214366 	 4.207489 	 0.011270 	 0.060699
30.165422 	 3.990692 	 0.000692 	 0.045227
30.117384 	 4.138702 	 0.017864 	 0.052643
30.075238 	 4.140259 	 0.013167 	 0.057587
30.026294 	 4.140625 	 0.000469 	 0.044678
29.982335 	 4.123810 	 -0.009800 	 0.022827
29.934750 	 4.097473 	 0.049055 	 0.071777
29.887619 	 4.183197 	 0.050653 	 0.117462
29.841847 	 4.217682 	 -0.000170 	 0.086609
29.795622 	 4.061249 	 -0.005081 	 0.045502
29.749397 	 4.141174 	 -0.010290 	 0.020172
29.700906 	 4.006531 	 -0.016544 	 -0.000458
29.654228 	 4.076660 	 0.041535 	 0.049438
29.607097 	 4.037323 	 0.007233 	 0.059692
29.561325 	 4.181335 	 -0.017875 	 0.023743
29.516460 	 4.055756 	 0.017183 	 0.034210
29.470688 	 4.220490 	 -0.008448 	 0.025513
29.422197 	 4.066742 	 -0.027186 	 -0.007477
29.377785 	 4.114197 	 0.020240 	 0.020447
29.329294 	 4.183655 	 0.007286 	 0.039368
29.283975 	 4.077057 	 0.009598 	 0.041382
29.236844 	 4.067322 	 0.013476 	 0.049713
29.191525 	 4.178680 	 0.024395 	 0.066406
29.145300 	 4.074097 	 -0.003036 	 0.048737
29.098169 	 4.169647 	 0.004772 	 0.038269
29.050131 	 4.103516 	 0.003313 	 0.035828
29.003906 	 4.049622 	 0.004804 	 0.035400
28.960854 	 3.943085 	 0.004218 	 0.035522
28.911456 	 4.071198 	 0.037977 	 0.069763
28.867950 	 4.085266 	 0.001630 	 0.061188
28.819460 	 4.164673 	 0.008501 	 0.050140
28.773688 	 4.195312 	 -0.022136 	 0.015594
28.727916 	 4.054413 	 0.006328 	 0.018158
28.680785 	 4.041656 	 -0.029039 	 -0.005981
28.635013 	 4.022461 	 -0.030062 	 -0.032959
28.587428 	 4.138397 	 -0.012325 	 -0.027039
28.540297 	 4.180511 	 0.012144 	 0.008514
28.495432 	 4.102386 	 0.025992 	 0.047485
28.446487 	 4.110504 	 -0.001619 	 0.042145
28.403435 	 4.110809 	 0.018962 	 0.049896
28.355850 	 4.032318 	 -0.007073 	 0.034760
28.310532 	 4.163940 	 0.011974 	 0.037872
28.262041 	 4.065186 	 0.012932 	 0.048401
28.218082 	 4.093597 	 0.013145 	 0.053131
28.172310 	 4.084412 	 0.007329 	 0.050140
28.122913 	 4.186371 	 0.004570 	 0.042542
28.077141 	 4.120605 	 0.021934 	 0.056946
28.030463 	 4.109344 	 0.025982 	 0.074493
27.986957 	 4.121796 	 0.015681 	 0.070404
27.935294 	 4.179474 	 0.026344 	 0.078400
27.890881 	 4.125366 	 0.028059 	 0.088348
27.846469 	 4.000854 	 0.016011 	 0.080383
27.798431 	 4.066376 	 0.020102 	 0.078644
27.752206 	 4.006287 	 -0.019185 	 0.036194
27.706888 	 4.058563 	 0.022946 	 0.045532
27.660210 	 4.112640 	 -0.003143 	 0.039337
27.613531 	 4.169525 	 0.037764 	 0.068878
27.569119 	 4.186432 	 -0.016916 	 0.041016
27.520175 	 4.038391 	 0.015564 	 0.040527
27.472591 	 4.036285 	 0.037039 	 0.076172
27.428178 	 4.120850 	 0.020027 	 0.083038
27.379687 	 4.161438 	 0.031202 	 0.090973
27.336635 	 4.055786 	 0.011739 	 0.078400
27.288144 	 4.072479 	 0.033801 	 0.088928
27.241919 	 4.122162 	 0.012037 	 0.080292
27.199773 	 4.152618 	 0.011217 	 0.065430
27.148109 	 4.184174 	 0.042398 	 0.091370
27.100072 	 4.106537 	 0.021401 	 0.094360
27.056113 	 4.129150 	 -0.000927 	 0.062469
27.008981 	 4.098145 	 0.015734 	 0.056885
26.962756 	 4.263275 	 0.009076 	 0.053467
26.917891 	 4.188171 	 -0.002589 	 0.038605
26.869400 	 4.118378 	 0.026855 	 0.057831
26.824988 	 4.121552 	 0.022211 	 0.072723
26.777403 	 4.119385 	 -0.023702 	 0.029846
26.729366 	 4.033478 	 0.000575 	 0.017792
26.682687 	 4.002655 	 0.000799 	 0.021851
26.636462 	 4.085175 	 0.009747 	 0.033722
26.589784 	 4.114899 	 -0.003409 	 0.029724
26.543106 	 4.268372 	 0.002525 	 0.027985
26.497334 	 4.119507 	 0.001140 	 0.028717
26.456094 	 4.207825 	 0.003611 	 0.030579
26.408057 	 4.161072 	 -0.008458 	 0.019226
26.358659 	 4.146027 	 0.005912 	 0.024689
26.313341 	 4.121765 	 -0.014520 	 0.010956
26.267569 	 4.077972 	 0.015404 	 0.027863
26.220891 	 4.165894 	 0.010088 	 0.040985
26.173759 	 4.184814 	 -0.013422 	 0.020111
26.127081 	 4.135254 	 0.033503 	 0.051392
26.080856 	 4.122253 	 0.032384 	 0.082947
26.033272 	 4.183594 	 0.008000 	 0.071014
25.990672 	 4.208069 	 0.002653 	 0.050354
25.940822 	 4.176544 	 0.016725 	 0.054810
25.895050 	 4.126434 	 0.005177 	 0.049652
25.848372 	 4.071808 	 0.010131 	 0.047668
25.802600 	 4.150665 	 0.012144 	 0.051208
25.758188 	 4.118134 	 -0.001651 	 0.038757
25.708791 	 4.181396 	 0.018845 	 0.048889
25.664832 	 3.993195 	 -0.007020 	 0.035583
25.620419 	 4.213470 	 -0.010749 	 0.015350
25.570569 	 4.207336 	 -0.005593 	 0.008484
25.524797 	 4.098114 	 0.035878 	 0.051025
25.479025 	 4.129730 	 -0.015532 	 0.033875
25.431894 	 4.166351 	 0.013902 	 0.035950
25.387482 	 3.984406 	 -0.015681 	 0.017517
25.337178 	 4.111237 	 0.020826 	 0.036926
25.293672 	 4.158600 	 0.010195 	 0.049011
25.245634 	 4.044495 	 -0.003079 	 0.035736
25.199409 	 4.056915 	 -0.000192 	 0.028778
25.151372 	 4.021912 	 -0.005156 	 0.019226
25.106960 	 4.157318 	 -0.009353 	 0.009338
25.062547 	 4.073792 	 -0.006999 	 0.005859
25.013603 	 4.178619 	 -0.011249 	 0.000702
24.966472 	 4.114441 	 0.016746 	 0.025452
24.917981 	 4.236603 	 -0.019462 	 0.010529
24.872662 	 4.093567 	 0.002855 	 0.012604
24.829156 	 4.076508 	 0.021295 	 0.042267
24.781572 	 4.166412 	 0.015830 	 0.057648
24.732628 	 4.107635 	 -0.010013 	 0.035797
24.688669 	 4.140320 	 0.015425 	 0.041168
24.642897 	 4.193451 	 0.028783 	 0.067413
24.594406 	 4.201385 	 0.009161 	 0.063965
24.548634 	 4.158386 	 0.005188 	 0.052765
24.502863 	 4.107849 	 -0.025151 	 0.013000
24.456184 	 4.106110 	 -0.007436 	 0.000702
24.410866 	 4.232758 	 0.037380 	 0.051208
24.363281 	 4.153625 	 -0.002120 	 0.050629
24.316150 	 4.123383 	 -0.014413 	 0.017517
24.271284 	 4.226227 	 -0.011057 	 0.003326
24.226872 	 4.104095 	 -0.025268 	 -0.016113
24.180647 	 4.206329 	 0.000746 	 -0.003723
24.130344 	 4.096161 	 0.017140 	 0.030609
24.086385 	 4.103729 	 -0.000533 	 0.032410
24.040160 	 4.209686 	 -0.004538 	 0.021362
23.991669 	 4.058289 	 0.016895 	 0.038025
23.945897 	 4.146545 	 -0.016171 	 0.020081
23.899219 	 4.273346 	 0.001395 	 0.016449
23.853447 	 4.244720 	 0.014030 	 0.035553
23.806316 	 4.001434 	 0.042461 	 0.078979
23.760544 	 4.141632 	 0.030264 	 0.096893
23.714319 	 4.013428 	 0.043846 	 0.114624
23.666281 	 4.159912 	 0.044219 	 0.127686
23.620963 	 4.265442 	 -0.004527 	 0.082977
23.576097 	 4.112305 	 -0.001736 	 0.046692
23.526247 	 4.146423 	 0.000511 	 0.034210
23.482288 	 4.166199 	 0.002301 	 0.031036
23.435609 	 4.130280 	 -0.002578 	 0.024750
23.387572 	 4.099457 	 0.003995 	 0.027374
23.341800 	 4.032043 	 0.030445 	 0.058960
23.296935 	 4.235382 	 0.023106 	 0.076080
23.247084 	 4.086517 	 0.004378 	 0.059967
23.204485 	 4.093475 	 0.001257 	 0.042755
23.155994 	 4.046356 	 -0.015713 	 0.016022
23.111128 	 4.074188 	 -0.000043 	 0.013428
23.064450 	 4.043396 	 0.009204 	 0.028900
23.015506 	 4.054413 	 -0.012346 	 0.016815
22.972906 	 4.141632 	 0.039543 	 0.056763
22.923962 	 4.067474 	 0.012890 	 0.068237
22.875471 	 4.216400 	 0.017002 	 0.065826
22.831059 	 4.290039 	 -0.000884 	 0.048065
22.787100 	 4.179382 	 -0.022211 	 0.010254
22.738156 	 4.123505 	 -0.005571 	 0.002747
22.692384 	 4.070770 	 0.013508 	 0.026672
22.646613 	 4.049805 	 0.044347 	 0.075348
22.599481 	 4.165497 	 0.011185 	 0.069824
22.553709 	 4.141479 	 0.034419 	 0.084442
22.507031 	 4.093597 	 0.010152 	 0.075073
22.459900 	 4.136169 	 -0.003931 	 0.046448
22.414128 	 3.975983 	 0.007617 	 0.040436
22.371529 	 4.152954 	 -0.004708 	 0.029144
22.320319 	 4.138275 	 -0.011324 	 0.012329
22.277266 	 4.135590 	 0.005571 	 0.019257
22.226962 	 4.143341 	 0.000234 	 0.023926
22.183003 	 4.230499 	 -0.026727 	 -0.003571
22.134059 	 4.017487 	 0.012528 	 0.014221
22.089194 	 4.030609 	 0.005870 	 0.029846
22.041156 	 3.993347 	 0.026408 	 0.057343
21.997650 	 4.084503 	 0.008203 	 0.057526
21.948706 	 4.078705 	 0.000629 	 0.042236
21.901122 	 4.132629 	 0.009619 	 0.042114
21.855803 	 4.132294 	 -0.004229 	 0.030884
21.809578 	 4.150024 	 0.029582 	 0.056061
21.762900 	 4.181488 	 0.010450 	 0.060425
21.718034 	 4.102722 	 0.030147 	 0.076233
21.670903 	 4.116516 	 0.008203 	 0.068359
21.626491 	 4.072418 	 -0.006061 	 0.040009
21.578000 	 4.047424 	 0.005518 	 0.034088
21.535400 	 4.100861 	 0.012591 	 0.042236
21.487363 	 4.057373 	 0.008203 	 0.045563
21.442497 	 4.093781 	 0.006104 	 0.044250
21.393553 	 4.044403 	 0.004772 	 0.040894
21.345969 	 4.211304 	 -0.002280 	 0.030212
21.299744 	 4.048035 	 -0.000032 	 0.025818
21.253972 	 4.109406 	 -0.005135 	 0.019684
21.210013 	 4.195129 	 0.017268 	 0.038239
21.165147 	 4.209320 	 -0.015425 	 0.020569
21.115297 	 4.101013 	 0.033204 	 0.050781
21.070885 	 4.127869 	 0.059218 	 0.111206
21.022847 	 4.135101 	 -0.005593 	 0.080566
20.977982 	 4.194458 	 -0.008948 	 0.037231
20.931757 	 4.051636 	 0.023681 	 0.050568
20.883719 	 3.979431 	 -0.011654 	 0.032745
20.839760 	 4.087158 	 0.006701 	 0.030334
20.792628 	 4.000671 	 0.009065 	 0.038635
20.743684 	 4.069672 	 -0.009523 	 0.023376
20.698366 	 3.962219 	 0.033790 	 0.056366
20.652141 	 4.156708 	 -0.001214 	 0.050476
20.605463 	 4.014465 	 -0.009119 	 0.025085
20.558331 	 4.069641 	 0.002258 	 0.022827
20.513013 	 4.078308 	 0.005252 	 0.029572
20.466788 	 4.013367 	 0.029337 	 0.058594
20.421469 	 4.209290 	 -0.012389 	 0.038361
20.373885 	 4.150421 	 0.029263 	 0.056122
20.326753 	 4.071014 	 0.006818 	 0.058716
20.279622 	 4.133362 	 0.027441 	 0.070862
20.236569 	 4.135132 	 -0.003515 	 0.052307
20.186719 	 4.172668 	 0.005071 	 0.040833
20.140041 	 4.148041 	 -0.020741 	 0.010681
20.095175 	 4.074982 	 -0.000288 	 0.009064
20.049403 	 4.097748 	 0.019398 	 0.037445
20.004085 	 4.155609 	 0.003728 	 0.040558
19.956047 	 4.109375 	 0.014562 	 0.048096
19.910728 	 4.127777 	 -0.011835 	 0.025848
19.862238 	 4.254364 	 -0.006860 	 0.012543
19.817825 	 4.135162 	 0.015947 	 0.032074
19.768428 	 4.086487 	 -0.003025 	 0.029785
19.723109 	 4.147339 	 0.000373 	 0.025848
19.678244 	 4.222443 	 0.028080 	 0.053619
19.628847 	 4.215271 	 0.015872 	 0.064819
19.585794 	 4.138702 	 0.022285 	 0.071655
19.537303 	 4.295502 	 -0.022967 	 0.029297
19.491078 	 4.100647 	 -0.002631 	 0.013092
19.445306 	 4.134583 	 0.037625 	 0.057465
19.400441 	 4.178314 	 -0.003483 	 0.050049
19.351950 	 4.120667 	 0.038009 	 0.073395
19.303912 	 3.969543 	 0.005049 	 0.067108
19.259500 	 4.090729 	 -0.012464 	 0.032501
19.212822 	 4.147522 	 0.041023 	 0.065491
19.167050 	 4.189484 	 0.025140 	 0.084686
19.120825 	 4.184296 	 0.017481 	 0.079529
19.075507 	 4.247986 	 0.033939 	 0.091217
19.027469 	 4.125244 	 -0.011249 	 0.055115
18.982150 	 4.206879 	 0.003324 	 0.035645
18.935925 	 4.151276 	 0.008842 	 0.039185
18.889700 	 4.123322 	 0.024213 	 0.059082
18.843022 	 3.981171 	 0.001065 	 0.049988
18.794984 	 3.997498 	 0.015670 	 0.052216
18.751025 	 4.179565 	 0.032576 	 0.077698
18.701175 	 4.100464 	 0.008075 	 0.069153
18.655856 	 4.116180 	 0.016576 	 0.064331
18.611444 	 4.045715 	 0.022999 	 0.072968
18.561594 	 4.216522 	 0.021795 	 0.078247
18.517635 	 4.102509 	 0.013326 	 0.070526
18.472316 	 3.994995 	 -0.020240 	 0.028503
18.425185 	 4.014557 	 -0.016991 	 -0.000519
18.377147 	 4.152649 	 0.008330 	 0.015564
18.331828 	 4.101349 	 0.010898 	 0.034668
18.287416 	 4.111328 	 -0.001672 	 0.030823
18.239832 	 4.068390 	 0.005188 	 0.031433
18.194060 	 4.135345 	 0.010525 	 0.040497
18.149648 	 4.141846 	 -0.003973 	 0.030975
18.102516 	 4.180054 	 0.027612 	 0.054138
18.053572 	 4.146667 	 0.016661 	 0.065948
18.008253 	 4.072205 	 0.014573 	 0.064514
17.959763 	 4.056183 	 0.009737 	 0.058594
17.912631 	 4.224762 	 -0.020070 	 0.022522
17.867313 	 4.132050 	 0.019356 	 0.034515
17.821994 	 4.200714 	 0.007233 	 0.044556
17.772597 	 4.209625 	 0.024384 	 0.061188
17.730904 	 4.191345 	 0.030381 	 0.081848
17.682866 	 4.180359 	 0.012133 	 0.075012
17.634828 	 4.102600 	 -0.013902 	 0.036560
17.587697 	 3.969971 	 -0.006392 	 0.017120
17.543285 	 4.059357 	 -0.015372 	 0.002380
17.497060 	 4.168854 	 0.010099 	 0.018097
17.449928 	 4.203552 	 0.008629 	 0.034027
17.403250 	 4.210663 	 0.035601 	 0.069031
17.352946 	 4.162567 	 -0.014498 	 0.042450
17.313519 	 4.132385 	 -0.046254 	 -0.023590
17.263216 	 4.107422 	 0.014125 	 -0.001068
17.216991 	 3.980743 	 0.001129 	 0.019653
17.172578 	 4.073669 	 -0.023766 	 -0.002899
17.124541 	 3.951233 	 -0.027324 	 -0.026520
17.079222 	 4.151337 	 0.013028 	 0.003510
17.032544 	 4.154388 	 0.017843 	 0.037842
16.986772 	 4.160095 	 0.011441 	 0.048126
16.941907 	 4.030518 	 0.039436 	 0.080414
16.892056 	 4.183563 	 0.022392 	 0.088745
16.848097 	 4.204010 	 0.018600 	 0.081665
16.800513 	 4.175568 	 0.008075 	 0.065826
16.756100 	 4.081329 	 0.015500 	 0.061249
16.708969 	 4.119110 	 0.026514 	 0.074463
16.661838 	 4.146179 	 -0.003611 	 0.053497
16.612440 	 4.128326 	 0.023148 	 0.059052
16.567575 	 3.965393 	 0.011228 	 0.060791
16.522256 	 4.076477 	 0.021188 	 0.066223
16.474672 	 4.218170 	 0.024512 	 0.077881
16.431619 	 4.186798 	 -0.001715 	 0.055328
16.381316 	 4.119537 	 0.032320 	 0.070007
16.334637 	 4.166290 	 -0.000447 	 0.058014
16.288412 	 4.150024 	 0.004996 	 0.043396
16.244000 	 3.999298 	 -0.015574 	 0.017456
16.196416 	 4.032257 	 0.000266 	 0.014740
16.151550 	 4.174194 	 0.009918 	 0.030182
16.104872 	 4.180725 	 -0.037636 	 -0.008942
16.057288 	 4.027283 	 0.016789 	 0.010742
16.011969 	 4.262878 	 0.001406 	 0.026672
15.964838 	 4.131531 	 -0.008405 	 0.015350
15.917706 	 4.074188 	 0.014221 	 0.031281
15.872388 	 4.202484 	 -0.003963 	 0.027649
15.824803 	 4.168121 	 -0.012176 	 0.010925
15.779031 	 4.084198 	 -0.002439 	 0.008942
15.735072 	 4.041412 	 0.014807 	 0.031006
15.684769 	 4.078400 	 0.014147 	 0.047638
15.641716 	 4.124359 	 0.011302 	 0.052551
15.591412 	 4.076782 	 0.012549 	 0.054810
15.544734 	 4.223083 	 0.009737 	 0.053162
15.500322 	 4.199341 	 0.000735 	 0.040680
15.454097 	 4.138428 	 0.011068 	 0.042725
15.409685 	 4.070374 	 0.024107 	 0.062103
15.363913 	 4.065125 	 0.013955 	 0.064667
15.315875 	 4.067139 	 0.014956 	 0.063202
15.266931 	 4.044128 	 0.010930 	 0.059265
15.221159 	 4.049683 	 0.025950 	 0.071014
15.174934 	 4.262634 	 -0.006743 	 0.047791
15.130522 	 4.016388 	 0.011462 	 0.044373
15.083844 	 4.146210 	 0.006722 	 0.045258
15.039432 	 4.277496 	 0.010557 	 0.047363
14.991394 	 4.143433 	 0.015574 	 0.057068
14.943356 	 4.163361 	 0.012474 	 0.058777
14.898038 	 4.268616 	 0.011143 	 0.055817
14.851813 	 4.229248 	 -0.005081 	 0.037201
14.803775 	 4.107452 	 0.029732 	 0.058258
14.758456 	 4.157379 	 0.001704 	 0.053375
14.710872 	 4.158295 	 -0.013305 	 0.023621
14.666006 	 4.232239 	 -0.009044 	 0.010925
14.619781 	 4.110321 	 0.049631 	 0.065857
14.571744 	 4.187317 	 -0.029742 	 0.030975
14.525972 	 4.217590 	 0.002131 	 0.016907
14.477481 	 4.200989 	 0.009449 	 0.031464
14.429897 	 4.173218 	 -0.025801 	 0.004395
14.384125 	 4.058533 	 -0.000011 	 0.003479
14.340166 	 4.145172 	 0.008181 	 0.022888
14.294394 	 4.105438 	 0.008053 	 0.035065
14.245450 	 4.136322 	 0.023936 	 0.055908
14.202850 	 4.078125 	 0.032309 	 0.081970
14.155719 	 4.073639 	 0.013049 	 0.075439
14.109494 	 4.081421 	 0.013710 	 0.067444
14.060550 	 4.056091 	 0.018610 	 0.068756
14.016591 	 4.096313 	 0.020805 	 0.073456
13.970366 	 4.034424 	 0.013529 	 0.068573
13.923235 	 4.204254 	 0.018546 	 0.069031
13.878822 	 4.140503 	 0.009108 	 0.061218
13.830785 	 4.083740 	 0.017726 	 0.063049
13.782747 	 4.101105 	 -0.012325 	 0.034698
13.736069 	 4.205170 	 0.003249 	 0.026550
13.689391 	 4.152618 	 0.001055 	 0.029114
13.642259 	 4.162506 	 0.023745 	 0.052673
13.597394 	 4.212311 	 0.003526 	 0.049713
13.552528 	 4.208771 	 0.001150 	 0.037781
13.505850 	 4.079315 	 -0.009545 	 0.020294
13.460078 	 4.103485 	 0.005135 	 0.024292
13.412041 	 4.242706 	 0.005603 	 0.031860
13.365816 	 4.106415 	 -0.002376 	 0.026611
13.319591 	 4.170288 	 -0.003004 	 0.021301
13.273819 	 4.179687 	 -0.011974 	 0.007812
13.226688 	 4.178467 	 -0.001182 	 0.009552
13.180009 	 4.067261 	 0.012730 	 0.029907
13.134238 	 4.166290 	 -0.003995 	 0.027252
13.086200 	 4.038025 	 0.008597 	 0.032196
13.040428 	 4.120270 	 -0.022626 	 0.007202
12.995110 	 4.064453 	 -0.014317 	 -0.008301
12.948885 	 4.198456 	 0.005167 	 0.009796
12.901753 	 4.080475 	 0.023170 	 0.044037
12.854622 	 4.147583 	 0.010653 	 0.053345
12.807491 	 4.001282 	 0.009886 	 0.051056
12.762625 	 4.138275 	 -0.004101 	 0.035034
12.716853 	 4.071472 	 0.033556 	 0.062256
12.668816 	 4.073273 	 -0.009609 	 0.043457
12.625310 	 4.293701 	 -0.000170 	 0.028412
12.579991 	 4.113068 	 0.013603 	 0.039795
12.532407 	 4.042480 	 0.008820 	 0.044769
12.484822 	 4.030304 	 0.005507 	 0.043640
12.438144 	 4.218201 	 0.024885 	 0.060150
12.392372 	 4.117218 	 0.029934 	 0.081024
12.346600 	 4.154266 	 0.036464 	 0.099640
12.297203 	 4.189453 	 0.014392 	 0.087036
12.253244 	 4.055634 	 0.022200 	 0.080994
12.207472 	 4.107544 	 0.014243 	 0.073425
12.161247 	 4.055267 	 0.043463 	 0.096771
12.114569 	 4.174438 	 -0.013593 	 0.059723
12.069704 	 4.133698 	 0.014850 	 0.049713
12.022119 	 4.168274 	 0.006392 	 0.047882
11.975894 	 4.086334 	 -0.000053 	 0.036194
11.930122 	 4.050110 	 -0.022349 	 0.005768
11.880725 	 4.085205 	 0.002376 	 0.008789
11.833594 	 4.249237 	 -0.018781 	 -0.001068
11.787369 	 4.072632 	 -0.028357 	 -0.025360
11.742050 	 4.076294 	 0.016884 	 0.007843
11.697638 	 3.978516 	 -0.005902 	 0.017639
11.649147 	 4.075256 	 0.010056 	 0.029022
11.601109 	 1.747437 	 0.401594 	 0.570984
11.558510 	 4.071625 	 -0.016789 	 0.408020
11.510019 	 4.200500 	 0.008053 	 0.195374
11.466513 	 4.158386 	 -0.021987 	 0.082367
11.417116 	 4.072388 	 0.006456 	 0.047485
11.372250 	 4.122223 	 0.016426 	 0.056671
11.323306 	 4.237335 	 0.019867 	 0.067230
11.279800 	 4.210785 	 0.020528 	 0.072144
11.231310 	 4.169189 	 -0.030499 	 0.021301
11.185991 	 4.047394 	 0.007116 	 0.016907
11.140219 	 4.068512 	 -0.022158 	 0.000763
11.090369 	 4.153137 	 0.005262 	 0.009583
11.045503 	 4.035553 	 0.005625 	 0.024811
10.998372 	 4.167084 	 0.001001 	 0.027557
10.952600 	 4.155334 	 0.008490 	 0.035858
10.909547 	 4.020050 	 -0.005305 	 0.026276
10.860603 	 4.058167 	 0.007713 	 0.028870
10.815285 	 4.158264 	 -0.018695 	 0.008759
10.766341 	 4.168396 	 0.006232 	 0.016113
10.720116 	 4.030121 	 -0.018674 	 0.002991
10.673891 	 4.146362 	 -0.000959 	 0.005707
10.631744 	 3.955322 	 0.005859 	 0.021118
10.583707 	 4.157379 	 0.021188 	 0.046051
10.535669 	 3.917847 	 0.029529 	 0.073029
10.488991 	 4.154388 	 -0.023010 	 0.033112
10.440953 	 4.092102 	 0.010887 	 0.030029
10.396994 	 4.172699 	 -0.018141 	 0.011810
10.352129 	 4.173492 	 0.011537 	 0.023682
10.302731 	 4.160614 	 0.013721 	 0.042725
10.256053 	 4.072418 	 0.008458 	 0.046936
10.211641 	 4.055573 	 0.012975 	 0.050842
10.163603 	 4.093597 	 -0.021422 	 0.018646
10.116472 	 4.052612 	 0.004772 	 0.017548
10.071606 	 4.069458 	 -0.001225 	 0.021881
10.026288 	 4.123260 	 0.001065 	 0.023743
9.977344 	 4.050201 	 -0.037849 	 -0.015503
9.933838 	 4.086456 	 0.001736 	 -0.008392
9.884894 	 4.208466 	 -0.039021 	 -0.030731
9.838216 	 4.107544 	 -0.011089 	 -0.027527
9.791084 	 4.067200 	 0.002120 	 -0.001251
9.746672 	 4.113098 	 -0.004943 	 0.007843
9.700900 	 4.215302 	 -0.002748 	 0.011261
9.653316 	 4.132996 	 0.022871 	 0.040558
9.608450 	 4.070251 	 -0.013295 	 0.026001
9.559506 	 4.124146 	 0.003814 	 0.023071
9.515547 	 4.049469 	 -0.013401 	 0.010162
9.466603 	 4.211975 	 -0.005923 	 0.005524
9.422644 	 3.982178 	 -0.012474 	 0.000275
9.375060 	 4.136963 	 -0.004144 	 0.003937
9.328835 	 4.249451 	 0.004740 	 0.019501
9.284422 	 4.157227 	 0.013667 	 0.038208
9.237291 	 4.041321 	 0.004645 	 0.039948
9.188347 	 4.046387 	 -0.004911 	 0.027710
9.143028 	 4.143188 	 -0.023532 	 -0.001617
9.096350 	 4.089417 	 0.005912 	 0.009277
9.048312 	 4.101105 	 0.007446 	 0.027710
9.004353 	 4.099152 	 0.013838 	 0.041260
8.957675 	 4.142120 	 -0.012581 	 0.023712
8.912810 	 4.107391 	 0.001023 	 0.018738
8.863866 	 4.195221 	 -0.013848 	 0.005280
8.818547 	 4.048187 	 -0.005337 	 0.003845
8.773228 	 4.143250 	 0.008160 	 0.020782
8.722925 	 4.077698 	 -0.031670 	 -0.007629
8.678966 	 4.033081 	 -0.022765 	 -0.027100
8.634100 	 4.127502 	 0.002386 	 -0.005463
8.587875 	 4.073608 	 -0.043932 	 -0.034363
8.541650 	 4.100494 	 -0.026738 	 -0.048737
8.495879 	 4.035919 	 -0.003771 	 -0.023804
8.442403 	 4.106354 	 -0.012858 	 -0.012665
8.399803 	 4.012115 	 -0.014030 	 -0.013275
8.357204 	 4.117615 	 -0.014456 	 -0.013855
8.305994 	 4.144379 	 -0.000575 	 0.000305
8.262488 	 4.155334 	 -0.020869 	 -0.009247
8.213544 	 4.075439 	 -0.033236 	 -0.034576
8.165959 	 4.098358 	 0.005507 	 -0.010315
8.120187 	 4.038147 	 -0.001630 	 0.008362
8.075322 	 4.205261 	 -0.001182 	 0.013550
8.030003 	 4.148590 	 -0.023830 	 -0.006561
7.984232 	 4.119385 	 -0.017449 	 -0.018066
7.937553 	 4.014771 	 -0.013912 	 -0.016754
7.888609 	 4.071442 	 0.000426 	 0.001068
7.845557 	 4.080231 	 0.011025 	 0.024872
7.796613 	 4.161102 	 -0.011409 	 0.016754
7.749934 	 4.126434 	 -0.012251 	 0.002655
7.705522 	 4.145630 	 -0.020283 	 -0.012543
7.658844 	 4.120178 	 -0.021252 	 -0.022644
7.611713 	 4.090912 	 -0.012570 	 -0.019287
7.564581 	 4.186462 	 -0.008011 	 -0.009552
7.521982 	 4.065643 	 -0.002748 	 0.002289
7.472585 	 4.140167 	 0.015457 	 0.028717
7.425906 	 4.040253 	 -0.025087 	 0.005341
7.381041 	 4.086334 	 -0.023351 	 -0.019867
7.333910 	 4.058289 	 -0.001662 	 -0.007111
7.291763 	 4.238617 	 -0.027729 	 -0.020844
7.241913 	 4.120148 	 0.007127 	 -0.000061
7.194328 	 4.186218 	 -0.005049 	 0.010712
7.148103 	 4.112091 	 -0.012336 	 0.002686
7.104597 	 4.046967 	 0.008107 	 0.018250
7.057466 	 4.118439 	 -0.016767 	 0.006287
7.007616 	 4.066498 	 -0.032001 	 -0.024475
6.961844 	 4.047424 	 0.014828 	 0.004974
6.915166 	 4.050537 	 -0.012091 	 0.007874
6.869847 	 4.189758 	 -0.028187 	 -0.015747
6.822716 	 4.056091 	 -0.026365 	 -0.032776
6.776491 	 4.068146 	 -0.029625 	 -0.043274
6.731172 	 4.099548 	 -0.028858 	 -0.047882
6.685400 	 4.025452 	 -0.008320 	 -0.028381
6.636909 	 3.996094 	 -0.037668 	 -0.043152
6.590685 	 4.086914 	 -0.027122 	 -0.049286
6.547179 	 4.024780 	 -0.019377 	 -0.040558
6.499141 	 4.207672 	 -0.006701 	 -0.020691
6.451103 	 4.162750 	 -0.014978 	 -0.015015
6.405785 	 4.086578 	 -0.041556 	 -0.043976
6.359560 	 4.176483 	 -0.050632 	 -0.077240
6.310616 	 4.118042 	 -0.017886 	 -0.060394
6.265750 	 4.077057 	 -0.003973 	 -0.024323
6.219525 	 4.083466 	 -0.022158 	 -0.024292
6.172394 	 4.074951 	 -0.006157 	 -0.013977
6.127075 	 4.080078 	 -0.018887 	 -0.015442
6.079491 	 4.085175 	 -0.039479 	 -0.044006
6.035985 	 4.048309 	 0.006637 	 -0.016052
5.985681 	 4.205017 	 -0.031159 	 -0.024933
5.943082 	 4.048279 	 -0.006115 	 -0.017761
5.894138 	 4.131439 	 -0.009875 	 -0.007996
5.848819 	 4.090790 	 -0.008352 	 -0.004120
5.803500 	 4.023193 	 -0.011665 	 -0.005249
5.750931 	 4.021606 	 -0.009587 	 -0.004669
5.710144 	 3.947144 	 -0.010759 	 -0.004974
5.662106 	 4.053284 	 -0.030083 	 -0.025787
5.613615 	 4.108032 	 -0.053796 	 -0.068085
5.570563 	 4.044037 	 -0.023958 	 -0.065002
5.523885 	 4.090424 	 -0.046264 	 -0.074463
5.479019 	 4.076111 	 -0.016394 	 -0.056366
5.431888 	 4.083466 	 -0.006136 	 -0.025696
5.384756 	 4.120026 	 -0.071405 	 -0.076965
5.339891 	 4.040100 	 -0.032863 	 -0.085297
5.291853 	 4.056641 	 -0.016991 	 -0.056976
5.242003 	 4.113647 	 -0.038381 	 -0.060516
5.197137 	 4.086243 	 -0.021177 	 -0.052277
5.151366 	 4.042175 	 0.000959 	 -0.018372
5.106047 	 4.043823 	 -0.004985 	 -0.000885
5.060728 	 4.013519 	 -0.046968 	 -0.039276
5.013144 	 4.159515 	 -0.056235 	 -0.081757
4.966466 	 4.096130 	 -0.054073 	 -0.102844
4.919788 	 3.989502 	 -0.056246 	 -0.112946
4.873109 	 3.998138 	 -0.027622 	 -0.089722
4.829604 	 3.980621 	 -0.018397 	 -0.057495
4.778847 	 4.090820 	 -0.037039 	 -0.059662
4.733075 	 4.153046 	 -0.041290 	 -0.073486
4.686850 	 4.063904 	 -0.043356 	 -0.082794
4.637906 	 3.990356 	 -0.022871 	 -0.067413
4.594400 	 4.034241 	 -0.036123 	 -0.064545
4.550441 	 4.004639 	 -0.050621 	 -0.084167
4.501497 	 4.044708 	 -0.048512 	 -0.097137
4.455272 	 4.115021 	 -0.049439 	 -0.102600
4.408141 	 3.991058 	 -0.085008 	 -0.142487
4.362822 	 4.078278 	 -0.064310 	 -0.153076
4.318410 	 4.053314 	 -0.027590 	 -0.110229
4.269012 	 3.947357 	 -0.043985 	 -0.093964
4.222787 	 4.179626 	 -0.070659 	 -0.121857
4.176563 	 4.055695 	 -0.041492 	 -0.114136
4.132603 	 3.982300 	 -0.038009 	 -0.095123
4.084566 	 3.928680 	 -0.048917 	 -0.096832
4.038341 	 4.043427 	 -0.074068 	 -0.128906
3.988943 	 4.092102 	 -0.058504 	 -0.136566
3.943625 	 4.076508 	 -0.053530 	 -0.129517
3.899213 	 4.048340 	 -0.066451 	 -0.136993
3.852988 	 4.094086 	 -0.040480 	 -0.118927
3.806763 	 4.052429 	 -0.051047 	 -0.110962
3.757819 	 4.128784 	 -0.069636 	 -0.130707
3.713860 	 4.158997 	 -0.102585 	 -0.180786
3.666275 	 4.031372 	 -0.083378 	 -0.197968
3.620503 	 4.119171 	 -0.066206 	 -0.178253
3.572466 	 4.002655 	 -0.058185 	 -0.155975
3.527600 	 4.012146 	 -0.055713 	 -0.139923
3.483188 	 4.066437 	 -0.083932 	 -0.160919
3.436963 	 3.996338 	 -0.045966 	 -0.142456
3.388019 	 3.872009 	 -0.082739 	 -0.157562
3.342700 	 4.084869 	 -0.097014 	 -0.194336
3.294662 	 4.036133 	 -0.086531 	 -0.204773
3.246625 	 4.030640 	 -0.035505 	 -0.151611
3.200853 	 4.055237 	 -0.077487 	 -0.151276
3.156894 	 4.067139 	 -0.074313 	 -0.165222
3.107497 	 4.062927 	 -0.072971 	 -0.168121
3.061272 	 4.040314 	 -0.068497 	 -0.164337
3.014140 	 3.980499 	 -0.073035 	 -0.165802
2.971541 	 3.885620 	 -0.078478 	 -0.174133
2.924863 	 3.989075 	 -0.076433 	 -0.177582
2.882716 	 4.077209 	 -0.067591 	 -0.168793
2.831960 	 4.054871 	 -0.044336 	 -0.137299
2.788454 	 4.072083 	 -0.098484 	 -0.171051
2.740416 	 4.066589 	 -0.096023 	 -0.205048
2.692831 	 4.079742 	 -0.026802 	 -0.146759
2.648872 	 4.079865 	 -0.049023 	 -0.115295
2.601288 	 4.218536 	 -0.018227 	 -0.079071
2.553703 	 4.207336 	 -0.067975 	 -0.102264
2.507932 	 3.973328 	 -0.085264 	 -0.150543
2.461253 	 4.255280 	 -0.087725 	 -0.181458
2.415482 	 4.077118 	 -0.087394 	 -0.194916
2.367444 	 4.013428 	 -0.066121 	 -0.180054
2.321219 	 4.033295 	 -0.029774 	 -0.126587
2.275447 	 4.146149 	 -0.034983 	 -0.093353
2.230128 	 4.021515 	 -0.052006 	 -0.099884
2.183904 	 4.135376 	 -0.015159 	 -0.067688
2.137225 	 4.090302 	 -0.071511 	 -0.099884
2.089188 	 3.159027 	 -0.584170 	 -0.673828
2.040697 	 3.053558 	 -0.485835 	 -1.032501
1.999457 	 3.235718 	 -0.539663 	 -1.209045
1.949606 	 3.122986 	 -0.512392 	 -1.283997
1.905647 	 3.082428 	 -0.572079 	 -1.371002
1.855797 	 3.259979 	 -0.476322 	 -1.334412
1.810025 	 3.138031 	 -0.463720 	 -1.266327
1.765613 	 3.228210 	 -0.489116 	 -1.258850
1.719841 	 3.084869 	 -0.495966 	 -1.273224
1.669991 	 3.096954 	 -0.423624 	 -1.205841
1.622859 	 3.230743 	 -0.496168 	 -1.223480
1.577087 	 3.279694 	 -0.453227 	 -1.215942
1.533582 	 3.164551 	 -0.428556 	 -1.168945
1.484184 	 3.295685 	 -0.457765 	 -1.168304
1.436600 	 3.188690 	 -0.412055 	 -1.132904
1.393547 	 3.192169 	 -0.463337 	 -1.151886
1.346416 	 3.193787 	 -0.437941 	 -1.153290
1.301550 	 3.169983 	 -0.421056 	 -1.127197
1.252606 	 3.381317 	 -0.359782 	 -1.044464
1.207288 	 3.281891 	 -0.418915 	 -1.044403
1.162422 	 3.249878 	 -0.422601 	 -1.072418
1.115291 	 3.242584 	 -0.388108 	 -1.049438
1.072238 	 3.265961 	 -0.397557 	 -1.036865
1.021935 	 3.459869 	 -0.358557 	 -0.992310
0.976616 	 3.156189 	 -0.393690 	 -0.994568
0.927672 	 3.321686 	 -0.322956 	 -0.935028
0.883260 	 3.226166 	 -0.359111 	 -0.918274
0.835222 	 3.289551 	 -0.342461 	 -0.905151
0.789903 	 3.319000 	 -0.307148 	 -0.858276
0.746397 	 3.270020 	 -0.302535 	 -0.816895
0.696547 	 3.409668 	 -0.227743 	 -0.718018
0.652588 	 3.344574 	 -0.267626 	 -0.685486
0.604550 	 3.227203 	 -0.223769 	 -0.641541
0.556512 	 3.078278 	 -0.115911 	 -0.490356
0.509381 	 3.198242 	 -0.168994 	 -0.436737
0.465422 	 2.968872 	 0.116348 	 -0.133606
0.418744 	 2.508789 	 0.370723 	 0.383606
0.371159 	 2.811005 	 0.112396 	 0.446381
0.325388 	 3.009705 	 0.012602 	 0.266205
0.280522 	 2.997559 	 0.034046 	 0.172302
0.233391 	 2.574280 	 0.275339 	 0.390747
0.188979 	 1.685974 	 0.955489 	 1.301331
0.135503 	 1.547821 	 0.553863 	 1.559326
0.095169 	 1.919312 	 0.447209 	 1.398560
0.044865 	 1.640228 	 0.821180 	 1.681213
0.000000 	 1.177277 	 1.352012 	 2.518829
0.047131 	 1.708252 	 0.767970 	 2.491302
0.093810 	 1.843445 	 0.814107 	 2.290619
0.138222 	 1.559174 	 1.110016 	 2.538849
0.187619 	 2.467316 	 0.402862 	 2.024536
0.231578 	 1.917938 	 0.432061 	 1.540131
0.277803 	 2.445801 	 0.354264 	 1.258850
0.327654 	 2.209900 	 0.358153 	 1.102692
0.372519 	 2.684357 	 0.281965 	 0.954102
0.417384 	 2.879181 	 0.125904 	 0.692108
0.464516 	 2.488586 	 0.363745 	 0.761688
0.509834 	 2.784973 	 0.230917 	 0.748779
0.559685 	 2.969543 	 -0.060816 	 0.381226
0.602284 	 2.945496 	 0.041993 	 0.206299
0.650775 	 2.970001 	 0.043271 	 0.174652
0.697000 	 2.943268 	 -0.062638 	 0.047241
0.744585 	 3.158234 	 -0.148754 	 -0.143707
0.793529 	 3.390778 	 -0.138783 	 -0.254364
0.835222 	 3.213501 	 -0.193154 	 -0.356995
0.882806 	 3.219055 	 -0.212094 	 -0.444946
0.931750 	 3.194763 	 -0.189596 	 -0.469910
0.973444 	 3.275879 	 -0.246758 	 -0.532227
1.023747 	 3.076752 	 -0.230513 	 -0.567719
1.067706 	 3.399872 	 -0.257837 	 -0.604492
1.115291 	 3.320099 	 -0.305891 	 -0.682922
1.158344 	 3.297089 	 -0.340927 	 -0.774933
1.208647 	 3.271393 	 -0.269054 	 -0.754333
1.255779 	 3.283936 	 -0.325598 	 -0.775574
1.303816 	 3.356049 	 -0.325960 	 -0.809326
1.346869 	 3.440918 	 -0.309225 	 -0.808319
1.393547 	 3.429108 	 -0.320314 	 -0.809814
1.442038 	 3.333893 	 -0.348810 	 -0.848480
1.486903 	 3.275085 	 -0.359079 	 -0.887299
1.534035 	 3.323181 	 -0.344048 	 -0.892883
1.580713 	 3.256897 	 -0.368890 	 -0.915710
1.625125 	 3.278839 	 -0.351633 	 -0.917938
1.668631 	 3.284088 	 -0.377370 	 -0.938995
1.717575 	 3.220795 	 -0.378840 	 -0.959778
1.763347 	 3.235260 	 -0.416273 	 -1.010193
1.810931 	 3.177643 	 -0.419011 	 -1.051392
1.855797 	 3.275665 	 -0.415347 	 -1.064819
1.903381 	 3.220398 	 -0.397173 	 -1.051422
1.950513 	 3.280457 	 -0.396843 	 -1.039001
1.994925 	 3.290894 	 -0.412715 	 -1.049225
2.045229 	 3.221893 	 -0.475790 	 -1.126740
2.088734 	 3.275848 	 -0.383836 	 -1.090179
2.139491 	 3.259888 	 -0.414803 	 -1.068939
2.184357 	 3.315857 	 -0.466799 	 -1.127106
2.229675 	 3.350891 	 -0.474053 	 -1.182434
2.272728 	 3.235260 	 -0.392593 	 -1.124359
2.321672 	 3.239075 	 -0.420481 	 -1.094421
2.367444 	 3.219818 	 -0.477952 	 -1.153015
2.414575 	 3.092377 	 -0.469409 	 -1.192444
2.459441 	 3.176697 	 -0.458671 	 -1.196808
2.507478 	 3.154114 	 -0.477185 	 -1.213562
2.555516 	 3.174194 	 -0.497851 	 -1.250397
2.599475 	 3.140900 	 -0.457755 	 -1.233337
2.646153 	 3.113708 	 -0.485675 	 -1.238953
2.690112 	 3.137726 	 -0.518486 	 -1.287201
2.736337 	 3.053101 	 -0.460130 	 -1.260986
2.784828 	 3.055939 	 -0.496051 	 -1.262939
2.831053 	 3.018097 	 -0.545043 	 -1.329865
2.878638 	 3.037842 	 -0.463923 	 -1.294678
2.925316 	 3.133148 	 -0.545320 	 -1.331421
2.972900 	 3.104919 	 -0.509495 	 -1.344177
3.014594 	 3.134888 	 -0.506491 	 -1.331665
3.062631 	 3.119019 	 -0.522949 	 -1.342102
3.107950 	 3.124023 	 -0.544872 	 -1.376129
3.156441 	 3.132965 	 -0.530182 	 -1.386139
3.200400 	 3.034607 	 -0.518379 	 -1.371674
3.249344 	 3.199188 	 -0.486496 	 -1.326477
3.294209 	 3.206940 	 -0.514885 	 -1.323578
3.340434 	 3.222900 	 -0.492429 	 -1.310760
3.387566 	 3.157471 	 -0.455092 	 -1.256470
3.434244 	 3.134705 	 -0.453270 	 -1.214935
3.480922 	 4.181976 	 -0.002290 	 -0.724609
3.527600 	 4.113342 	 0.000362 	 -0.317474
3.575185 	 4.110199 	 -0.000948 	 -0.139191
3.620956 	 4.147797 	 -0.015478 	 -0.072723
3.664462 	 4.232208 	 -0.034717 	 -0.067749
3.711594 	 4.090759 	 -0.019643 	 -0.056366
3.760538 	 4.110229 	 -0.035484 	 -0.061127
3.806310 	 4.071045 	 -0.028496 	 -0.061096
3.848003 	 4.033447 	 -0.045465 	 -0.077057
3.898306 	 4.063141 	 -0.029913 	 -0.074249
3.945438 	 4.125092 	 -0.041396 	 -0.078430
3.992116 	 4.169373 	 -0.031042 	 -0.073090
4.035622 	 4.101105 	 -0.048235 	 -0.084564
4.084113 	 4.103516 	 -0.021188 	 -0.069733
4.127165 	 4.121674 	 -0.035782 	 -0.065582
4.177469 	 4.050323 	 -0.057322 	 -0.092468
4.221428 	 4.185394 	 -0.032927 	 -0.087982
4.271278 	 4.071014 	 -0.027963 	 -0.070984
4.316597 	 4.083221 	 -0.050408 	 -0.084442
4.363275 	 4.025146 	 -0.047074 	 -0.095551
4.410406 	 4.006317 	 -0.056022 	 -0.108551
4.453912 	 4.005798 	 -0.050994 	 -0.113831
4.501497 	 4.132324 	 -0.023074 	 -0.084015
4.545456 	 3.909271 	 -0.048310 	 -0.085724
4.594853 	 4.250916 	 -0.074292 	 -0.124298
4.642438 	 4.046234 	 -0.020453 	 -0.095551
4.688210 	 4.215515 	 -0.058781 	 -0.100983
4.733981 	 4.152802 	 -0.035601 	 -0.094116
4.778394 	 4.011932 	 -0.048661 	 -0.096558
4.828244 	 4.150360 	 -0.031532 	 -0.084229
4.872203 	 3.991913 	 -0.027739 	 -0.067780
4.918881 	 4.078247 	 -0.048810 	 -0.082062
4.964653 	 4.036316 	 -0.053380 	 -0.100494
5.010878 	 4.081360 	 -0.050568 	 -0.107849
5.059369 	 4.011322 	 -0.034930 	 -0.093536
5.103781 	 3.986420 	 -0.084145 	 -0.131775
5.150912 	 4.151337 	 -0.053807 	 -0.137665
5.197137 	 4.145325 	 -0.037721 	 -0.110596
5.242456 	 4.093719 	 -0.053455 	 -0.108215
5.290494 	 4.065125 	 -0.032171 	 -0.091766
5.337625 	 4.155853 	 -0.017247 	 -0.061615
5.383850 	 4.135132 	 -0.057109 	 -0.081726
5.428262 	 4.065430 	 -0.040054 	 -0.089020
5.477206 	 4.004242 	 -0.075027 	 -0.122314
5.524791 	 4.052521 	 -0.039766 	 -0.115082
5.568750 	 3.979431 	 -0.055298 	 -0.113586
5.617241 	 4.028259 	 -0.054392 	 -0.118408
5.662106 	 3.963287 	 -0.063074 	 -0.129425
5.708784 	 4.227539 	 -0.045615 	 -0.119202
5.755463 	 3.959259 	 -0.023873 	 -0.084290
5.798515 	 4.034149 	 -0.010344 	 -0.046387
5.847459 	 4.136169 	 -0.038914 	 -0.053925
5.891418 	 4.042297 	 -0.028251 	 -0.058258
5.942628 	 4.031281 	 -0.028538 	 -0.056091
5.986134 	 4.104340 	 -0.031606 	 -0.057617
6.034172 	 4.103119 	 -0.043559 	 -0.073364
6.081303 	 4.153595 	 -0.057908 	 -0.099152
6.126622 	 4.031189 	 -0.032427 	 -0.090576
6.173300 	 4.146210 	 -0.025588 	 -0.066925
6.218166 	 4.104767 	 -0.011004 	 -0.040924
6.264844 	 4.096375 	 -0.048906 	 -0.062256
6.309709 	 4.120117 	 -0.014243 	 -0.049957
6.357747 	 4.115417 	 -0.032512 	 -0.049286
6.403972 	 4.097656 	 -0.055980 	 -0.081390
6.451103 	 4.059113 	 -0.026301 	 -0.074677
6.495515 	 4.097626 	 -0.044326 	 -0.076996
6.542647 	 4.126617 	 -0.046201 	 -0.088867
6.588419 	 4.059753 	 -0.054041 	 -0.103180
6.636456 	 4.076538 	 -0.027761 	 -0.085144
6.683134 	 4.189514 	 -0.004655 	 -0.041992
6.727094 	 4.019165 	 -0.003707 	 -0.012787
6.776491 	 3.956665 	 -0.026589 	 -0.023529
6.822263 	 4.021179 	 0.001055 	 -0.008057
6.868941 	 4.181671 	 -0.025183 	 -0.017120
6.915619 	 4.056824 	 0.005060 	 -0.000214
6.962297 	 4.067078 	 -0.063873 	 -0.051361
7.011241 	 4.050446 	 -0.029625 	 -0.066559
7.052934 	 4.106018 	 -0.052912 	 -0.084717
7.099159 	 4.110931 	 -0.046957 	 -0.096100
7.147650 	 4.118256 	 -0.014828 	 -0.068604
7.193875 	 4.029297 	 -0.035644 	 -0.060974
7.239194 	 4.378387 	 -0.046360 	 -0.078369
7.285872 	 3.965210 	 -0.076795 	 -0.121735
7.334363 	 4.124329 	 -0.038381 	 -0.113190
7.378322 	 4.104675 	 -0.019207 	 -0.075256
7.425000 	 3.969940 	 -0.031457 	 -0.060547
7.473038 	 4.098114 	 -0.037252 	 -0.066223
7.518810 	 4.015045 	 -0.004016 	 -0.036804
7.564128 	 4.173401 	 -0.027526 	 -0.035278
7.610806 	 4.239410 	 -0.025801 	 -0.041565
7.655672 	 4.106293 	 -0.018504 	 -0.036407
7.701897 	 4.211273 	 -0.043431 	 -0.056885
7.749934 	 4.198456 	 -0.027814 	 -0.060333
7.796613 	 4.126556 	 0.008586 	 -0.016846
7.841025 	 4.049896 	 0.028336 	 0.037445
7.889516 	 4.056488 	 -0.016725 	 0.022339
7.934834 	 3.981232 	 -0.013039 	 0.001190
7.981059 	 4.133423 	 -0.016394 	 -0.009338
8.026831 	 4.157898 	 0.010749 	 0.012146
8.076682 	 4.106720 	 -0.020645 	 0.000275
8.118828 	 4.042389 	 0.001087 	 0.005005
8.167319 	 4.164429 	 -0.026451 	 -0.012451
8.214450 	 4.099274 	 -0.028411 	 -0.033417
8.263394 	 4.090057 	 0.001225 	 -0.012543
8.308260 	 4.169067 	 -0.037369 	 -0.032196
8.355844 	 4.021973 	 -0.028315 	 -0.047241
8.399350 	 4.017303 	 0.024895 	 0.006226
8.448294 	 4.040405 	 -0.048118 	 -0.024811
8.493159 	 3.951538 	 -0.008565 	 -0.026520
8.539384 	 4.039307 	 -0.029146 	 -0.032898
8.587875 	 4.080963 	 -0.009108 	 -0.023590
8.631381 	 4.088226 	 -0.034547 	 -0.038269
8.677606 	 4.187195 	 -0.018994 	 -0.039093
8.727910 	 4.273285 	 -0.028869 	 -0.043182
8.770963 	 4.200592 	 -0.018621 	 -0.038605
8.819000 	 4.066284 	 -0.018770 	 -0.031952
8.864319 	 4.183044 	 0.013923 	 0.004883
8.911903 	 4.146057 	 -0.012847 	 0.006073
8.959941 	 4.151459 	 -0.018259 	 -0.009369
9.003900 	 4.192200 	 -0.024160 	 -0.024841
9.051031 	 3.989319 	 -0.016299 	 -0.025696
9.099522 	 4.032013 	 0.001534 	 -0.003418
9.143028 	 4.159546 	 -0.021156 	 -0.010559
9.189706 	 4.101257 	 -0.029082 	 -0.031189
9.235025 	 4.101868 	 -0.019420 	 -0.033417
9.280344 	 4.109161 	 -0.015361 	 -0.026031
9.328381 	 4.236328 	 -0.028261 	 -0.035950
9.373700 	 4.077087 	 -0.026451 	 -0.042725
9.420378 	 4.058411 	 0.002599 	 -0.014130
9.466603 	 4.072540 	 -0.001672 	 0.005859
9.512375 	 4.088318 	 -0.024320 	 -0.011017
9.563585 	 3.935181 	 -0.020869 	 -0.023987
9.607544 	 4.226074 	 -0.026589 	 -0.035980
9.653769 	 4.104950 	 -0.033417 	 -0.049438
9.699541 	 4.108154 	 -0.021337 	 -0.045349
9.746672 	 4.182373 	 -0.036091 	 -0.054901
9.790178 	 4.159698 	 -0.032693 	 -0.058838
9.836403 	 4.117981 	 -0.034547 	 -0.062531
9.887160 	 4.145294 	 -0.030232 	 -0.060944
9.933385 	 4.186951 	 -0.008384 	 -0.036285
9.981422 	 3.972656 	 0.004549 	 -0.002899
10.027647 	 4.091400 	 -0.017875 	 -0.006317
10.072060 	 4.130157 	 -0.020219 	 -0.020782
10.117831 	 4.109009 	 -0.020517 	 -0.026825
10.165416 	 4.052429 	 -0.013880 	 -0.021667
10.212094 	 4.259247 	 -0.028815 	 -0.032837
10.256960 	 4.241058 	 -0.022637 	 -0.037018
10.304997 	 4.063110 	 -0.019867 	 -0.033173
10.348956 	 3.995239 	 -0.019920 	 -0.030518
10.398807 	 4.059998 	 -0.012826 	 -0.023682
10.442766 	 4.168304 	 -0.010631 	 -0.014557
10.488991 	 4.153656 	 -0.019750 	 -0.018799
10.534763 	 4.090393 	 -0.044411 	 -0.051178
10.585519 	 4.059418 	 -0.000650 	 -0.029205
10.630838 	 4.103241 	 -0.022999 	 -0.023254
10.677063 	 4.141571 	 -0.018216 	 -0.026245
10.722382 	 4.163208 	 0.000138 	 -0.005951
10.769513 	 4.091248 	 -0.004304 	 0.005646
10.815738 	 4.138214 	 -0.003707 	 0.009857
10.860603 	 4.162720 	 -0.007585 	 0.006042
10.905016 	 4.196899 	 -0.003686 	 0.008423
10.953506 	 4.172333 	 0.028453 	 0.044678
11.000185 	 4.077301 	 -0.035622 	 0.004242
11.046863 	 4.009125 	 -0.010567 	 -0.013214
11.090822 	 4.045074 	 0.016512 	 0.020416
11.138406 	 3.970001 	 -0.043356 	 -0.017151
11.187350 	 4.035400 	 -0.040342 	 -0.056244
11.232216 	 4.124359 	 0.003707 	 -0.024414
11.279347 	 4.069336 	 -0.005188 	 -0.002106
11.325119 	 4.151337 	 -0.005731 	 0.002808
11.369984 	 4.095306 	 0.006274 	 0.018402
11.418929 	 4.055481 	 -0.013998 	 0.008636
11.465154 	 4.163208 	 -0.025119 	 -0.015961
11.509566 	 4.208160 	 -0.005049 	 -0.010345
11.558510 	 4.139984 	 -0.005412 	 -0.000153
11.604735 	 4.059296 	 0.016607 	 0.027649
11.650053 	 4.130280 	 -0.019718 	 0.010498
11.696732 	 4.163116 	 0.023351 	 0.033447
11.740237 	 4.006134 	 -0.012783 	 0.023560
11.790994 	 4.119324 	 -0.022988 	 -0.006439
11.838579 	 4.111694 	 -0.009172 	 -0.009491
11.883444 	 4.018555 	 0.003057 	 0.006592
11.928763 	 4.132355 	 -0.040320 	 -0.025513
11.976347 	 4.022003 	 -0.004155 	 -0.019775
12.020760 	 4.122498 	 -0.017566 	 -0.015869
12.068797 	 4.074982 	 0.008543 	 0.007080
12.115929 	 4.042175 	 0.003345 	 0.021851
12.160341 	 3.995056 	 0.026866 	 0.051758
12.207925 	 4.123413 	 -0.000671 	 0.046112
12.253697 	 4.168243 	 -0.008831 	 0.024414
12.300375 	 4.147369 	 0.000383 	 0.020782
12.340256 	 4.150146 	 0.006072 	 0.028625
12.392825 	 4.127167 	 -0.000991 	 0.027313
12.439050 	 4.059509 	 -0.005135 	 0.019165
12.483463 	 4.085449 	 0.003292 	 0.021637
12.531500 	 3.980591 	 -0.014253 	 0.007599
12.575912 	 4.133789 	 0.033673 	 0.045410
12.623950 	 4.213348 	 -0.013018 	 0.032440
12.667456 	 3.987366 	 0.005848 	 0.027100
12.717760 	 4.062775 	 0.010077 	 0.036774
12.760359 	 4.108063 	 -0.036975 	 -0.005737
12.809303 	 4.004700 	 0.024096 	 0.020325
12.853716 	 3.955200 	 0.004155 	 0.036224
12.900394 	 4.234589 	 0.007521 	 0.038300
12.947072 	 4.252930 	 -0.015468 	 0.016388
12.994203 	 4.188965 	 -0.004964 	 0.006714
13.041788 	 3.994781 	 -0.013934 	 -0.000580
13.088466 	 4.163116 	 0.006839 	 0.014282
13.132878 	 4.109802 	 0.038105 	 0.061340
13.180916 	 4.103333 	 -0.012464 	 0.042114
13.227594 	 4.014313 	 -0.004080 	 0.021606
13.272913 	 4.010620 	 -0.004890 	 0.015289
13.319591 	 4.140442 	 0.032043 	 0.050690
13.366722 	 4.165802 	 -0.028922 	 0.017487
13.414307 	 4.136414 	 0.021891 	 0.031525
13.458719 	 4.281036 	 -0.032501 	 0.001587
13.506303 	 4.241364 	 -0.009779 	 -0.010101
13.552528 	 4.060425 	 0.005433 	 0.010315
13.601019 	 4.073517 	 0.019430 	 0.039734
13.644525 	 4.137695 	 -0.005997 	 0.031952
13.691203 	 4.165314 	 -0.026536 	 -0.002808
13.738788 	 4.161285 	 0.018035 	 0.018738
13.782294 	 4.120422 	 -0.003910 	 0.022430
13.829878 	 4.098450 	 -0.017939 	 0.002075
13.877463 	 4.075470 	 0.023159 	 0.031433
13.922781 	 4.250244 	 0.002823 	 0.039490
13.969460 	 4.125549 	 0.006232 	 0.037476
14.014778 	 4.111694 	 0.003792 	 0.035858
14.062816 	 4.041229 	 0.008458 	 0.039093
14.108134 	 4.008301 	 0.035399 	 0.070465
14.155266 	 4.098297 	 0.007489 	 0.065704
14.201038 	 4.132233 	 0.009513 	 0.055084
14.250888 	 4.101135 	 -0.011345 	 0.029816
14.292581 	 4.195343 	 -0.009001 	 0.012573
14.343338 	 4.203674 	 -0.007340 	 0.006775
14.388657 	 4.033142 	 0.025673 	 0.039215
14.433522 	 4.143402 	 0.035324 	 0.077942
14.480653 	 4.171265 	 0.016650 	 0.079529
14.526425 	 4.156616 	 -0.004559 	 0.049316
14.571744 	 4.083344 	 0.015702 	 0.047638
14.618875 	 4.001129 	 -0.018525 	 0.020813
14.666913 	 4.089264 	 0.001044 	 0.015411
14.711325 	 4.166901 	 0.005167 	 0.025482
14.760269 	 4.246826 	 -0.022775 	 0.001465
14.804228 	 4.171051 	 -0.005177 	 0.000824
14.851813 	 4.157196 	 -0.004208 	 0.006165
14.897131 	 4.146027 	 -0.008011 	 0.004913
14.943356 	 4.059143 	 -0.001641 	 0.010193
14.988675 	 4.103973 	 0.015958 	 0.033600
15.036259 	 4.148834 	 -0.023297 	 0.010498
15.083844 	 4.229065 	 -0.013710 	 -0.005157
15.130522 	 4.200317 	 0.009097 	 0.013794
15.174028 	 4.152466 	 0.003132 	 0.025818
15.220253 	 4.096283 	 -0.003174 	 0.022705
15.266931 	 4.115173 	 0.015169 	 0.037354
15.317235 	 4.045410 	 0.002067 	 0.037689
15.360741 	 4.115112 	 0.023223 	 0.057068
15.408325 	 4.055450 	 0.013529 	 0.062164
15.453191 	 4.047394 	 0.016245 	 0.062439
15.502135 	 4.124817 	 0.002152 	 0.050507
15.545641 	 4.062500 	 0.018770 	 0.055939
15.594131 	 4.113647 	 0.017833 	 0.064423
15.638544 	 4.195190 	 -0.006722 	 0.042206
15.687941 	 4.041962 	 0.023734 	 0.052948
15.732806 	 4.106476 	 0.008426 	 0.054779
15.778578 	 4.115021 	 -0.009523 	 0.031036
15.828429 	 4.118500 	 -0.046861 	 -0.026337
15.874200 	 4.177155 	 -0.000682 	 -0.018341
15.917706 	 4.224274 	 0.002280 	 0.006866
15.964838 	 4.217499 	 0.030275 	 0.048309
16.011063 	 4.061157 	 -0.006786 	 0.040100
16.057288 	 4.298340 	 0.024842 	 0.053680
16.109857 	 4.087006 	 0.019590 	 0.067383
16.151550 	 4.192444 	 0.004080 	 0.055298
16.200041 	 3.994995 	 0.016458 	 0.057587
16.246266 	 4.032288 	 0.013816 	 0.060181
16.292491 	 4.239319 	 -0.013699 	 0.030975
16.334184 	 4.269867 	 -0.010312 	 0.010529
16.383582 	 4.136932 	 -0.010344 	 0.002106
16.430713 	 4.069397 	 -0.006253 	 0.002472
16.476485 	 4.088318 	 0.027825 	 0.040558
16.521803 	 4.031464 	 0.000234 	 0.042450
16.570747 	 4.038269 	 -0.005902 	 0.025238
16.613800 	 4.089233 	 -0.002205 	 0.019409
16.664104 	 4.067078 	 -0.020538 	 -0.000580
16.709875 	 4.119171 	 0.029827 	 0.035065
16.754741 	 4.300690 	 0.019814 	 0.061798
16.803685 	 4.097717 	 -0.011505 	 0.036438
16.850363 	 4.100922 	 0.014445 	 0.039642
16.896135 	 4.240479 	 -0.016927 	 0.018738
16.941000 	 4.160065 	 0.000085 	 0.014740
16.986319 	 4.122406 	 -0.019920 	 -0.001160
17.032997 	 4.101166 	 0.009779 	 0.014130
17.080582 	 4.078369 	 0.008948 	 0.032532
17.123634 	 4.150208 	 0.025439 	 0.059204
17.173938 	 4.160370 	 0.000341 	 0.049042
17.219257 	 4.078247 	 0.001832 	 0.036011
17.265028 	 4.110962 	 -0.004581 	 0.025085
17.312160 	 4.194489 	 0.004293 	 0.026764
17.356572 	 4.123230 	 -0.009960 	 0.015656
17.403250 	 4.236267 	 -0.019505 	 -0.004578
17.451741 	 4.129242 	 -0.006860 	 -0.004028
17.496153 	 4.152771 	 -0.011590 	 -0.003754
17.543738 	 4.114929 	 0.003015 	 0.009705
17.590869 	 4.090149 	 0.007947 	 0.026672
17.637547 	 4.133270 	 0.023819 	 0.052795
17.685132 	 4.121582 	 -0.019409 	 0.025879
17.729997 	 4.078247 	 0.002397 	 0.019226
17.776222 	 4.190308 	 -0.017460 	 0.003998
17.822447 	 4.204529 	 -0.013944 	 -0.006714
17.868219 	 4.216003 	 0.001161 	 0.005463
17.916710 	 4.172241 	 0.013848 	 0.029785
17.961122 	 4.206635 	 -0.004037 	 0.026886
18.005081 	 4.045990 	 0.033268 	 0.058655
18.054025 	 4.100250 	 0.004953 	 0.057251
18.103423 	 4.256165 	 0.001033 	 0.042267
18.148288 	 4.069580 	 0.010056 	 0.042328
18.192247 	 4.162994 	 0.000000 	 0.036041
18.238019 	 4.069946 	 -0.002439 	 0.026093
18.286963 	 4.171387 	 0.013380 	 0.036407
18.336813 	 4.133911 	 0.025002 	 0.060364
18.380319 	 4.058105 	 0.002610 	 0.052795
18.426544 	 4.197205 	 0.000437 	 0.038391
18.472769 	 4.136169 	 -0.007009 	 0.023041
18.518541 	 4.074005 	 -0.018908 	 0.000854
18.566125 	 4.136505 	 -0.004623 	 0.000702
18.610538 	 4.143097 	 -0.007862 	 0.002808
18.661295 	 3.992706 	 -0.014296 	 -0.003723
18.706613 	 4.081299 	 -0.017779 	 -0.013153
18.750572 	 4.103149 	 0.011057 	 0.010651
18.796797 	 4.241364 	 -0.018227 	 0.003357
18.841663 	 4.173187 	 0.027537 	 0.035828
18.890154 	 4.122345 	 0.030136 	 0.072998
18.934113 	 4.234711 	 -0.001566 	 0.055450
18.980791 	 4.128845 	 0.015233 	 0.053101
19.029735 	 4.109314 	 0.019526 	 0.063568
19.075507 	 4.172577 	 -0.022924 	 0.024506
19.123997 	 4.147247 	 -0.003579 	 0.011444
19.170222 	 4.095001 	 -0.009790 	 0.006958
19.214182 	 4.157104 	 0.031479 	 0.045471
19.262219 	 4.024261 	 -0.015915 	 0.029846
19.304819 	 4.166260 	 0.018397 	 0.038757
19.354669 	 4.067169 	 0.029220 	 0.068726
19.402707 	 4.065125 	 -0.004858 	 0.050293
19.445306 	 4.184204 	 -0.019963 	 0.012909
19.490172 	 4.059448 	 0.007979 	 0.019592
19.539569 	 4.093323 	 -0.010003 	 0.014740
19.587154 	 4.207062 	 -0.005987 	 0.008606
19.630206 	 4.098022 	 0.017364 	 0.032898
19.680057 	 4.112061 	 0.004772 	 0.038879
19.724469 	 4.126312 	 0.013326 	 0.046875
19.772960 	 4.058380 	 0.002610 	 0.040497
19.820091 	 4.042389 	 0.032096 	 0.064667
19.862691 	 4.211029 	 -0.014679 	 0.038910
19.911182 	 4.213806 	 -0.007595 	 0.016174
19.958313 	 4.121796 	 -0.007276 	 0.009094
20.003178 	 4.049500 	 0.020453 	 0.035034
20.050310 	 4.098267 	 -0.019324 	 0.017151
20.096988 	 4.067322 	 -0.023297 	 -0.012024
20.144572 	 4.256287 	 0.002397 	 0.001160
20.188078 	 4.095581 	 -0.002546 	 0.011902
20.236569 	 4.114532 	 0.021007 	 0.038940
20.281888 	 4.012115 	 -0.004250 	 0.034454
20.329926 	 4.198151 	 -0.002972 	 0.023254
20.371619 	 4.183380 	 0.008565 	 0.030792
20.421469 	 4.045959 	 0.016139 	 0.046844
20.464975 	 4.095062 	 0.008682 	 0.049072
20.513466 	 4.123260 	 0.007574 	 0.046204
20.561504 	 4.040405 	 -0.005891 	 0.029419
20.607275 	 4.173279 	 -0.008075 	 0.015350
20.653047 	 4.047150 	 0.010045 	 0.027679
20.699272 	 4.198151 	 -0.003952 	 0.024841
20.745497 	 4.195374 	 -0.014978 	 0.006897
20.793535 	 4.240479 	 0.006892 	 0.018127
20.838400 	 4.096130 	 0.007585 	 0.032196
20.883719 	 3.966675 	 -0.006786 	 0.023560
20.930397 	 4.104431 	 0.010695 	 0.031036
20.979794 	 4.059357 	 -0.029263 	 0.001984
21.026019 	 4.058044 	 0.008075 	 0.010437
21.071338 	 4.185364 	 -0.028368 	 -0.009491
21.120735 	 4.039032 	 0.025034 	 0.022827
21.166054 	 4.151398 	 -0.004059 	 0.028259
21.212732 	 4.084473 	 -0.028379 	 -0.005798
21.258957 	 3.944397 	 0.013199 	 0.012085
21.306541 	 4.204193 	 -0.002748 	 0.020020
21.348688 	 4.060486 	 0.029135 	 0.051758
21.397179 	 4.180237 	 -0.003611 	 0.043427
21.441138 	 4.112122 	 0.038126 	 0.070465
21.487363 	 4.192200 	 0.000021 	 0.060120
21.535854 	 4.172546 	 0.000778 	 0.039459
21.580266 	 4.121460 	 0.010802 	 0.041168
21.626038 	 4.168579 	 -0.018749 	 0.015961
21.672716 	 4.069946 	 0.018749 	 0.033447
21.719394 	 4.178345 	 -0.003590 	 0.031616
21.767432 	 4.066223 	 0.015063 	 0.040283
21.814110 	 4.113007 	 -0.006562 	 0.029480
21.856256 	 4.085052 	 0.002248 	 0.025482
21.906107 	 4.132324 	 0.003377 	 0.029083
21.952785 	 4.252045 	 -0.000256 	 0.026459
21.997197 	 4.090912 	 -0.016693 	 0.006897
22.044328 	 4.198120 	 0.013007 	 0.022614
22.094179 	 4.177216 	 0.014818 	 0.043915
22.137685 	 4.167114 	 0.025758 	 0.065491
22.185269 	 4.011505 	 0.027313 	 0.080994
22.231947 	 4.308502 	 0.009523 	 0.071777
22.276813 	 4.101105 	 -0.006839 	 0.041901
22.322131 	 4.105988 	 0.019132 	 0.050842
22.369716 	 4.098114 	 0.000959 	 0.044403
22.416394 	 4.183594 	 0.006946 	 0.040436
22.465338 	 4.037384 	 0.031383 	 0.066711
22.512016 	 4.086700 	 0.003185 	 0.058746
22.555522 	 4.129883 	 0.020645 	 0.061737
22.603107 	 4.108246 	 -0.008490 	 0.040283
22.648425 	 4.183105 	 -0.003047 	 0.024628
22.695103 	 4.100555 	 -0.007904 	 0.014954
22.744501 	 4.042938 	 0.015819 	 0.033508
22.788913 	 4.086060 	 -0.010472 	 0.022583
22.835138 	 4.248474 	 0.012868 	 0.032349
22.882722 	 4.136658 	 0.001758 	 0.033081
22.925322 	 4.188324 	 -0.004176 	 0.023468
22.975626 	 4.137115 	 0.005124 	 0.026947
23.018225 	 4.090454 	 0.001481 	 0.029358
23.066263 	 4.092163 	 0.007446 	 0.035614
23.111581 	 4.095245 	 0.000863 	 0.032837
23.158260 	 4.078491 	 -0.011824 	 0.016174
23.205391 	 4.031433 	 0.031745 	 0.048065
23.252522 	 4.275360 	 0.008085 	 0.055420
23.294669 	 4.172485 	 0.009939 	 0.050629
23.343159 	 4.153137 	 0.040800 	 0.083282
23.392104 	 4.169312 	 -0.022786 	 0.041992
23.433344 	 4.038971 	 0.016288 	 0.039398
23.484100 	 4.120300 	 -0.013209 	 0.023376
23.530779 	 4.109497 	 0.019633 	 0.038391
23.580629 	 4.155365 	 0.001832 	 0.039673
23.621869 	 4.152649 	 -0.003057 	 0.027374
23.669907 	 4.107300 	 -0.005444 	 0.017731
23.717038 	 4.021240 	 0.006157 	 0.024414
23.760544 	 4.161011 	 0.015095 	 0.041504
23.808582 	 4.003387 	 -0.016309 	 0.019958
23.856166 	 4.021454 	 0.027271 	 0.043304
23.901031 	 4.144958 	 -0.006157 	 0.036896
23.948163 	 4.037354 	 -0.004197 	 0.022095
23.993028 	 4.063141 	 -0.014338 	 0.004791
24.043332 	 3.971527 	 0.010504 	 0.022003
24.086385 	 4.162170 	 -0.009502 	 0.016998
24.134422 	 4.090942 	 0.024448 	 0.041626
24.179741 	 4.136078 	 0.003281 	 0.044830
24.226872 	 4.166473 	 -0.002780 	 0.031189
24.274004 	 4.044312 	 0.002248 	 0.027588
24.320682 	 4.038269 	 -0.001385 	 0.024017
24.365094 	 4.183563 	 -0.005188 	 0.017303
24.411772 	 4.128448 	 0.061732 	 0.083008
24.460263 	 4.160370 	 0.011675 	 0.087708
24.504222 	 4.095093 	 0.001257 	 0.057556
24.552260 	 4.107605 	 0.013380 	 0.053192
24.596219 	 4.190308 	 0.032320 	 0.076660
24.643803 	 4.112274 	 0.011974 	 0.072968
24.690482 	 4.126404 	 -0.004922 	 0.044739
24.736707 	 4.137878 	 0.034515 	 0.067993
24.783838 	 4.005280 	 0.032725 	 0.091766
24.829610 	 4.245270 	 -0.010440 	 0.056824
24.879007 	 4.086212 	 0.024746 	 0.059937
24.922966 	 4.170898 	 -0.035143 	 0.012939
24.969191 	 4.123291 	 0.014946 	 0.020050
25.019495 	 4.118378 	 0.035761 	 0.066162
25.062094 	 4.158112 	 -0.006200 	 0.049591
25.111945 	 4.044128 	 0.012677 	 0.045563
25.156357 	 4.158569 	 -0.016267 	 0.021088
25.203035 	 4.109283 	 0.016426 	 0.032349
25.248354 	 4.080109 	 -0.001513 	 0.032806
25.295032 	 4.169373 	 0.022978 	 0.051544
25.340804 	 4.162079 	 0.008085 	 0.053680
25.386122 	 4.059204 	 0.019612 	 0.060272
25.432347 	 4.088226 	 0.009630 	 0.057861
25.479932 	 4.125946 	 0.002301 	 0.044434
25.527969 	 4.058319 	 -0.013518 	 0.019531
25.573288 	 4.213470 	 0.003696 	 0.020050
25.619060 	 4.166992 	 -0.020432 	 0.001770
25.661206 	 4.083527 	 0.003803 	 0.009094
25.709697 	 4.143341 	 0.003973 	 0.023468
25.756375 	 4.106506 	 0.009630 	 0.035126
25.803960 	 4.078125 	 0.032192 	 0.065979
25.850638 	 4.163116 	 0.013156 	 0.069489
25.900035 	 4.247314 	 -0.019782 	 0.028046
25.946260 	 4.112427 	 0.001566 	 0.017670
25.989313 	 4.192505 	 0.018791 	 0.040314
26.036897 	 4.079803 	 -0.013220 	 0.025757
26.082216 	 4.107361 	 0.001513 	 0.021606
26.127534 	 4.136353 	 0.051591 	 0.077820
26.175572 	 4.143433 	 -0.008511 	 0.059082
26.220438 	 4.058075 	 -0.006690 	 0.028687
26.269382 	 4.001129 	 -0.012804 	 0.008820
26.315154 	 3.915466 	 -0.001182 	 0.008942
26.359113 	 4.159485 	 0.017193 	 0.034454
26.408057 	 4.076447 	 0.003366 	 0.039490
26.455188 	 4.018250 	 0.036091 	 0.069641
26.500507 	 4.111938 	 -0.040374 	 0.016876
26.549451 	 4.246124 	 0.028411 	 0.033508
26.594316 	 4.097290 	 0.038935 	 0.081055
26.640541 	 4.158478 	 0.002131 	 0.067444
26.682234 	 4.148132 	 0.021998 	 0.066559
26.731631 	 4.093536 	 0.018067 	 0.069916
26.780122 	 4.068329 	 -0.017470 	 0.032654
26.827707 	 4.094330 	 0.013081 	 0.034332
26.871213 	 4.009369 	 -0.008597 	 0.026093
26.920610 	 4.211090 	 0.015851 	 0.037781
26.967288 	 4.078125 	 -0.017758 	 0.017487
27.013060 	 4.164307 	 0.002205 	 0.016296
27.057019 	 4.085754 	 0.002621 	 0.024841
27.105510 	 4.236755 	 0.000948 	 0.026276
27.152188 	 4.094177 	 0.005710 	 0.030273
27.194788 	 4.131714 	 -0.007617 	 0.020966
27.243732 	 4.026520 	 0.042153 	 0.063171
27.289503 	 4.062714 	 0.029614 	 0.088776
27.337088 	 4.074341 	 -0.005912 	 0.057831
27.383766 	 4.139130 	 0.013934 	 0.051270
27.429991 	 4.202545 	 0.008000 	 0.049835
27.473497 	 4.258575 	 -0.019441 	 0.019196
27.524254 	 4.030396 	 0.018919 	 0.032043
27.570932 	 4.116058 	 0.012730 	 0.048401
27.613531 	 4.138153 	 0.008522 	 0.048187
27.662476 	 4.140442 	 -0.010301 	 0.027710
27.708247 	 4.114258 	 0.015084 	 0.037140
27.752660 	 4.095459 	 0.010312 	 0.047485
27.802057 	 4.172729 	 -0.005912 	 0.032288
27.844203 	 4.131683 	 -0.013721 	 0.011200
27.892241 	 4.014923 	 -0.003206 	 0.008331
27.938013 	 4.160095 	 -0.027622 	 -0.012482
27.986504 	 4.095551 	 0.004794 	 0.000458
28.032729 	 3.948120 	 0.028730 	 0.044891
28.078500 	 4.045380 	 -0.013785 	 0.029144
28.125179 	 4.138397 	 -0.010589 	 0.008972
28.170044 	 4.197083 	 0.003750 	 0.016571
28.218535 	 4.159332 	 0.033652 	 0.057129
28.266573 	 4.124420 	 -0.010152 	 0.040710
28.312344 	 4.066406 	 0.001800 	 0.028198
28.355850 	 4.152222 	 -0.012282 	 0.013123
28.400716 	 4.057129 	 -0.015926 	 -0.002869
28.450566 	 4.148437 	 0.046573 	 0.053436
28.496791 	 4.189575 	 0.036645 	 0.092102
28.541656 	 4.014618 	 0.012581 	 0.082581
28.591054 	 4.092285 	 -0.000202 	 0.054504
28.632747 	 4.117645 	 -0.004048 	 0.034149
28.682144 	 4.099396 	 0.005657 	 0.032715
28.728369 	 4.005188 	 -0.001598 	 0.028229
28.773688 	 4.161591 	 0.007340 	 0.032379
28.821272 	 4.091125 	 0.006338 	 0.037140
28.869310 	 4.141541 	 0.014370 	 0.047913
28.915082 	 4.146118 	 0.008874 	 0.048096
28.959494 	 4.231384 	 -0.018994 	 0.018982
29.008891 	 4.080658 	 0.007478 	 0.020782
29.051491 	 4.160004 	 0.027708 	 0.054291
29.099529 	 3.923126 	 -0.013923 	 0.033417
29.148019 	 4.100677 	 0.031873 	 0.055664
29.192432 	 4.122040 	 0.018493 	 0.070190
29.237750 	 4.110443 	 -0.000980 	 0.050568
29.285788 	 4.163727 	 0.012464 	 0.048218
29.330200 	 4.145294 	 0.039521 	 0.080811
29.375972 	 4.085693 	 -0.004208 	 0.060028
29.425822 	 4.039429 	 0.033428 	 0.072296
29.470235 	 3.993500 	 -0.018184 	 0.039734
29.515100 	 4.103333 	 0.016011 	 0.039795
29.564497 	 4.100616 	 -0.000554 	 0.037201
29.608003 	 4.252319 	 0.016426 	 0.046936
29.654681 	 4.121124 	 0.001694 	 0.043335
29.700000 	 4.194031 	 0.017034 	 0.051056
29.753023 	 4.050537 	 -0.003196 	 0.039246
29.795169 	 4.039368 	 0.038616 	 0.069183
29.842300 	 4.244385 	 0.013571 	 0.074158
29.889432 	 4.149261 	 0.001854 	 0.054443
29.935204 	 4.104431 	 -0.016671 	 0.021088
29.984601 	 4.144928 	 -0.018706 	 -0.004089
30.026747 	 4.177368 	 0.024416 	 0.029388
30.071613 	 4.126038 	 -0.008490 	 0.025238
30.121010 	 4.024323 	 0.002642 	 0.023071
30.168141 	 4.145599 	 0.019548 	 0.045135
30.213007 	 4.260651 	 -0.013540 	 0.027008
30.259685 	 4.109070 	 0.016522 	 0.036713
30.305910 	 4.188568 	 -0.004091 	 0.031281
30.352135 	 4.139343 	 0.021987 	 0.047302
30.400172 	 4.132263 	 0.035835 	 0.080383
30.445491 	 4.214661 	 0.006669 	 0.070251
30.493076 	 4.024689 	 -0.002663 	 0.044189
30.537035 	 4.149414 	 -0.000437 	 0.031494
30.585979 	 4.184143 	 -0.003153 	 0.023102
30.631750 	 4.168427 	 0.029401 	 0.051910
30.676616 	 4.284332 	 0.007489 	 0.056305
30.723294 	 4.166534 	 0.013550 	 0.055969
30.770425 	 4.190247 	 0.032672 	 0.077576
30.816650 	 4.096405 	 -0.028368 	 0.030487
30.862875 	 4.123627 	 0.039159 	 0.056793
30.907288 	 4.293518 	 0.030008 	 0.086975
30.956685 	 4.280090 	 0.009896 	 0.074371
31.000644 	 4.121552 	 0.001246 	 0.052155
31.049588 	 4.070374 	 0.014445 	 0.051636
31.094000 	 4.275208 	 0.007702 	 0.050201
31.141132 	 4.175476 	 0.015681 	 0.055328
31.185091 	 4.185638 	 0.010141 	 0.054382
31.230862 	 4.197235 	 0.013316 	 0.054993
31.278900 	 4.165649 	 0.026802 	 0.071136
31.326938 	 4.164001 	 -0.004155 	 0.050323
31.373163 	 4.111298 	 0.003185 	 0.037811
31.417575 	 4.086700 	 -0.007585 	 0.023010
31.467426 	 4.035645 	 0.014189 	 0.035980
31.510478 	 4.050140 	 -0.005657 	 0.028839
31.556703 	 4.079773 	 0.043463 	 0.069275
31.602928 	 4.107269 	 -0.000959 	 0.060669
31.651872 	 4.060242 	 0.006019 	 0.045715
31.695831 	 4.024475 	 0.036379 	 0.074005
31.743869 	 4.162659 	 -0.012741 	 0.048279
31.793266 	 4.300629 	 0.025055 	 0.054779
31.836772 	 4.123260 	 0.020485 	 0.068878
31.882091 	 4.162994 	 0.034461 	 0.088318
31.929222 	 4.162262 	 0.011441 	 0.078644
31.977713 	 4.203674 	 -0.043015 	 0.008026
32.021219 	 4.109985 	 0.009673 	 0.009888
32.069257 	 4.017334 	 -0.005529 	 0.015564
32.114575 	 4.061066 	 0.001076 	 0.019104
32.163066 	 4.108246 	 0.019558 	 0.042358
32.207932 	 4.181183 	 0.023734 	 0.064514
32.254156 	 4.132233 	 0.002226 	 0.053375
32.302194 	 4.104462 	 0.015862 	 0.053802
32.349779 	 4.196716 	 0.007169 	 0.050629
32.395551 	 4.172394 	 0.024757 	 0.064880
32.442682 	 4.172424 	 0.009513 	 0.061279
32.487547 	 4.138580 	 -0.004346 	 0.038696
32.532413 	 4.048798 	 -0.023862 	 0.004028
32.580904 	 3.995575 	 -0.005486 	 -0.000366
32.624863 	 4.131897 	 0.011121 	 0.022156
32.673807 	 4.095367 	 0.019846 	 0.047943
32.718219 	 4.035522 	 0.030179 	 0.073730
32.763991 	 4.098572 	 0.013167 	 0.071503
32.813841 	 4.138519 	 0.010120 	 0.061035
32.855081 	 4.212433 	 -0.010322 	 0.034058
32.907198 	 4.175507 	 0.023841 	 0.048767
32.950250 	 4.137451 	 -0.005380 	 0.039612
32.996475 	 4.058472 	 0.025385 	 0.054260
33.041341 	 4.114685 	 0.003324 	 0.051147
33.091644 	 4.145477 	 0.007148 	 0.044647
33.139229 	 4.164581 	 0.027292 	 0.064301
33.180469 	 4.005432 	 -0.011835 	 0.041351
33.232132 	 4.232605 	 0.012623 	 0.039978
33.274731 	 4.045959 	 0.009492 	 0.046509
33.320956 	 4.084198 	 -0.008661 	 0.029846
33.369901 	 4.140381 	 -0.019058 	 0.002350
33.414313 	 4.241821 	 0.047521 	 0.057007
33.458725 	 4.144806 	 0.005539 	 0.063354
33.507669 	 4.218262 	 -0.010578 	 0.031342
33.552988 	 4.066895 	 0.011974 	 0.035248
33.597400 	 4.150543 	 0.037966 	 0.074066
33.646797 	 4.047150 	 0.015127 	 0.076904
33.691209 	 4.173279 	 -0.006019 	 0.046448
33.739247 	 4.073578 	 -0.011004 	 0.019745
33.785925 	 4.255432 	 -0.034994 	 -0.019073
33.831697 	 4.063110 	 -0.014679 	 -0.023895
33.878375 	 4.135345 	 0.009151 	 0.005432
33.927319 	 4.170471 	 0.029678 	 0.049896
33.972638 	 4.272614 	 -0.015148 	 0.030579
34.017503 	 4.050171 	 0.038658 	 0.061310
34.063728 	 4.258545 	 0.018994 	 0.075653
34.111313 	 4.164581 	 -0.007915 	 0.046326
34.157991 	 4.123352 	 0.029007 	 0.060852
34.204669 	 4.062927 	 -0.020453 	 0.030396
34.251347 	 4.275299 	 0.024512 	 0.042664
34.296666 	 4.028046 	 0.015073 	 0.057465
34.343797 	 4.157318 	 0.028016 	 0.073059
34.391835 	 4.059570 	 0.005230 	 0.062714
34.436700 	 4.067108 	 0.009705 	 0.052399
34.483379 	 4.013428 	 -0.009662 	 0.030731
34.526884 	 4.079163 	 0.003963 	 0.026550
34.574016 	 3.953979 	 0.034760 	 0.062561
34.621600 	 4.120514 	 -0.013923 	 0.038971
34.669185 	 4.037384 	 -0.017928 	 0.005859
34.713597 	 4.136139 	 0.004772 	 0.012787
34.761635 	 4.152466 	 -0.017747 	 0.001740
34.808313 	 4.135223 	 -0.008725 	 -0.002075
34.854538 	 4.236206 	 -0.012474 	 -0.003723
34.900310 	 4.130493 	 0.014860 	 0.021301
34.945628 	 4.081482 	 -0.023873 	 0.004364
34.995026 	 4.126129 	 0.012634 	 0.018219

 Z Turning Point (V) = 2.702118 
 Turning Time Delay (ms) = 0 
 SEN (V) =  
 App. Driving Voltage (mVrms) = 0.005000 
 App. Vias. Voltage (V) = 0.000000 
 App. Del Z (Bit) = -10 
 App. Delay Time (ms) = 400 
 App. Velocity (nm/s) = -0.113298 
 Ret. Driving Voltage (mVrms) = 0.005000 
 Ret. Vias. Voltage (V) = 0.000000 
 Ret. Del Z (Bit) = -10 
 Ret. Delay Time (ms) = 400 
 Ret. Velocity (nm/s) = -0.113298 
  
 Data Array Size = 1617 
 Frequency (Hz) = sen.
 
