22.694650 	 4.065094 	 -0.015777 	 0.002289
22.650691 	 4.091980 	 -0.008064 	 -0.002533
22.602654 	 4.116180 	 0.032128 	 0.042267
22.555522 	 4.162964 	 -0.037583 	 0.005371
22.508844 	 4.165497 	 0.015031 	 0.015778
22.463979 	 4.153137 	 0.008959 	 0.035431
22.416847 	 4.024841 	 -0.003803 	 0.028076
22.372435 	 4.216125 	 0.016149 	 0.041504
22.325304 	 4.107971 	 -0.019335 	 0.020203
22.278625 	 4.035156 	 -0.001321 	 0.013306
22.231494 	 4.196198 	 -0.033950 	 -0.016815
22.187082 	 4.071198 	 0.028144 	 0.020966
22.138591 	 4.160706 	 -0.011015 	 0.021515
22.091460 	 4.157074 	 0.008661 	 0.028961
22.044781 	 4.059204 	 0.004485 	 0.034180
21.997650 	 4.107971 	 0.016011 	 0.046631
21.951878 	 4.263153 	 -0.024853 	 0.014160
21.908372 	 4.127533 	 0.010621 	 0.020050
21.862148 	 4.008759 	 0.002461 	 0.029236
21.815016 	 4.193939 	 -0.009353 	 0.017242
21.765166 	 4.052307 	 0.012037 	 0.029541
21.722113 	 4.025330 	 0.036134 	 0.068512
21.673169 	 3.992035 	 -0.004517 	 0.053101
21.626491 	 4.251801 	 -0.008522 	 0.025696
21.583438 	 4.192200 	 -0.009705 	 0.010559
21.533134 	 4.058044 	 0.008501 	 0.022522
21.486909 	 4.217133 	 0.014104 	 0.040833
21.443857 	 4.056061 	 0.018472 	 0.055328
21.393100 	 4.036926 	 0.015990 	 0.061920
21.350047 	 4.063049 	 0.024746 	 0.072815
21.301556 	 4.047577 	 0.024384 	 0.081177
21.254878 	 4.133057 	 0.026440 	 0.086060
21.211372 	 3.996063 	 0.019846 	 0.084137
21.164694 	 4.214294 	 0.013358 	 0.071198
21.114844 	 4.200684 	 0.034238 	 0.083740
21.070885 	 4.097687 	 -0.019846 	 0.042175
21.025113 	 4.175629 	 -0.004900 	 0.019348
20.978435 	 4.021118 	 -0.002929 	 0.017181
20.931303 	 4.048126 	 0.028847 	 0.050690
20.885985 	 4.134521 	 0.001182 	 0.048706
20.841119 	 4.060547 	 0.035676 	 0.075623
20.790363 	 4.094910 	 0.003728 	 0.065216
20.746404 	 4.116302 	 0.008000 	 0.051270
20.699272 	 4.138855 	 -0.003228 	 0.036743
20.649422 	 4.100220 	 0.020943 	 0.048584
20.608635 	 4.128571 	 -0.020869 	 0.020966
20.559691 	 4.140350 	 0.012506 	 0.026184
20.509387 	 4.076385 	 0.026727 	 0.057404
20.468600 	 4.122314 	 0.028528 	 0.079346
20.422829 	 4.123016 	 0.001129 	 0.060486
20.377963 	 4.152832 	 0.006551 	 0.047180
20.326300 	 4.126068 	 0.001523 	 0.038879
20.281435 	 4.103119 	 -0.009342 	 0.021729
20.235210 	 3.992432 	 0.001172 	 0.019806
20.188531 	 4.095154 	 0.007446 	 0.029816
20.144119 	 4.064056 	 0.034813 	 0.066010
20.095175 	 4.080902 	 0.003004 	 0.061157
20.049857 	 4.108948 	 -0.003249 	 0.037994
20.003632 	 4.045654 	 0.005965 	 0.034973
19.956500 	 3.955231 	 -0.005497 	 0.024231
19.911182 	 4.158722 	 -0.015713 	 0.005554
19.861784 	 4.004944 	 0.003004 	 0.012482
19.818732 	 4.035339 	 0.011473 	 0.031677
19.770694 	 4.141205 	 0.001278 	 0.033173
19.723563 	 4.242889 	 -0.007116 	 0.020721
19.679150 	 4.287079 	 0.006466 	 0.026459
19.631113 	 4.161133 	 -0.003206 	 0.024506
19.586700 	 4.145447 	 0.036059 	 0.061310
19.540929 	 4.075409 	 -0.008639 	 0.045898
19.494704 	 4.129974 	 -0.035569 	 -0.006866
19.448479 	 4.115387 	 -0.023468 	 -0.028473
19.401347 	 3.992004 	 -0.005582 	 -0.013885
19.351497 	 4.196991 	 0.018323 	 0.023895
19.309804 	 4.028870 	 0.018099 	 0.050171
19.261766 	 4.230530 	 -0.005444 	 0.036407
19.213728 	 4.120056 	 0.003388 	 0.031250
19.167050 	 4.154358 	 0.010940 	 0.039825
19.121278 	 4.096588 	 0.006605 	 0.043243
19.078226 	 4.178253 	 0.012858 	 0.048401
19.027469 	 4.095978 	 -0.021721 	 0.016876
18.982150 	 4.241394 	 0.007127 	 0.021179
18.937285 	 4.172333 	 -0.002961 	 0.021973
18.889247 	 4.084045 	 -0.014914 	 0.006012
18.845741 	 4.202454 	 -0.001257 	 0.009705
18.798610 	 4.133118 	 -0.011334 	 0.005157
18.747853 	 4.086853 	 -0.004112 	 0.006287
18.704347 	 4.142944 	 0.017779 	 0.032806
18.657669 	 4.199066 	 0.028006 	 0.063873
18.611444 	 4.148499 	 0.002120 	 0.054718
18.564313 	 4.169586 	 -0.007489 	 0.031067
18.520807 	 4.257538 	 0.004314 	 0.029541
18.469144 	 4.085907 	 0.008714 	 0.037079
18.425638 	 4.148956 	 0.013018 	 0.046021
18.377600 	 4.159760 	 -0.001768 	 0.037567
18.330922 	 4.102203 	 0.042930 	 0.074921
18.285603 	 4.220612 	 -0.014488 	 0.048035
18.240738 	 4.117340 	 -0.000565 	 0.028870
18.196326 	 4.190094 	 0.013401 	 0.039032
18.147835 	 4.155304 	 0.023329 	 0.060669
18.096625 	 4.155609 	 -0.002418 	 0.046478
18.052213 	 4.166016 	 0.018450 	 0.052246
18.008253 	 4.167206 	 -0.009406 	 0.034546
17.958403 	 4.189362 	 0.013135 	 0.038879
17.917163 	 4.209808 	 0.027377 	 0.064728
17.868219 	 4.114258 	 -0.003324 	 0.049744
17.820634 	 4.145599 	 -0.012559 	 0.021301
17.775769 	 4.141541 	 0.000554 	 0.019196
17.729091 	 4.203308 	 -0.006019 	 0.015381
17.682413 	 4.240051 	 -0.004165 	 0.013062
17.635281 	 4.134979 	 0.006402 	 0.023376
17.586790 	 4.158936 	 -0.008586 	 0.018250
17.542378 	 4.148193 	 -0.009864 	 0.006042
17.498872 	 4.081055 	 -0.010067 	 0.000793
17.451288 	 4.188385 	 0.028996 	 0.040222
17.404610 	 4.149384 	 -0.018237 	 0.023376
17.357478 	 4.168793 	 0.002152 	 0.018158
17.313972 	 4.044403 	 0.006637 	 0.029968
17.264575 	 4.232178 	 -0.012570 	 0.013977
17.217897 	 4.070587 	 0.005049 	 0.019684
17.170312 	 4.011047 	 0.022477 	 0.046783
17.126353 	 4.138824 	 0.000309 	 0.042358
17.080128 	 4.055450 	 0.015606 	 0.049072
17.032997 	 4.169189 	 0.011867 	 0.053741
16.987679 	 4.177399 	 0.009694 	 0.052765
16.940094 	 4.073303 	 0.006402 	 0.047272
16.892056 	 4.120270 	 -0.019036 	 0.018524
16.844925 	 4.093414 	 -0.002439 	 0.010681
16.800060 	 4.136139 	 0.043186 	 0.062042
16.755647 	 4.093903 	 0.010482 	 0.068268
16.705344 	 4.110168 	 -0.027718 	 0.018860
16.660478 	 4.141327 	 0.010717 	 0.021912
16.616066 	 4.130127 	 -0.007915 	 0.019775
16.569841 	 4.121399 	 -0.005113 	 0.014343
16.521803 	 4.131775 	 0.021273 	 0.039795
16.475125 	 4.040405 	 0.035537 	 0.077209
16.431166 	 4.073334 	 0.004048 	 0.066010
16.380409 	 4.045746 	 -0.002589 	 0.041168
16.334184 	 4.101898 	 0.004783 	 0.035065
16.289319 	 4.187164 	 0.002258 	 0.033539
16.241281 	 4.129364 	 -0.004527 	 0.025391
16.197775 	 4.196350 	 0.017630 	 0.041321
16.151097 	 4.122070 	 0.027814 	 0.067657
16.102606 	 4.171417 	 0.025183 	 0.082184
16.058647 	 4.224457 	 0.013987 	 0.074066
16.011516 	 4.040039 	 -0.004069 	 0.047729
15.968463 	 4.110107 	 -0.054850 	 -0.023987
15.918159 	 4.179443 	 -0.005763 	 -0.026276
15.871028 	 4.201263 	 0.001214 	 0.000397
15.827975 	 4.150238 	 -0.006040 	 0.006500
15.779938 	 4.115692 	 0.002354 	 0.015259
15.731900 	 3.972107 	 0.001502 	 0.021790
15.685222 	 4.161011 	 0.011750 	 0.035950
15.640356 	 4.281036 	 0.010003 	 0.044464
15.595038 	 4.278290 	 -0.004314 	 0.032745
15.547453 	 4.093903 	 0.008085 	 0.035431
15.500322 	 4.124268 	 -0.019793 	 0.011139
15.457269 	 4.172180 	 -0.040086 	 -0.031799
15.407419 	 4.134705 	 0.004474 	 -0.011658
15.360287 	 3.984985 	 -0.012016 	 -0.003387
15.315875 	 4.192291 	 0.004730 	 0.012604
15.269197 	 4.192230 	 0.013422 	 0.034454
15.221613 	 4.094849 	 0.021348 	 0.056335
15.176747 	 4.147247 	 0.002823 	 0.049713
15.127350 	 4.113098 	 0.010706 	 0.046875
15.082484 	 4.230133 	 0.001108 	 0.039581
15.035353 	 4.088867 	 0.021838 	 0.053802
14.989581 	 4.190094 	 0.019601 	 0.066528
14.942450 	 4.029236 	 0.002184 	 0.052582
14.895772 	 4.135284 	 -0.008405 	 0.029541
14.852719 	 4.100006 	 0.036315 	 0.061707
14.804228 	 4.041321 	 -0.007723 	 0.046844
14.757097 	 3.995361 	 -0.030626 	 -0.001099
14.711325 	 4.104279 	 0.017097 	 0.018066
14.664647 	 4.124481 	 -0.010131 	 0.018524
14.621141 	 4.100769 	 0.024980 	 0.044037
14.570837 	 4.035950 	 -0.008671 	 0.032043
14.525519 	 4.132080 	 0.004261 	 0.028046
14.479747 	 4.053070 	 -0.026291 	 0.000092
14.432162 	 4.107422 	 0.008000 	 0.011169
14.387297 	 4.217010 	 0.009353 	 0.031281
14.338353 	 4.152374 	 0.033140 	 0.063812
14.295753 	 3.994965 	 0.027942 	 0.085144
14.250435 	 4.187500 	 -0.009907 	 0.052460
14.201491 	 4.196014 	 -0.039734 	 -0.009277
14.155266 	 4.028351 	 -0.000692 	 -0.007568
14.106322 	 4.201202 	 0.007169 	 0.018127
14.062816 	 4.097595 	 0.005092 	 0.029449
14.015231 	 4.026215 	 -0.022136 	 0.004883
13.968553 	 3.927643 	 0.011526 	 0.018127
13.921875 	 4.069824 	 0.023383 	 0.051270
13.876556 	 3.948364 	 0.004336 	 0.050720
13.828972 	 4.041138 	 0.033662 	 0.072083
13.783653 	 4.116882 	 0.028634 	 0.089081
13.735616 	 4.169586 	 -0.008181 	 0.056274
13.690750 	 4.146240 	 0.019601 	 0.054993
13.644072 	 4.139191 	 0.016000 	 0.062714
13.601472 	 4.123383 	 -0.023159 	 0.024567
13.550262 	 4.119324 	 0.011047 	 0.025513
13.505850 	 4.102325 	 -0.030115 	 -0.002258
13.460078 	 4.102051 	 0.000799 	 0.001373
13.412041 	 4.144073 	 0.049183 	 0.065857
13.365816 	 4.160309 	 0.010312 	 0.072632
13.320950 	 4.086182 	 0.030371 	 0.081512
13.272913 	 4.233582 	 -0.002120 	 0.059387
13.227141 	 4.075012 	 -0.026035 	 0.009277
13.180916 	 3.971161 	 -0.011963 	 -0.005493
13.135597 	 4.024384 	 0.021998 	 0.028656
13.090732 	 4.099670 	 0.001033 	 0.035706
13.042241 	 4.161438 	 0.019409 	 0.049744
12.992390 	 4.009277 	 -0.005081 	 0.038025
12.945712 	 4.069275 	 0.015595 	 0.044922
12.899487 	 4.258453 	 0.038445 	 0.080200
12.855528 	 4.155243 	 0.009481 	 0.074310
12.806131 	 4.122040 	 -0.040043 	 0.007690
12.761266 	 4.094055 	 0.024107 	 0.026215
12.715947 	 4.069977 	 0.015904 	 0.051636
12.668816 	 3.942993 	 -0.015404 	 0.025818
12.622591 	 4.138641 	 0.008810 	 0.026459
12.579085 	 4.250031 	 0.019846 	 0.047821
12.529687 	 4.125702 	 -0.021422 	 0.018890
12.484369 	 4.303253 	 0.010770 	 0.023895
12.436784 	 4.148956 	 0.019793 	 0.049866
12.389200 	 4.158173 	 -0.038371 	 0.004059
12.345694 	 4.031067 	 0.008639 	 0.008575
12.297203 	 4.104675 	 0.018472 	 0.040192
12.251884 	 4.099579 	 -0.006977 	 0.031372
12.204753 	 4.143158 	 -0.005678 	 0.018158
12.159435 	 4.197144 	 0.032597 	 0.055176
12.111850 	 4.154572 	 -0.014850 	 0.034729
12.067891 	 4.001160 	 0.015457 	 0.038910
12.020306 	 4.091217 	 -0.004325 	 0.031464
11.974081 	 4.258392 	 -0.009971 	 0.014587
11.926497 	 4.218262 	 -0.025332 	 -0.010498
11.880725 	 4.180084 	 0.019622 	 0.019287
11.834047 	 4.189117 	 0.016075 	 0.046204
11.784650 	 4.094879 	 -0.014786 	 0.023987
11.736612 	 4.200470 	 0.001491 	 0.020325
11.694919 	 4.122314 	 0.018781 	 0.042725
11.647334 	 4.116089 	 0.000181 	 0.041077
11.600203 	 4.188934 	 0.021646 	 0.053894
11.553978 	 4.183228 	 -0.014935 	 0.030823
11.510019 	 4.112762 	 -0.015457 	 0.004669
11.464247 	 4.129120 	 0.000075 	 0.009308
11.417116 	 4.062073 	 0.026589 	 0.045227
11.367265 	 4.141174 	 0.001012 	 0.045258
11.323306 	 3.986267 	 0.015649 	 0.049866
11.275269 	 4.123016 	 -0.002194 	 0.039795
11.228137 	 4.232666 	 -0.012006 	 0.017700
11.184178 	 4.104553 	 -0.001960 	 0.014526
11.134328 	 4.160461 	 0.023990 	 0.043793
11.091728 	 4.103027 	 0.018056 	 0.061401
11.043237 	 4.170380 	 -0.001289 	 0.046234
10.996106 	 4.185150 	 0.028762 	 0.063049
10.950787 	 4.062317 	 0.002205 	 0.055969
10.906828 	 4.106537 	 0.023830 	 0.064728
10.858337 	 4.101288 	 -0.001097 	 0.050598
10.808940 	 4.041260 	 -0.013316 	 0.020966
10.766341 	 4.179199 	 0.022392 	 0.040771
10.718756 	 4.204224 	 0.011462 	 0.052521
10.674344 	 4.097198 	 0.004517 	 0.046387
10.626759 	 4.235901 	 -0.001097 	 0.034546
10.580988 	 4.163910 	 -0.012762 	 0.014618
10.536122 	 4.198242 	 -0.003079 	 0.010803
10.487178 	 4.311035 	 -0.010440 	 0.005249
10.439594 	 4.169830 	 0.010131 	 0.022766
10.393822 	 4.108276 	 0.033279 	 0.062531
10.344878 	 4.229431 	 0.001204 	 0.056396
10.300012 	 4.119293 	 0.006296 	 0.043701
10.255600 	 4.082214 	 0.012517 	 0.049805
10.208469 	 4.163208 	 0.028741 	 0.070862
10.162244 	 4.142487 	 -0.018536 	 0.037048
10.113753 	 4.152618 	 0.019793 	 0.042511
10.069341 	 4.066376 	 -0.006456 	 0.033112
10.021756 	 4.088318 	 0.000948 	 0.026062
9.974171 	 4.103516 	 0.015233 	 0.040710
9.929759 	 4.099121 	 -0.021689 	 0.013702
9.881268 	 4.089355 	 0.011803 	 0.022461
9.837309 	 4.121735 	 0.027739 	 0.059113
9.791537 	 4.071808 	 0.010067 	 0.060608
9.744406 	 3.958313 	 -0.000064 	 0.045563
9.695915 	 4.112946 	 0.002162 	 0.035278
9.651050 	 4.086365 	 0.013646 	 0.044586
9.604372 	 4.060944 	 0.026344 	 0.066223
9.559506 	 3.971252 	 0.003334 	 0.057434
9.513281 	 4.193756 	 0.002077 	 0.042542
9.466603 	 4.118225 	 0.005188 	 0.039490
9.420378 	 4.034332 	 -0.010962 	 0.021118
9.371434 	 3.984924 	 -0.012506 	 0.005127
9.325209 	 4.186340 	 0.002290 	 0.013153
9.278984 	 4.176300 	 -0.010450 	 0.007843
9.236385 	 4.023651 	 -0.003675 	 0.008118
9.189706 	 4.126251 	 -0.016384 	 -0.002502
9.138950 	 4.021484 	 0.019825 	 0.026154
9.094991 	 4.089142 	 0.029092 	 0.063049
9.049672 	 4.179932 	 0.024458 	 0.078552
9.002994 	 4.127228 	 0.022861 	 0.082031
8.954956 	 4.080200 	 -0.012208 	 0.045654
8.910091 	 4.185455 	 -0.007574 	 0.020782
8.861600 	 4.158325 	 -0.011558 	 0.008820
8.816281 	 4.068451 	 -0.023308 	 -0.011627
8.768243 	 4.101196 	 0.019825 	 0.019714
8.721565 	 4.131897 	 0.007617 	 0.037689
8.675340 	 4.073364 	 0.005752 	 0.038757
8.630475 	 4.070099 	 -0.015723 	 0.015442
8.582890 	 4.175598 	 0.038605 	 0.054077
8.538478 	 4.129150 	 0.010301 	 0.064758
8.492706 	 4.106201 	 0.009236 	 0.055908
8.443762 	 4.185364 	 -0.009673 	 0.031097
8.398444 	 4.228912 	 0.025907 	 0.050995
8.353578 	 4.165192 	 0.012986 	 0.060455
8.305994 	 4.098236 	 -0.004847 	 0.041321
8.260675 	 4.089081 	 0.013412 	 0.044464
8.209012 	 3.964294 	 -0.020357 	 0.016876
8.166412 	 4.240295 	 0.016970 	 0.029816
8.119734 	 4.169250 	 0.041066 	 0.076385
8.073056 	 4.185303 	 -0.014999 	 0.047485
8.025925 	 4.251617 	 -0.002695 	 0.025299
7.981512 	 3.959259 	 0.025311 	 0.050598
7.932568 	 4.134338 	 -0.006242 	 0.038452
7.888609 	 4.174133 	 -0.011377 	 0.016083
7.842384 	 4.116425 	 0.000128 	 0.017029
7.794800 	 4.093719 	 0.012964 	 0.034180
7.744949 	 3.971100 	 -0.003803 	 0.029785
7.701897 	 4.072388 	 0.010525 	 0.036438
7.655219 	 4.214996 	 0.003888 	 0.038330
7.607181 	 4.237183 	 -0.002226 	 0.029694
7.565034 	 4.157196 	 -0.006977 	 0.018250
7.517903 	 3.979675 	 -0.031202 	 -0.014343
7.467146 	 4.194183 	 0.021156 	 0.015808
7.423640 	 4.139160 	 -0.002386 	 0.024719
7.376509 	 4.153168 	 -0.004005 	 0.018677
7.330737 	 4.079254 	 -0.035995 	 -0.018311
7.285872 	 4.177307 	 0.002748 	 -0.006287
7.237381 	 3.966278 	 -0.023127 	 -0.013672
7.192516 	 4.075836 	 0.039298 	 0.037964
7.145837 	 4.099762 	 -0.035974 	 0.008087
7.098253 	 4.039307 	 0.024395 	 0.027771
7.053387 	 4.063080 	 0.018386 	 0.054016
7.006256 	 4.277832 	 -0.010024 	 0.034363
6.958218 	 4.068420 	 0.005571 	 0.029358
6.909274 	 4.049255 	 0.040959 	 0.071136
6.863956 	 4.059357 	 0.015659 	 0.077606
6.820450 	 4.111267 	 -0.006615 	 0.049042
6.772865 	 4.059631 	 0.014839 	 0.047668
6.725734 	 4.165588 	 -0.000128 	 0.040619
6.680415 	 4.071320 	 -0.006179 	 0.025055
6.635097 	 4.107971 	 0.018429 	 0.041840
6.587965 	 4.200317 	 0.007265 	 0.047241
6.542647 	 4.082306 	 0.018493 	 0.056641
6.495969 	 4.041199 	 -0.023265 	 0.022003
6.447025 	 4.181183 	 -0.008043 	 0.005615
6.403065 	 4.066406 	 0.000650 	 0.013672
6.357747 	 4.088257 	 0.023265 	 0.043854
6.309256 	 4.132355 	 -0.007276 	 0.034698
6.262578 	 4.030060 	 -0.007542 	 0.017822
6.216806 	 4.152405 	 -0.040650 	 -0.024139
6.169675 	 3.978241 	 -0.012219 	 -0.026825
6.122997 	 4.089386 	 -0.009577 	 -0.014465
6.080850 	 4.145966 	 0.015830 	 0.019928
6.031453 	 4.189301 	 -0.009619 	 0.019073
5.985681 	 4.139801 	 0.000245 	 0.019867
5.938097 	 4.029175 	 -0.008426 	 0.013367
5.891418 	 4.120148 	 -0.020687 	 -0.006134
5.847913 	 4.072083 	 -0.006274 	 -0.003357
5.797609 	 4.170776 	 -0.002418 	 0.006012
5.754556 	 4.143311 	 -0.010035 	 0.003571
5.703346 	 4.248566 	 -0.011558 	 -0.001923
5.657121 	 4.117859 	 -0.005422 	 0.001129
5.612709 	 4.063995 	 -0.000629 	 0.010742
5.566937 	 4.101013 	 0.009864 	 0.027039
5.521619 	 4.148773 	 -0.009278 	 0.019745
5.471768 	 3.905914 	 -0.008245 	 0.010284
5.430075 	 4.082428 	 -0.027835 	 -0.015442
5.379771 	 4.005005 	 0.008277 	 0.004333
5.335359 	 4.131042 	 -0.012666 	 0.005951
5.288228 	 4.095245 	 -0.035697 	 -0.026489
5.242909 	 4.126343 	 -0.034898 	 -0.049225
5.197591 	 4.027039 	 0.023457 	 0.002228
5.146834 	 4.095245 	 0.018674 	 0.043945
5.101062 	 4.212250 	 -0.000692 	 0.038086
5.055743 	 4.159271 	 -0.024767 	 0.003418
5.011784 	 4.035370 	 -0.002929 	 0.001892
4.961934 	 3.986420 	 -0.011888 	 -0.000305
4.917068 	 4.136932 	 -0.014828 	 -0.008179
4.870844 	 4.241364 	 -0.014104 	 -0.011078
4.825525 	 4.170013 	 -0.027516 	 -0.027100
4.777940 	 3.998016 	 -0.011601 	 -0.023041
4.731262 	 4.122131 	 -0.040075 	 -0.043213
4.688663 	 4.018982 	 0.017087 	 -0.005280
4.639719 	 4.151123 	 0.033290 	 0.052948
4.593494 	 4.226074 	 -0.032629 	 0.015717
4.546815 	 3.993164 	 0.001555 	 0.008789
4.500137 	 4.189087 	 -0.009555 	 0.007294
4.455725 	 4.023224 	 -0.003835 	 0.008850
4.405875 	 4.121002 	 -0.015809 	 -0.000153
4.363728 	 4.036102 	 -0.024735 	 -0.020264
4.313878 	 4.186310 	 0.017918 	 0.012939
4.270372 	 4.049347 	 -0.016991 	 0.007568
4.221428 	 4.126038 	 0.016821 	 0.026672
4.174750 	 4.139282 	 -0.027271 	 0.003296
4.128978 	 4.032104 	 -0.011526 	 -0.009247
4.084113 	 3.930267 	 -0.013859 	 -0.009521
4.037888 	 4.027344 	 -0.018024 	 -0.014709
3.991663 	 4.112396 	 -0.019803 	 -0.021851
3.940906 	 4.162537 	 -0.011505 	 -0.020477
3.896494 	 4.142029 	 -0.001300 	 -0.001617
3.850722 	 4.060791 	 -0.033268 	 -0.023071
3.806763 	 4.017426 	 -0.036475 	 -0.049469
3.758272 	 4.090912 	 -0.017609 	 -0.042297
3.712047 	 4.176361 	 -0.045860 	 -0.061096
3.666728 	 4.038086 	 -0.003153 	 -0.035980
3.617784 	 4.089569 	 -0.011579 	 -0.016541
3.572012 	 4.209259 	 -0.038999 	 -0.039856
3.525787 	 4.095276 	 -0.041364 	 -0.063354
3.477296 	 4.190125 	 -0.022264 	 -0.056183
3.435603 	 4.142090 	 -0.016000 	 -0.037811
3.385753 	 4.123047 	 -0.001704 	 -0.012695
3.339981 	 4.128387 	 -0.029369 	 -0.024384
3.293303 	 4.085449 	 -0.048139 	 -0.060425
3.247078 	 4.009216 	 -0.008490 	 -0.041809
3.200400 	 4.105011 	 -0.023148 	 -0.033142
3.154175 	 4.149261 	 -0.019409 	 -0.030548
3.107950 	 4.185211 	 -0.039905 	 -0.052002
3.063991 	 4.025024 	 -0.045348 	 -0.074158
3.015047 	 4.113159 	 -0.060731 	 -0.102661
2.969275 	 4.001984 	 -0.036176 	 -0.095398
2.919424 	 4.165405 	 0.002450 	 -0.041321
2.872746 	 4.113251 	 -0.047351 	 -0.053986
2.829694 	 4.122070 	 -0.032064 	 -0.063690
2.784828 	 4.095428 	 -0.036869 	 -0.066864
2.739056 	 4.031616 	 -0.056225 	 -0.091217
2.692378 	 4.091034 	 -0.038989 	 -0.091492
2.644341 	 4.079315 	 -0.044933 	 -0.090912
2.598116 	 4.090881 	 -0.037604 	 -0.085937
2.550984 	 3.972717 	 -0.036677 	 -0.079620
2.501134 	 4.090820 	 -0.045945 	 -0.085114
2.460347 	 3.993835 	 -0.051964 	 -0.098938
2.409590 	 4.088043 	 -0.043729 	 -0.100952
2.364272 	 3.164062 	 -0.533229 	 -0.607147
2.319406 	 2.944855 	 -0.549112 	 -1.046448
2.272275 	 3.055084 	 -0.522491 	 -1.221283
2.226050 	 3.004639 	 -0.477665 	 -1.245544
2.180278 	 3.104706 	 -0.474469 	 -1.235596
2.131787 	 3.161102 	 -0.498981 	 -1.256622
2.085562 	 3.232819 	 -0.443640 	 -1.219086
2.039790 	 3.219818 	 -0.446154 	 -1.183990
1.994925 	 3.064148 	 -0.460599 	 -1.184174
1.945528 	 3.234100 	 -0.477057 	 -1.207275
1.900209 	 3.138794 	 -0.425946 	 -1.170746
1.852625 	 3.153107 	 -0.405408 	 -1.112488
1.808665 	 3.224518 	 -0.467523 	 -1.143127
1.759721 	 3.308899 	 -0.381983 	 -1.094208
1.711230 	 3.191742 	 -0.396598 	 -1.051117
1.669537 	 3.312958 	 -0.397876 	 -1.040222
1.621500 	 3.313660 	 -0.399133 	 -1.036163
1.575275 	 3.363770 	 -0.399080 	 -1.035309
1.529503 	 3.246796 	 -0.376944 	 -1.011536
1.482372 	 3.311798 	 -0.311292 	 -0.924072
1.435240 	 3.391022 	 -0.372406 	 -0.922607
1.389922 	 3.350311 	 -0.336006 	 -0.907410
1.342790 	 3.433105 	 -0.320208 	 -0.869110
1.297472 	 3.278839 	 -0.293374 	 -0.817932
1.253513 	 3.280762 	 -0.318131 	 -0.810272
1.205928 	 3.348846 	 -0.250220 	 -0.743958
1.157437 	 3.324646 	 -0.183939 	 -0.618073
1.110306 	 3.414917 	 -0.243402 	 -0.597595
1.064081 	 3.175110 	 -0.202485 	 -0.569458
1.017856 	 3.253662 	 -0.166852 	 -0.503082
0.972537 	 3.207458 	 -0.060720 	 -0.347290
0.924500 	 3.301117 	 -0.173787 	 -0.352722
0.880087 	 3.133606 	 -0.108028 	 -0.332367
0.832956 	 2.824554 	 -0.002844 	 -0.186432
0.785371 	 2.353790 	 0.607637 	 0.561493
0.737787 	 2.655304 	 0.168855 	 0.679474
0.692468 	 2.316772 	 0.506416 	 0.910706
0.645790 	 1.148804 	 1.112850 	 1.790344
0.600925 	 1.691223 	 0.523577 	 1.806305
0.555153 	 1.241455 	 1.066234 	 2.137787
0.508022 	 1.134094 	 1.169778 	 2.636841
0.461797 	 1.113464 	 0.817569 	 2.520538
0.415118 	 0.690979 	 1.695475 	 3.256775
0.369800 	 0.579620 	 1.245401 	 3.461823
0.322215 	 0.597961 	 1.345269 	 3.485535
0.275990 	 0.742554 	 1.291622 	 3.469147
0.227046 	 0.492859 	 1.459242 	 3.626648
0.185353 	 0.531128 	 1.601476 	 3.915314
0.138222 	 0.509705 	 1.503386 	 3.996765
0.090184 	 0.473999 	 1.267228 	 3.746521
0.043959 	 0.446564 	 1.494374 	 3.782043
0.000000 	 0.401489 	 1.535888 	 3.934143
0.046225 	 0.404633 	 1.407502 	 3.881287
0.091544 	 0.479645 	 1.618019 	 4.029663
0.137315 	 0.473480 	 1.394847 	 3.944946
0.183087 	 0.487610 	 1.545539 	 3.976776
0.226593 	 0.568054 	 1.414906 	 3.914276
0.273271 	 0.443878 	 1.502151 	 3.928497
0.320403 	 0.522858 	 1.459210 	 3.923218
0.367534 	 0.436615 	 1.504761 	 3.951721
0.415118 	 0.598816 	 1.298430 	 3.762207
0.460890 	 0.515747 	 1.554072 	 3.867187
0.508022 	 0.606689 	 1.497208 	 3.957214
0.555153 	 0.573944 	 1.257790 	 3.721680
0.597299 	 0.563812 	 1.208574 	 3.469910
0.648509 	 0.692749 	 1.421766 	 3.564758
0.692015 	 0.789520 	 1.203578 	 3.460205
0.741412 	 0.694763 	 1.319021 	 3.449341
0.785371 	 0.649811 	 1.323080 	 3.490356
0.833409 	 0.681213 	 1.450507 	 3.646759
0.880540 	 0.882660 	 1.378974 	 3.690796
0.924953 	 0.847870 	 1.228623 	 3.524963
0.972084 	 1.108856 	 1.073233 	 3.226288
1.019215 	 0.998444 	 1.049509 	 3.008209
1.067706 	 0.827301 	 1.278126 	 3.141632
1.111212 	 0.488983 	 1.343160 	 3.359985
1.156984 	 0.799316 	 1.168819 	 3.297577
1.207288 	 1.096039 	 0.984730 	 3.006470
1.251247 	 1.097656 	 1.095603 	 2.920959
1.298378 	 1.247284 	 1.680678 	 3.544617
1.343697 	 1.705170 	 0.554023 	 2.869232
1.392641 	 1.092987 	 0.318067 	 1.870422
1.437506 	 1.893616 	 0.704939 	 1.740051
1.483731 	 2.508270 	 0.437579 	 1.552429
1.529956 	 1.935150 	 0.563642 	 1.490692
1.574821 	 2.638824 	 0.309960 	 1.245880
1.623312 	 2.469452 	 0.385072 	 1.112640
1.670444 	 2.791168 	 0.090558 	 0.774231
1.715309 	 2.970795 	 0.109648 	 0.523407
1.761081 	 2.689972 	 0.212989 	 0.526245
1.805946 	 2.276215 	 0.449914 	 0.816254
1.856250 	 2.986328 	 0.079138 	 0.649902
1.900662 	 3.109680 	 0.057354 	 0.403076
1.948700 	 2.961456 	 0.045934 	 0.274628
1.994019 	 3.055237 	 0.027452 	 0.194336
2.040244 	 3.055603 	 -0.015755 	 0.098663
2.089188 	 3.082397 	 -0.046073 	 0.008240
2.133600 	 3.412598 	 -0.150245 	 -0.153290
2.177559 	 3.201782 	 -0.218667 	 -0.338562
2.225143 	 3.139862 	 -0.177473 	 -0.407013
2.270915 	 3.255768 	 -0.231897 	 -0.480011
2.318047 	 3.289581 	 -0.204978 	 -0.506805
2.364725 	 3.278198 	 -0.224132 	 -0.528534
2.411403 	 3.333832 	 -0.230033 	 -0.553192
2.463066 	 3.276642 	 -0.212009 	 -0.546997
2.506119 	 3.294800 	 -0.267285 	 -0.596924
2.552797 	 3.316772 	 -0.290785 	 -0.667694
2.593584 	 3.430389 	 -0.296985 	 -0.712250
2.643887 	 3.430267 	 -0.232441 	 -0.668274
2.691472 	 3.288025 	 -0.296602 	 -0.691345
2.739510 	 3.057953 	 -0.314551 	 -0.746277
2.785735 	 3.237854 	 -0.283840 	 -0.745972
2.828787 	 3.315033 	 -0.281464 	 -0.730713
2.875012 	 3.358948 	 -0.333609 	 -0.778168
2.922144 	 3.287842 	 -0.344240 	 -0.830963
2.966556 	 3.253021 	 -0.301928 	 -0.814819
3.016406 	 3.282318 	 -0.371341 	 -0.864380
3.061725 	 3.348846 	 -0.354744 	 -0.897583
3.108856 	 3.279755 	 -0.357918 	 -0.909454
3.155988 	 3.213593 	 -0.353593 	 -0.911072
3.198587 	 3.237610 	 -0.355319 	 -0.911530
3.246172 	 3.323242 	 -0.317151 	 -0.872528
3.293756 	 3.365601 	 -0.395043 	 -0.922150
3.338622 	 3.233124 	 -0.401445 	 -0.982391
3.386206 	 3.325470 	 -0.380363 	 -0.990051
3.431071 	 3.318970 	 -0.414388 	 -1.020050
3.477296 	 3.319122 	 -0.380757 	 -1.014191
3.526694 	 3.216461 	 -0.378425 	 -0.994690
3.570653 	 3.174591 	 -0.413994 	 -1.022400
3.615971 	 3.252991 	 -0.421493 	 -1.057190
3.667181 	 3.192841 	 -0.371447 	 -1.022736
3.712047 	 3.275848 	 -0.414974 	 -1.033173
3.758725 	 3.171936 	 -0.418564 	 -1.059937
3.804497 	 3.301697 	 -0.432817 	 -1.086914
3.849362 	 3.247070 	 -0.446463 	 -1.119415
3.896040 	 3.249634 	 -0.405365 	 -1.096405
3.942719 	 3.322052 	 -0.416284 	 -1.081329
3.988490 	 3.239746 	 -0.417211 	 -1.080750
4.034715 	 3.208069 	 -0.446175 	 -1.110840
4.083206 	 3.216187 	 -0.462975 	 -1.153259
4.129431 	 3.186005 	 -0.459076 	 -1.175598
4.173390 	 3.190704 	 -0.463230 	 -1.187317
4.221428 	 3.216187 	 -0.491651 	 -1.224640
4.269466 	 3.227051 	 -0.487369 	 -1.248383
4.315691 	 3.130188 	 -0.452247 	 -1.220398
4.360556 	 3.252930 	 -0.426969 	 -1.168579
4.409047 	 3.176758 	 -0.456796 	 -1.167206
4.453912 	 3.203552 	 -0.513979 	 -1.238342
4.500137 	 3.116028 	 -0.463507 	 -1.238739
4.546362 	 3.196136 	 -0.462815 	 -1.218597
4.590321 	 3.328735 	 -0.453643 	 -1.200653
4.638359 	 3.062103 	 -0.477270 	 -1.212799
4.685037 	 3.119720 	 -0.491758 	 -1.243195
4.733075 	 3.286743 	 -0.497404 	 -1.268463
4.779300 	 3.223328 	 -0.483438 	 -1.267548
4.822806 	 3.294830 	 -0.512030 	 -1.290924
4.869937 	 3.141663 	 -0.529298 	 -1.331451
4.917068 	 3.074982 	 -0.500973 	 -1.326874
4.963293 	 3.124176 	 -0.489169 	 -1.299774
5.011331 	 3.108490 	 -0.526081 	 -1.324402
5.056197 	 3.046692 	 -0.493399 	 -1.315002
5.100609 	 3.082092 	 -0.498032 	 -1.302032
5.146834 	 3.058411 	 -0.490054 	 -1.289276
5.194418 	 3.021179 	 -0.523141 	 -1.314331
5.242909 	 3.211823 	 -0.540856 	 -1.359131
5.290041 	 2.952576 	 -0.519263 	 -1.363464
5.336719 	 2.988129 	 -0.498054 	 -1.334839
5.382037 	 3.170898 	 -0.561022 	 -1.379456
5.427356 	 3.069000 	 -0.512222 	 -1.373993
5.475847 	 3.049286 	 -0.474756 	 -1.311981
5.522072 	 3.268738 	 -0.508642 	 -1.304871
5.566937 	 2.993134 	 -0.464626 	 -1.270599
5.614069 	 3.096558 	 -0.524217 	 -1.298889
5.659840 	 3.161591 	 -0.503753 	 -1.313538
5.708331 	 3.130524 	 -0.526315 	 -1.334015
5.751837 	 3.322784 	 -0.502464 	 -1.328705
5.801688 	 3.222900 	 -0.485750 	 -1.299652
5.845647 	 3.219452 	 -0.472466 	 -1.266479
5.893684 	 3.275848 	 -0.487699 	 -1.262207
5.934924 	 3.216034 	 -0.469377 	 -1.245758
5.986588 	 3.327667 	 -0.456072 	 -1.218628
6.032812 	 4.035339 	 -0.013976 	 -0.737701
6.076772 	 4.118011 	 0.036954 	 -0.292145
6.126169 	 4.055603 	 -0.033684 	 -0.156647
6.169675 	 4.053864 	 -0.043356 	 -0.121552
6.217712 	 4.213715 	 0.010045 	 -0.052887
6.262578 	 4.161163 	 -0.032118 	 -0.044678
6.308350 	 4.080048 	 -0.031777 	 -0.056976
6.354121 	 4.050446 	 -0.006274 	 -0.033966
6.403065 	 4.098114 	 -0.029273 	 -0.037628
6.451103 	 3.965118 	 -0.009151 	 -0.026672
6.495062 	 4.051331 	 -0.006434 	 -0.012726
6.544006 	 4.206177 	 -0.019228 	 -0.016724
6.590685 	 3.959900 	 -0.033588 	 -0.037872
6.631924 	 4.090118 	 -0.050611 	 -0.070160
6.680869 	 4.069794 	 -0.038254 	 -0.080078
6.729359 	 4.220886 	 -0.014030 	 -0.054443
6.773318 	 4.065338 	 -0.024661 	 -0.044189
6.819543 	 4.196259 	 -0.022296 	 -0.040588
6.867128 	 4.075134 	 -0.010045 	 -0.025757
6.911993 	 4.020569 	 -0.028379 	 -0.033203
6.963203 	 4.175262 	 -0.006221 	 -0.021179
7.003990 	 4.104462 	 0.018259 	 0.019806
7.050215 	 4.243378 	 -0.023936 	 0.002380
7.098706 	 4.105835 	 -0.019590 	 -0.010742
7.145837 	 4.052216 	 -0.020996 	 -0.022308
7.190703 	 4.090302 	 -0.018845 	 -0.025085
7.237381 	 4.133453 	 -0.013188 	 -0.019989
7.283153 	 4.081024 	 -0.036549 	 -0.040924
7.329378 	 4.120392 	 -0.024959 	 -0.046570
7.379228 	 4.231476 	 -0.028134 	 -0.048187
7.422734 	 4.073212 	 -0.047223 	 -0.070190
7.471225 	 4.075378 	 -0.011388 	 -0.050385
7.518356 	 4.088135 	 -0.032192 	 -0.047913
7.563675 	 4.213257 	 -0.004677 	 -0.026642
7.611259 	 4.227234 	 -0.017790 	 -0.019775
7.657484 	 4.181244 	 0.028208 	 0.025818
7.701443 	 4.041229 	 -0.000266 	 0.034149
7.748575 	 3.980164 	 -0.013284 	 0.013702
7.792987 	 4.173859 	 -0.053956 	 -0.042816
7.841931 	 4.139008 	 -0.042504 	 -0.072632
7.889516 	 4.104401 	 -0.002738 	 -0.040863
7.934381 	 4.016052 	 -0.025247 	 -0.031525
7.977887 	 4.022339 	 -0.003569 	 -0.016815
8.029097 	 4.129028 	 -0.012197 	 -0.009277
8.075775 	 4.050232 	 -0.006818 	 -0.004120
8.121094 	 4.150208 	 -0.013252 	 -0.007172
8.165506 	 4.069427 	 -0.012006 	 -0.008423
8.213544 	 4.155334 	 -0.018035 	 -0.014526
8.258409 	 4.139984 	 0.011249 	 0.010468
8.307353 	 3.978699 	 -0.018408 	 0.002991
8.353125 	 3.985168 	 -0.028592 	 -0.023499
8.397537 	 4.090210 	 0.010141 	 0.001251
8.444669 	 3.993988 	 -0.002216 	 0.015778
8.491347 	 4.151031 	 -0.016821 	 -0.000061
8.536665 	 4.101837 	 -0.002684 	 0.002075
8.582437 	 4.129028 	 -0.011366 	 0.002228
8.630022 	 4.266571 	 -0.016426 	 -0.008514
8.678966 	 4.110840 	 -0.021763 	 -0.021454
8.723378 	 4.191071 	 -0.009374 	 -0.013947
8.772322 	 4.089294 	 -0.028368 	 -0.025970
8.813562 	 4.176971 	 -0.048544 	 -0.060303
8.863866 	 4.063629 	 -0.038701 	 -0.074371
8.910997 	 4.032135 	 -0.012027 	 -0.048676
8.955409 	 4.058136 	 -0.006264 	 -0.020599
9.002994 	 4.035980 	 -0.019036 	 -0.020416
9.048766 	 4.229156 	 -0.016757 	 -0.022552
9.095897 	 4.060242 	 0.001161 	 -0.002777
9.143028 	 4.145325 	 -0.032128 	 -0.022003
9.188800 	 4.072021 	 0.000916 	 -0.009155
9.233212 	 4.048187 	 -0.028059 	 -0.020569
9.280344 	 3.969543 	 -0.023883 	 -0.032410
9.327928 	 4.063904 	 -0.012911 	 -0.024445
9.372340 	 4.164307 	 -0.027899 	 -0.031555
9.419925 	 4.160187 	 -0.017566 	 -0.030701
9.465244 	 4.116272 	 -0.024160 	 -0.033722
9.516000 	 3.942352 	 0.011175 	 -0.000885
9.561319 	 4.181030 	 -0.024288 	 -0.008698
9.607997 	 3.991119 	 -0.032629 	 -0.034943
9.651956 	 4.041443 	 -0.002226 	 -0.018005
9.697728 	 4.207336 	 -0.002631 	 0.000793
9.744406 	 4.107788 	 -0.037753 	 -0.027832
9.796069 	 4.067261 	 -0.004623 	 -0.019318
9.836856 	 4.086609 	 -0.020368 	 -0.019073
9.884894 	 4.140717 	 -0.010450 	 -0.014587
9.927493 	 4.106018 	 0.014999 	 0.018127
9.975984 	 4.182465 	 -0.014967 	 0.011841
10.021756 	 4.086273 	 0.002738 	 0.015137
10.066168 	 4.035339 	 0.005017 	 0.024902
10.116019 	 3.959229 	 0.014871 	 0.040833
10.165869 	 4.036102 	 -0.022999 	 0.012390
10.207562 	 4.189331 	 0.002503 	 0.011871
10.253787 	 4.072083 	 0.015553 	 0.035156
10.303185 	 4.109192 	 -0.009481 	 0.024750
10.345784 	 4.138367 	 -0.009300 	 0.010376
10.396088 	 4.200439 	 -0.006093 	 0.006683
10.440047 	 4.233124 	 -0.021220 	 -0.008636
10.484912 	 4.156158 	 0.030925 	 0.033478
10.535216 	 4.154358 	 -0.042813 	 -0.004395
10.580988 	 4.301025 	 0.023777 	 0.019897
10.624493 	 4.016479 	 -0.020197 	 0.009827
10.670718 	 4.047363 	 0.013550 	 0.022552
10.716943 	 4.130157 	 -0.001726 	 0.027618
10.764981 	 4.152252 	 -0.005720 	 0.018311
10.809393 	 4.115021 	 -0.018813 	 -0.000671
10.857884 	 4.030457 	 0.010141 	 0.015045
10.904109 	 4.149139 	 -0.009779 	 0.011627
10.953506 	 4.033020 	 -0.000650 	 0.012238
10.995653 	 4.228241 	 -0.024746 	 -0.008331
11.046410 	 4.184143 	 -0.030360 	 -0.032501
11.089462 	 4.116364 	 -0.019750 	 -0.034668
11.137953 	 4.205200 	 -0.008607 	 -0.018097
11.184631 	 4.126190 	 -0.021348 	 -0.020630
11.230403 	 4.038300 	 -0.012091 	 -0.017090
11.274815 	 4.096283 	 0.006679 	 0.007233
11.324666 	 4.150299 	 -0.038136 	 -0.020599
11.368172 	 4.150116 	 -0.004272 	 -0.015717
11.414850 	 3.964508 	 0.001065 	 0.006378
11.462888 	 4.161499 	 -0.047426 	 -0.033691
11.511378 	 4.108368 	 -0.034003 	 -0.057739
11.557603 	 4.038940 	 0.028336 	 0.003326
11.600656 	 4.045044 	 -0.009321 	 0.014648
11.648694 	 4.158539 	 -0.012464 	 0.001862
11.693106 	 4.010284 	 -0.019090 	 -0.011353
11.740691 	 4.104675 	 -0.011473 	 -0.010590
11.786916 	 4.018982 	 -0.016022 	 -0.013062
11.833141 	 4.258362 	 -0.008107 	 -0.007874
11.879819 	 3.993103 	 -0.011473 	 -0.005615
11.924684 	 4.063934 	 -0.021177 	 -0.017395
11.972722 	 4.223297 	 0.039021 	 0.037384
12.018947 	 4.168610 	 0.009939 	 0.055634
12.065625 	 4.079926 	 0.015915 	 0.058502
12.111850 	 4.092529 	 0.016128 	 0.060730
12.158075 	 4.110138 	 -0.017225 	 0.029449
12.204753 	 4.216583 	 -0.033939 	 -0.016907
12.251884 	 4.064087 	 0.002578 	 -0.003387
12.297203 	 4.077087 	 0.014125 	 0.027527
12.344334 	 4.164307 	 0.023148 	 0.055328
12.390106 	 4.138153 	 -0.008863 	 0.037231
12.436331 	 4.019073 	 -0.010045 	 0.016235
12.484369 	 4.191162 	 -0.015382 	 0.000244
12.528781 	 4.165436 	 -0.015393 	 -0.009857
12.576366 	 4.117279 	 -0.001726 	 0.000977
12.623950 	 4.058136 	 -0.011313 	 0.000427
12.668362 	 4.083679 	 0.000575 	 0.010376
12.715041 	 4.168243 	 -0.028166 	 -0.010498
12.760812 	 4.120178 	 0.013902 	 0.011078
12.806584 	 4.052551 	 0.011217 	 0.036133
12.854622 	 4.058197 	 -0.000096 	 0.033386
12.900394 	 4.179810 	 0.016277 	 0.044006
12.949338 	 4.113098 	 0.007148 	 0.046936
12.994203 	 4.167145 	 0.021486 	 0.062134
13.044054 	 4.169556 	 0.009523 	 0.059448
13.088013 	 4.162415 	 -0.002706 	 0.040283
13.135144 	 4.045135 	 -0.006008 	 0.022858
13.181822 	 4.126007 	 0.014530 	 0.035370
13.226234 	 4.019257 	 -0.000245 	 0.033813
13.271100 	 4.168579 	 -0.016490 	 0.010254
13.314153 	 4.196991 	 0.012240 	 0.023743
13.364003 	 4.008942 	 0.012879 	 0.042999
13.412947 	 4.173126 	 0.001012 	 0.038391
13.456906 	 4.159363 	 -0.025897 	 0.004456
13.506303 	 3.928345 	 0.027399 	 0.033356
13.552075 	 4.195923 	 0.005188 	 0.044128
13.598753 	 4.022522 	 -0.023415 	 0.010590
13.647697 	 4.189362 	 -0.014061 	 -0.005768
13.692110 	 4.109009 	 -0.004719 	 -0.000031
13.738335 	 4.025574 	 0.003824 	 0.015656
13.785919 	 4.145782 	 -0.015500 	 0.004730
13.829425 	 4.048248 	 -0.001182 	 0.008118
13.877010 	 4.086304 	 0.001044 	 0.018005
13.923235 	 4.105042 	 -0.018376 	 0.001831
13.966740 	 4.102234 	 0.019047 	 0.025757
14.014778 	 4.154968 	 0.011004 	 0.043732
14.063269 	 4.217194 	 0.022648 	 0.060638
14.107228 	 4.101715 	 -0.027313 	 0.020325
14.154813 	 4.150208 	 0.001246 	 0.011810
14.202850 	 4.105133 	 -0.018205 	 -0.000305
14.246809 	 4.109100 	 -0.019729 	 -0.014221
14.294394 	 4.134735 	 -0.009822 	 -0.011688
14.341978 	 4.007355 	 0.019281 	 0.024658
14.384578 	 4.090149 	 0.002578 	 0.034454
14.433975 	 4.109009 	 -0.033045 	 -0.005798
14.480653 	 4.098175 	 -0.017950 	 -0.022186
14.525519 	 4.021210 	 0.000543 	 -0.003662
14.569025 	 4.251190 	 0.018738 	 0.032928
14.619328 	 3.947174 	 -0.007915 	 0.026733
14.664194 	 4.138824 	 -0.001736 	 0.019684
14.710419 	 4.091095 	 -0.000682 	 0.019989
14.758003 	 4.128815 	 0.013838 	 0.035706
14.804228 	 4.022278 	 0.019857 	 0.055115
14.849094 	 4.072174 	 -0.003569 	 0.041565
14.896225 	 4.079254 	 -0.013252 	 0.015961
14.944716 	 4.130096 	 0.010003 	 0.025024
14.988222 	 4.010162 	 0.020464 	 0.049591
15.033994 	 4.038788 	 0.003824 	 0.046875
15.082484 	 4.073395 	 -0.021273 	 0.013153
15.128256 	 4.192200 	 -0.007361 	 0.002106
15.175841 	 4.179199 	 0.021082 	 0.032990
15.223425 	 4.216095 	 -0.029561 	 0.005249
15.266025 	 4.110870 	 -0.003121 	 0.000092
15.315875 	 4.069214 	 -0.003249 	 0.008820
15.363007 	 4.128326 	 -0.016810 	 -0.001923
15.408325 	 4.068390 	 -0.016245 	 -0.012543
15.455003 	 4.203674 	 0.020943 	 0.022369
15.498056 	 4.021362 	 -0.020794 	 0.008942
15.548360 	 3.996216 	 -0.030190 	 -0.022705
15.591412 	 4.065887 	 0.024458 	 0.015961
15.638997 	 4.100861 	 -0.000746 	 0.029022
15.686128 	 4.123077 	 0.032938 	 0.059509
15.735072 	 4.092926 	 0.003569 	 0.056366
15.779031 	 4.117218 	 0.039415 	 0.081451
15.826616 	 4.166931 	 0.000735 	 0.065125
15.874654 	 4.043518 	 -0.004570 	 0.036377
15.919066 	 4.165283 	 -0.021103 	 0.004028
15.965291 	 4.073151 	 0.011569 	 0.018311
16.011063 	 4.145294 	 0.017790 	 0.045288
16.058194 	 4.159821 	 0.003302 	 0.043182
16.103966 	 3.958130 	 0.003334 	 0.037781
16.152910 	 4.134308 	 -0.008298 	 0.022003
16.198682 	 4.145325 	 -0.009641 	 0.009125
16.244907 	 4.055359 	 -0.029210 	 -0.016815
16.288866 	 4.115082 	 0.008043 	 0.002350
16.337357 	 4.166046 	 0.014349 	 0.031738
16.382675 	 4.220093 	 0.011526 	 0.045349
16.427994 	 4.099426 	 0.043069 	 0.083527
16.476938 	 4.044098 	 0.012996 	 0.080719
16.521803 	 4.121094 	 -0.016054 	 0.037384
16.567122 	 4.127045 	 0.011931 	 0.035980
16.614706 	 4.162292 	 0.009204 	 0.043701
16.661385 	 4.052307 	 0.009481 	 0.045776
16.708063 	 4.119446 	 -0.025289 	 0.009766
16.754741 	 4.011322 	 0.001108 	 0.007904
16.800060 	 4.049469 	 0.006285 	 0.022614
16.848550 	 4.221252 	 -0.015159 	 0.009796
16.893416 	 4.105988 	 -0.006562 	 0.006042
16.941907 	 4.120270 	 0.016980 	 0.031830
16.985413 	 4.081024 	 0.002386 	 0.035675
17.029372 	 4.148132 	 0.000586 	 0.030853
17.080128 	 4.140778 	 0.016352 	 0.044128
17.126807 	 4.017487 	 -0.001587 	 0.037079
17.172578 	 4.148926 	 0.014828 	 0.043335
17.217897 	 4.157227 	 0.012922 	 0.051514
17.264122 	 4.225128 	 -0.008533 	 0.032440
17.315785 	 4.020508 	 0.014328 	 0.039154
17.357932 	 4.118164 	 0.007063 	 0.043579
17.404156 	 4.099274 	 0.025385 	 0.062775
17.452647 	 4.125000 	 0.017279 	 0.070618
17.497513 	 4.002197 	 -0.006200 	 0.045563
17.544191 	 4.245850 	 0.005529 	 0.036469
17.591322 	 4.096100 	 -0.001065 	 0.030975
17.638000 	 4.118103 	 0.009108 	 0.036438
17.681960 	 4.113525 	 0.003419 	 0.035858
17.729997 	 4.152283 	 0.017417 	 0.048157
17.779395 	 4.041595 	 0.011686 	 0.052856
17.821088 	 4.046051 	 -0.015766 	 0.024323
17.869579 	 4.142731 	 -0.002248 	 0.014282
17.914897 	 4.083740 	 0.045146 	 0.065552
17.961122 	 4.162231 	 -0.001300 	 0.057953
18.007347 	 4.045532 	 0.013316 	 0.052765
18.054478 	 4.023010 	 0.005518 	 0.048279
18.102516 	 4.205536 	 -0.009065 	 0.027985
18.145116 	 4.049255 	 0.001278 	 0.023560
18.192247 	 4.057190 	 -0.007627 	 0.015961
18.241191 	 4.154175 	 -0.025204 	 -0.009277
18.288322 	 4.090393 	 -0.002482 	 -0.002716
18.333188 	 4.117889 	 0.019260 	 0.032440
18.380772 	 4.048462 	 -0.000075 	 0.035797
18.424731 	 4.206055 	 0.018525 	 0.048889
18.475941 	 4.078461 	 -0.015137 	 0.026581
18.517635 	 4.011414 	 -0.000138 	 0.018768
18.566125 	 4.100220 	 -0.033290 	 -0.013000
18.611897 	 4.107147 	 -0.003015 	 -0.009399
18.654950 	 4.074280 	 0.009396 	 0.017365
18.701628 	 4.051331 	 0.001481 	 0.025909
18.751479 	 4.095123 	 0.015904 	 0.041382
18.797704 	 3.997925 	 0.016384 	 0.054626
18.843475 	 4.161560 	 0.000746 	 0.043976
18.888794 	 4.248932 	 0.004634 	 0.037811
18.933659 	 4.100311 	 -0.039809 	 -0.009583
18.983057 	 4.178223 	 -0.002748 	 -0.010101
19.030188 	 4.214996 	 -0.001012 	 0.005554
19.073241 	 4.058411 	 0.044549 	 0.061432
19.117200 	 4.085266 	 0.006946 	 0.066376
19.167050 	 4.126160 	 0.000309 	 0.045624
19.215541 	 4.061951 	 0.003622 	 0.037537
19.261313 	 4.086121 	 0.001513 	 0.033325
19.310710 	 4.187164 	 0.029721 	 0.059967
19.356029 	 4.168365 	 0.025715 	 0.079071
19.399081 	 4.134979 	 -0.008607 	 0.050171
19.447119 	 4.121643 	 -0.004581 	 0.027039
19.491078 	 4.121887 	 0.003313 	 0.027039
19.537756 	 4.269623 	 -0.025087 	 0.001373
19.584435 	 4.172424 	 0.007510 	 0.013519
19.630206 	 4.143341 	 -0.002567 	 0.018860
19.678244 	 4.132263 	 0.023393 	 0.044647
19.723563 	 4.160095 	 0.005944 	 0.048706
19.770694 	 4.069183 	 0.002706 	 0.038574
19.817825 	 4.078949 	 0.041982 	 0.075104
19.862691 	 4.159393 	 0.032874 	 0.098022
19.912088 	 4.174988 	 -0.002131 	 0.067474
19.959673 	 4.076324 	 0.019516 	 0.063263
20.004538 	 4.258972 	 0.037572 	 0.087006
20.049857 	 4.174957 	 -0.031351 	 0.033905
20.096082 	 4.177246 	 -0.013561 	 0.002594
20.142760 	 4.068542 	 -0.018099 	 -0.009003
20.187172 	 4.224976 	 -0.016576 	 -0.015106
20.232944 	 4.054260 	 0.034866 	 0.036469
20.282341 	 4.085022 	 0.009374 	 0.052399
20.327206 	 4.062347 	 0.004400 	 0.044952
20.377057 	 4.179810 	 -0.006125 	 0.027924
20.419203 	 4.089417 	 -0.007009 	 0.016388
20.467694 	 4.105225 	 0.006573 	 0.024353
20.513466 	 4.097168 	 -0.004826 	 0.021454

 Z Turning Point (V) = 5.941467 
 Turning Time Delay (ms) = 0 
 SEN (V) =  
 App. Driving Voltage (mVrms) = 0.005000 
 App. Vias. Voltage (V) = 0.000000 
 App. Del Z (Bit) = -10 
 App. Delay Time (ms) = 500 
 App. Velocity (nm/s) = -0.090639 
 Ret. Driving Voltage (mVrms) = 0.005000 
 Ret. Vias. Voltage (V) = 0.000000 
 Ret. Del Z (Bit) = -10 
 Ret. Delay Time (ms) = 500 
 Ret. Velocity (nm/s) = -0.090639 
  
 Data Array Size = 932 
 Frequency (Hz) = sen.
 
