9.836856 	 7.208130 	 0.003537 	 0.031036
9.790178 	 7.207153 	 0.000948 	 0.029755
9.746672 	 7.197479 	 0.001651 	 0.031677
9.695462 	 7.196289 	 0.002599 	 0.031250
9.652863 	 7.222229 	 0.002610 	 0.030518
9.606184 	 7.207184 	 0.003174 	 0.032776
9.556334 	 7.213623 	 0.002280 	 0.031433
9.509656 	 7.205322 	 0.002109 	 0.030121
9.465244 	 7.194611 	 0.001150 	 0.028534
9.419472 	 7.202454 	 0.003345 	 0.029999
9.371887 	 7.206238 	 0.001353 	 0.028290
9.327022 	 7.213043 	 0.000075 	 0.027405
9.276718 	 7.204132 	 0.001726 	 0.026825
9.232759 	 7.211151 	 0.003675 	 0.027588
9.186987 	 7.212494 	 0.002674 	 0.029938
9.139403 	 7.209259 	 0.001353 	 0.028717
9.093631 	 7.208862 	 0.003260 	 0.029572
9.047406 	 7.208649 	 0.001587 	 0.028900
9.002541 	 7.199951 	 0.002653 	 0.030457
8.953143 	 7.199036 	 0.002184 	 0.030365
8.906012 	 7.206116 	 0.001001 	 0.027252
8.865225 	 7.212189 	 0.001715 	 0.028625
8.813562 	 7.207184 	 0.002748 	 0.029419
8.770963 	 7.204346 	 0.002035 	 0.029877
8.718393 	 7.201416 	 0.002035 	 0.028839
8.673528 	 7.206238 	 0.002727 	 0.028198
8.629115 	 7.207245 	 0.001481 	 0.027222
8.582890 	 7.202271 	 0.003228 	 0.030029
8.537572 	 7.210083 	 0.001779 	 0.029907
8.489081 	 7.213043 	 0.002631 	 0.028992
8.444215 	 7.207214 	 0.002599 	 0.031036
8.397537 	 7.207916 	 0.003633 	 0.032410
8.354485 	 7.213959 	 0.001172 	 0.030334
8.304181 	 7.209106 	 0.001481 	 0.028259
8.259315 	 7.206573 	 0.001651 	 0.029297
8.213544 	 7.203400 	 0.002535 	 0.028625
8.167772 	 7.199829 	 0.001949 	 0.028625
8.119281 	 7.211823 	 0.002152 	 0.029419
8.070790 	 7.209229 	 0.002514 	 0.030121
8.025925 	 7.202454 	 0.001491 	 0.029877
7.978340 	 7.206116 	 0.001534 	 0.029541
7.933022 	 7.202942 	 0.002205 	 0.028870
7.887250 	 7.200256 	 0.001609 	 0.029785
7.841025 	 7.205475 	 0.001630 	 0.027893
7.793893 	 7.203156 	 0.002493 	 0.028809
7.748575 	 7.217285 	 0.002013 	 0.028839
7.700084 	 7.205719 	 0.002077 	 0.029510
7.654765 	 7.205933 	 0.001459 	 0.027618
7.607634 	 7.205841 	 0.003079 	 0.028809
7.561862 	 7.201111 	 0.002780 	 0.031250
7.516544 	 7.189972 	 0.002013 	 0.029114
7.468959 	 7.213257 	 0.004432 	 0.034088
7.423187 	 7.213348 	 0.002099 	 0.031952
7.377415 	 7.199249 	 0.002184 	 0.031616
7.330284 	 7.199219 	 0.002439 	 0.031586
7.282246 	 7.194458 	 0.001342 	 0.027527
7.238287 	 7.207214 	 0.003249 	 0.030518
7.189796 	 7.204193 	 0.004133 	 0.031982
7.143118 	 7.199646 	 0.002067 	 0.028534
7.100519 	 7.201111 	 0.003910 	 0.030945
7.055200 	 7.192902 	 0.002067 	 0.029724
7.007162 	 7.199280 	 0.002557 	 0.029938
6.961844 	 7.199005 	 0.003941 	 0.032196
6.913353 	 7.196136 	 0.002226 	 0.029297
6.867128 	 7.204224 	 0.003547 	 0.030273
6.820450 	 7.220917 	 0.003164 	 0.031677
6.777397 	 7.219543 	 0.002972 	 0.031677
6.729813 	 7.203003 	 0.002631 	 0.031464
6.681322 	 7.212982 	 0.003963 	 0.034119
6.639175 	 7.205231 	 0.003174 	 0.032654
6.590685 	 7.189941 	 0.001875 	 0.031738
6.544460 	 7.212280 	 0.003547 	 0.030212
6.497781 	 7.199188 	 0.001108 	 0.028809
6.450650 	 7.204437 	 0.003654 	 0.031891
6.406691 	 7.190857 	 0.002461 	 0.031769
6.357294 	 7.196503 	 0.003121 	 0.032104
6.315601 	 7.199219 	 0.003121 	 0.032166
6.263937 	 7.198547 	 0.003057 	 0.030762
6.218619 	 7.202454 	 0.000905 	 0.030487
6.171034 	 7.195496 	 0.003079 	 0.030640
6.124356 	 7.213989 	 0.003100 	 0.030640
6.079037 	 7.208984 	 0.003782 	 0.031799
6.034625 	 7.204437 	 0.001854 	 0.030273
5.984322 	 7.186218 	 0.003249 	 0.030792
5.940363 	 7.200073 	 0.002503 	 0.031006
5.896404 	 7.191681 	 0.002802 	 0.030548
5.847006 	 7.203125 	 0.000256 	 0.026794
5.801688 	 7.203033 	 0.002397 	 0.028198
5.750478 	 7.212158 	 0.002621 	 0.028503
5.706972 	 7.215302 	 0.000671 	 0.026489
5.663466 	 7.202454 	 0.003601 	 0.030487
5.615428 	 7.208527 	 0.001385 	 0.029297
5.567390 	 7.205688 	 0.002354 	 0.030548
5.519353 	 7.206055 	 0.001385 	 0.029999
5.474487 	 7.201294 	 0.000767 	 0.026459
5.428262 	 7.201172 	 0.000469 	 0.027588
5.385210 	 7.208038 	 0.001449 	 0.027863
5.334906 	 7.203125 	 0.002429 	 0.028320
5.291853 	 7.199036 	 0.003100 	 0.030945
5.244269 	 7.201355 	 0.002099 	 0.029785
5.198497 	 7.212372 	 0.000831 	 0.026978
5.147740 	 7.193115 	 0.002226 	 0.028412
5.102875 	 7.184235 	 0.002706 	 0.029419
5.059369 	 7.196991 	 0.001097 	 0.028778
5.012691 	 7.201996 	 0.001417 	 0.028870
4.964200 	 7.201416 	 0.000554 	 0.027527
4.919788 	 7.203278 	 0.002194 	 0.028137
4.874469 	 7.202972 	 0.001555 	 0.029297
4.825978 	 7.208801 	 0.000543 	 0.026947
4.781113 	 7.204834 	 0.002642 	 0.028320
4.732622 	 7.210297 	 0.001949 	 0.027161
4.688663 	 7.195312 	 0.001609 	 0.029297
4.639719 	 7.204468 	 0.001790 	 0.026215
4.593494 	 7.222076 	 0.002045 	 0.028412
4.546362 	 7.208954 	 0.002099 	 0.028046
4.501497 	 7.205688 	 0.001395 	 0.029724
4.453912 	 7.207214 	 0.002993 	 0.029877
4.408141 	 7.209991 	 0.001768 	 0.030060
4.361462 	 7.207336 	 0.002663 	 0.030487
4.316144 	 7.212677 	 0.000927 	 0.027710
4.270372 	 7.195435 	 0.001726 	 0.028412
4.223241 	 7.199005 	 0.001119 	 0.027893
4.179282 	 7.206055 	 0.002993 	 0.029633
4.129431 	 7.207275 	 0.002450 	 0.030273
4.080940 	 7.217529 	 0.002162 	 0.028687
4.039700 	 7.203766 	 0.002088 	 0.028656
3.991209 	 7.212189 	 0.003079 	 0.029297
3.944984 	 7.219788 	 0.002567 	 0.028870
3.898759 	 7.197235 	 0.002663 	 0.031250
3.853441 	 7.217346 	 0.001619 	 0.029083
3.808122 	 7.211426 	 0.001459 	 0.029816
3.756459 	 7.204102 	 0.001960 	 0.027313
3.710234 	 7.194122 	 0.003292 	 0.029358
3.664462 	 7.201019 	 0.001960 	 0.031006
3.619597 	 7.207092 	 0.001992 	 0.031525
3.572466 	 7.203064 	 0.002141 	 0.031036
3.524428 	 7.197174 	 0.002184 	 0.030548
3.477750 	 7.187134 	 0.002407 	 0.029633
3.435603 	 7.202332 	 0.001555 	 0.031006
3.385753 	 7.207336 	 0.001438 	 0.029633
3.341794 	 7.208649 	 0.001289 	 0.028229
3.292850 	 7.203064 	 0.002333 	 0.030426
3.247984 	 7.203339 	 0.002439 	 0.029205
3.201759 	 7.204102 	 0.002152 	 0.031097
3.153722 	 7.212524 	 0.002141 	 0.029938
3.110669 	 7.193024 	 0.003760 	 0.031738
3.059459 	 7.119446 	 0.015862 	 0.045929
3.015500 	 7.119446 	 0.013912 	 0.056122
2.971088 	 7.124084 	 0.016448 	 0.061371
2.922144 	 7.119598 	 0.016703 	 0.064606
2.873653 	 7.132233 	 0.014424 	 0.064392
2.831053 	 7.119232 	 0.015862 	 0.064819
2.783469 	 7.119781 	 0.015564 	 0.064941
2.734071 	 7.126251 	 0.014892 	 0.064240
2.691019 	 7.123932 	 0.017215 	 0.066711
2.644794 	 7.114166 	 0.014690 	 0.065247
2.597209 	 7.110168 	 0.016437 	 0.066101
2.551891 	 7.113251 	 0.014179 	 0.064606
2.502493 	 7.100098 	 0.015191 	 0.065155
2.459894 	 7.102966 	 0.014722 	 0.063568
2.413216 	 7.102478 	 0.015542 	 0.065765
2.364725 	 7.114258 	 0.018141 	 0.066498
2.320312 	 7.112823 	 0.016565 	 0.067627
2.270462 	 7.104462 	 0.018802 	 0.070679
2.225597 	 7.092957 	 0.017630 	 0.071747
2.182544 	 7.080963 	 0.019761 	 0.073547
2.134053 	 7.090210 	 0.017651 	 0.072418
2.086922 	 7.094116 	 0.019952 	 0.075134
2.041603 	 7.097015 	 0.018088 	 0.073944
1.996284 	 7.089813 	 0.017119 	 0.072906
1.949606 	 7.090027 	 0.017609 	 0.071381
1.902475 	 7.087158 	 0.017694 	 0.071930
1.853531 	 7.072205 	 0.020900 	 0.074646
1.810025 	 7.072937 	 0.020869 	 0.076752
1.762440 	 7.070404 	 0.021231 	 0.078369
1.714403 	 7.075104 	 0.020325 	 0.078796
1.665912 	 7.074158 	 0.021231 	 0.078522
1.625125 	 7.074951 	 0.022104 	 0.081635
1.576634 	 7.064667 	 0.020964 	 0.079865
1.528596 	 7.071106 	 0.021785 	 0.079590
1.483731 	 7.071747 	 0.020325 	 0.080261
1.438412 	 7.064117 	 0.023010 	 0.081024
1.391734 	 7.047333 	 0.020858 	 0.081207
1.341431 	 7.037292 	 0.021838 	 0.081665
1.297018 	 7.040009 	 0.023265 	 0.083984
1.251247 	 7.032532 	 0.023095 	 0.085541
1.205928 	 6.993530 	 0.023723 	 0.085022
1.158797 	 7.018066 	 0.024011 	 0.087280
1.111665 	 7.001190 	 0.023244 	 0.087280
1.065440 	 6.977203 	 0.025151 	 0.087524
1.020575 	 6.926300 	 0.029998 	 0.095123
0.971631 	 6.954315 	 0.029263 	 0.098663
0.924046 	 6.832062 	 0.036517 	 0.106934
0.878728 	 6.865295 	 0.031340 	 0.109863
0.832050 	 6.821930 	 0.040065 	 0.116333
0.785825 	 6.743042 	 0.042834 	 0.128143
0.740053 	 6.627319 	 0.050866 	 0.141663
0.695187 	 6.548767 	 0.049609 	 0.149078
0.648962 	 6.522705 	 0.055191 	 0.158020
0.603191 	 6.317841 	 0.072960 	 0.184113
0.556059 	 6.047821 	 0.088641 	 0.218048
0.508928 	 5.760712 	 0.120375 	 0.273743
0.465422 	 5.714844 	 0.125691 	 0.316376
0.418291 	 5.351959 	 0.183939 	 0.398834
0.368893 	 5.140533 	 0.199588 	 0.476074
0.324028 	 4.755127 	 0.285992 	 0.606995
0.277803 	 4.630432 	 0.317193 	 0.733459
0.231578 	 4.437012 	 0.336421 	 0.822754
0.187619 	 4.075623 	 0.441541 	 0.981140
0.139128 	 3.944153 	 0.448338 	 1.101746
0.089278 	 3.807953 	 0.494038 	 1.205841
0.045319 	 3.394958 	 0.650962 	 1.439178
0.000000 	 3.207184 	 0.813404 	 1.776123
0.040334 	 3.542755 	 0.599776 	 1.768097
0.090637 	 3.659912 	 0.531737 	 1.606018
0.136409 	 3.756866 	 0.520584 	 1.497650
0.181728 	 3.817200 	 0.545511 	 1.474426
0.229765 	 4.100342 	 0.428311 	 1.346588
0.277350 	 4.410461 	 0.361103 	 1.172363
0.323575 	 4.477448 	 0.374132 	 1.083069
0.367534 	 4.920959 	 0.244787 	 0.910919
0.413306 	 5.345490 	 0.168759 	 0.705597
0.462250 	 4.982941 	 0.290540 	 0.708862
0.507568 	 5.674713 	 0.138431 	 0.597748
0.555606 	 5.751343 	 0.128450 	 0.475128
0.602737 	 5.915070 	 0.104332 	 0.392365
0.647150 	 6.194855 	 0.078947 	 0.317017
0.694734 	 6.237976 	 0.079394 	 0.274048
0.741412 	 6.450806 	 0.059175 	 0.233246
0.788544 	 6.564148 	 0.050291 	 0.197021
0.834315 	 6.601959 	 0.048438 	 0.175049
0.877821 	 6.708862 	 0.042387 	 0.157471
0.925406 	 6.780121 	 0.037966 	 0.144287
0.973444 	 6.827301 	 0.033396 	 0.129852
1.020575 	 6.850067 	 0.032597 	 0.121613
1.067253 	 6.869904 	 0.035164 	 0.119446
1.110306 	 6.913330 	 0.033609 	 0.121216
1.160609 	 6.963440 	 0.027313 	 0.114105
1.202756 	 6.986053 	 0.027750 	 0.105591
1.249434 	 6.999451 	 0.024938 	 0.100098
1.297472 	 6.976196 	 0.030839 	 0.101624
1.343697 	 7.010712 	 0.023883 	 0.098785
1.392187 	 7.016418 	 0.026301 	 0.095184
1.437053 	 7.026337 	 0.024256 	 0.093933
1.481465 	 7.033356 	 0.025779 	 0.092834
1.529956 	 7.040222 	 0.025087 	 0.091675
1.576181 	 7.036438 	 0.024757 	 0.091766
1.622859 	 7.037903 	 0.024352 	 0.090332
1.665912 	 7.054291 	 0.023787 	 0.089478
1.716216 	 7.052002 	 0.026099 	 0.090729
1.762440 	 7.061096 	 0.022520 	 0.088135
1.810931 	 7.078461 	 0.025673 	 0.088989
1.854437 	 7.043213 	 0.023106 	 0.088318
1.907913 	 7.080261 	 0.021902 	 0.086609
1.950060 	 7.078369 	 0.020048 	 0.081238
1.990846 	 7.075989 	 0.019420 	 0.079681
2.042056 	 7.080872 	 0.020698 	 0.081940
2.086469 	 7.079712 	 0.020687 	 0.079193
2.132240 	 7.078278 	 0.020272 	 0.080170
2.182997 	 7.065155 	 0.019739 	 0.081451
2.225143 	 7.084259 	 0.019090 	 0.077362
2.271368 	 7.081940 	 0.021273 	 0.078461
2.318953 	 7.085327 	 0.020730 	 0.079376
2.367897 	 7.094238 	 0.018557 	 0.075714
2.413669 	 7.101349 	 0.019271 	 0.076538
2.461707 	 7.094177 	 0.018280 	 0.074280
2.505666 	 7.084198 	 0.017950 	 0.074127
2.550984 	 7.090668 	 0.019026 	 0.074188
2.595850 	 7.114075 	 0.019910 	 0.075653
2.646153 	 7.100983 	 0.017396 	 0.073456
2.692831 	 7.109863 	 0.015926 	 0.071472
2.737244 	 7.110077 	 0.017044 	 0.065552
2.783469 	 7.122253 	 0.015745 	 0.067078
2.827881 	 7.116821 	 0.017332 	 0.067230
2.874559 	 7.107208 	 0.019228 	 0.071808
2.920784 	 7.113007 	 0.015361 	 0.070984
2.968822 	 7.122559 	 0.016405 	 0.069641
3.015500 	 7.127197 	 0.019420 	 0.067932
3.061725 	 7.115234 	 0.017524 	 0.070099
3.109309 	 7.131042 	 0.016778 	 0.067627
3.156894 	 7.123596 	 0.016288 	 0.068420
3.199947 	 7.118042 	 0.015755 	 0.066254
3.247984 	 7.113922 	 0.016458 	 0.067749
3.294662 	 7.122803 	 0.018120 	 0.068756
3.340887 	 7.117249 	 0.018120 	 0.071045
3.384846 	 7.125244 	 0.015713 	 0.067169
3.432884 	 7.132019 	 0.017055 	 0.066254
3.480016 	 7.139435 	 0.015212 	 0.065063
3.524428 	 7.124298 	 0.014413 	 0.065155
3.572466 	 7.129761 	 0.012986 	 0.061035
3.619597 	 7.136108 	 0.015393 	 0.063019
3.664915 	 7.120117 	 0.015212 	 0.063782
3.709781 	 7.130920 	 0.011856 	 0.059387
3.758272 	 7.128998 	 0.012229 	 0.056824
3.802684 	 7.126190 	 0.013231 	 0.059113
3.849362 	 7.147186 	 0.014083 	 0.058563
3.896947 	 7.138458 	 0.012730 	 0.059143
3.943625 	 7.134918 	 0.013433 	 0.059113
3.990756 	 7.147125 	 0.012197 	 0.057159
4.032903 	 7.153046 	 0.010887 	 0.056458
4.080487 	 7.151031 	 0.012187 	 0.056580
4.130791 	 7.137756 	 0.012261 	 0.055206
4.172937 	 7.142181 	 0.011558 	 0.055054
4.224147 	 7.152130 	 0.012240 	 0.054535
4.267653 	 7.139130 	 0.011952 	 0.056396
4.316597 	 7.136108 	 0.013241 	 0.058380
4.363275 	 7.142090 	 0.010685 	 0.055695
4.409047 	 7.154907 	 0.012741 	 0.057373
4.453006 	 7.162750 	 0.012208 	 0.056458
4.499684 	 7.176300 	 0.010780 	 0.054718
4.546362 	 7.148132 	 0.008693 	 0.051453
4.591228 	 7.162994 	 0.010717 	 0.049591
4.639719 	 7.158325 	 0.011366 	 0.051697
4.684131 	 7.162384 	 0.011910 	 0.053864
4.729903 	 7.170258 	 0.011004 	 0.054230
4.779300 	 7.165070 	 0.011079 	 0.054016
4.825525 	 7.163879 	 0.010940 	 0.052979
4.872203 	 7.197449 	 0.004485 	 0.047028
4.921147 	 7.214264 	 0.001097 	 0.035950
4.963293 	 7.197021 	 0.003633 	 0.035004
5.012238 	 7.205994 	 0.002429 	 0.031677
5.056650 	 7.218506 	 0.001822 	 0.031128
5.106500 	 7.207001 	 0.002237 	 0.029327
5.148647 	 7.201233 	 0.002184 	 0.030396
5.193965 	 7.209167 	 0.002237 	 0.028595
5.242003 	 7.208893 	 0.003537 	 0.029266
5.288681 	 7.211060 	 0.002045 	 0.030273
5.335359 	 7.203491 	 0.000969 	 0.028687
5.383850 	 7.215576 	 0.002514 	 0.029144
5.430981 	 7.199341 	 0.003196 	 0.029114
5.476300 	 7.193115 	 0.001044 	 0.027374
5.522072 	 7.200958 	 0.002152 	 0.028168
5.567844 	 7.201447 	 0.001704 	 0.028442
5.614522 	 7.208435 	 0.002376 	 0.029114
5.663466 	 7.195984 	 0.002610 	 0.029510
5.707425 	 7.203064 	 0.003206 	 0.028625
5.754556 	 7.207245 	 0.001662 	 0.027222
5.800328 	 7.207001 	 0.003462 	 0.028503
5.846553 	 7.196198 	 0.001886 	 0.028687
5.890965 	 7.211121 	 0.002525 	 0.029297
5.935831 	 7.209229 	 0.002013 	 0.029785
5.986588 	 7.210083 	 0.002397 	 0.030701
6.030093 	 7.205963 	 0.002525 	 0.033386
6.077225 	 7.196350 	 0.000170 	 0.028748
6.125262 	 7.209320 	 0.002077 	 0.029297
6.171034 	 7.209839 	 0.001949 	 0.030029
6.218166 	 7.199799 	 0.003132 	 0.029449
6.263937 	 7.213196 	 0.001949 	 0.030792
6.312428 	 7.206055 	 0.003792 	 0.033081
6.358200 	 7.206116 	 0.003047 	 0.031708
6.402159 	 7.190033 	 0.002525 	 0.031525
6.449290 	 7.197571 	 0.003132 	 0.031342
6.494156 	 7.200165 	 0.000948 	 0.028870
6.543100 	 7.208588 	 0.002376 	 0.029144
6.591138 	 7.213928 	 0.002184 	 0.028961
6.633737 	 7.210266 	 0.001683 	 0.028778
6.680415 	 7.202179 	 0.004591 	 0.031311
6.728000 	 7.207642 	 0.001651 	 0.031067
6.775584 	 7.208954 	 0.003888 	 0.032501
6.819090 	 7.212616 	 0.002695 	 0.035095
6.865768 	 7.211426 	 0.002205 	 0.033142
6.913353 	 7.211395 	 0.000788 	 0.031860
6.960031 	 7.196350 	 0.002439 	 0.031769
7.006709 	 7.223328 	 0.003068 	 0.032288
7.050215 	 7.212646 	 0.002503 	 0.032166
7.100519 	 7.196167 	 0.002770 	 0.033020
7.147197 	 7.199036 	 0.001353 	 0.029602
7.191609 	 7.193024 	 0.000852 	 0.028839
7.237381 	 7.203247 	 0.001619 	 0.028351
7.282700 	 7.207550 	 0.001044 	 0.027161
7.330284 	 7.210358 	 0.003302 	 0.026672
7.373790 	 7.204254 	 0.003537 	 0.030609
7.422281 	 7.209137 	 0.001172 	 0.029083
7.468506 	 7.201263 	 0.002929 	 0.029572
7.515637 	 7.207153 	 0.004911 	 0.035126
7.562769 	 7.202759 	 0.000629 	 0.032959
7.608087 	 7.197540 	 0.002013 	 0.028381
7.652953 	 7.192139 	 0.000756 	 0.027649
7.700084 	 7.207520 	 0.003494 	 0.029602
7.744043 	 7.195892 	 0.003047 	 0.031860
7.791174 	 7.202942 	 0.003707 	 0.032318
7.841025 	 7.204102 	 0.002120 	 0.031586
7.886797 	 7.212646 	 0.002013 	 0.030457
7.935741 	 7.202820 	 0.003143 	 0.029907
7.979700 	 7.208130 	 0.001949 	 0.030670
8.025925 	 7.191986 	 0.001683 	 0.028473
8.073056 	 7.210175 	 0.002940 	 0.029816
8.119281 	 7.196075 	 0.003419 	 0.032318
8.164600 	 7.198608 	 0.002024 	 0.032440
8.211731 	 7.214233 	 0.002866 	 0.031189
8.260222 	 7.220215 	 0.000948 	 0.029572
8.305540 	 7.194183 	 0.003675 	 0.030487
8.349953 	 7.209076 	 0.003899 	 0.032043
8.396631 	 7.202850 	 0.002045 	 0.031952
8.443309 	 7.208984 	 0.000660 	 0.028839
8.485455 	 7.207245 	 0.002567 	 0.028503
8.539384 	 7.214355 	 0.001204 	 0.028320
8.581984 	 7.199982 	 0.001172 	 0.026184
8.630475 	 7.206116 	 0.004506 	 0.033325
8.675793 	 7.197083 	 0.003494 	 0.034210
8.722925 	 7.210083 	 0.002088 	 0.031860
8.768243 	 7.209015 	 0.001470 	 0.030029
8.812656 	 7.207245 	 0.002780 	 0.029572
8.864319 	 7.212250 	 0.001001 	 0.029816
8.906012 	 7.201447 	 0.001683 	 0.030304
8.949971 	 7.198273 	 0.002898 	 0.029633
9.003900 	 7.210754 	 0.003206 	 0.031494
9.045593 	 7.203430 	 0.001033 	 0.028809
9.092725 	 7.196136 	 0.002237 	 0.028198
9.141216 	 7.207092 	 0.001470 	 0.029022
9.186081 	 7.214722 	 0.001545 	 0.027588
9.233212 	 7.211365 	 0.003835 	 0.030701
9.280344 	 7.212402 	 0.002035 	 0.030457
9.323849 	 7.210022 	 0.001001 	 0.027008
9.371887 	 7.199158 	 0.001577 	 0.027863
9.418112 	 7.201294 	 0.003611 	 0.030457
9.466603 	 7.203400 	 0.000959 	 0.029816
9.514188 	 7.209930 	 0.002077 	 0.029327
9.554068 	 7.217133 	 0.002439 	 0.029205
9.606184 	 7.207001 	 0.002759 	 0.030914
9.651050 	 7.203400 	 0.003089 	 0.031342
9.697728 	 7.202423 	 0.001108 	 0.030243
9.742140 	 7.205872 	 0.002099 	 0.029999
9.790178 	 7.206146 	 0.003345 	 0.030365
9.838216 	 7.214264 	 0.001395 	 0.030121
9.881721 	 7.193451 	 0.002035 	 0.029877
9.929759 	 7.199310 	 0.001193 	 0.029236
9.975984 	 7.217163 	 0.002312 	 0.028351
10.024022 	 7.208832 	 0.002589 	 0.030365
10.068887 	 7.204285 	 0.001864 	 0.030273
10.117378 	 7.200378 	 0.002514 	 0.029968
10.159525 	 7.201294 	 0.001630 	 0.030182
10.209828 	 7.203156 	 0.001427 	 0.027832
10.251974 	 7.202698 	 0.002525 	 0.030060
10.301372 	 7.211548 	 0.003143 	 0.030853
10.348050 	 7.211304 	 0.003153 	 0.031738
10.392462 	 7.202484 	 0.000288 	 0.029816
10.442313 	 7.210297 	 0.001076 	 0.027557
10.486272 	 7.218262 	 0.001438 	 0.026184
10.532043 	 7.212158 	 0.001150 	 0.027832
10.579175 	 7.211273 	 0.002471 	 0.028351
10.625853 	 7.200104 	 0.002429 	 0.027557
10.675703 	 7.192993 	 0.001704 	 0.028107
10.716037 	 7.197235 	 0.000660 	 0.027039
10.764981 	 7.204071 	 0.002322 	 0.029816
10.812112 	 7.204590 	 0.001726 	 0.029175
10.858337 	 7.204102 	 0.000969 	 0.028534
10.903203 	 7.204224 	 0.001811 	 0.027557
10.948975 	 7.200104 	 0.002908 	 0.030579
10.996106 	 7.206909 	 0.002226 	 0.030457
11.044144 	 7.221222 	 0.001374 	 0.030426
11.092635 	 7.201508 	 0.002983 	 0.030457
11.134328 	 7.200287 	 0.002546 	 0.030365
11.185991 	 7.196350 	 0.001662 	 0.031189
11.227684 	 7.201050 	 0.002162 	 0.031403
11.276175 	 7.208588 	 0.000479 	 0.028503
11.322400 	 7.221466 	 0.002312 	 0.028290
11.368625 	 7.200348 	 0.000842 	 0.026581
11.416209 	 7.210236 	 0.004080 	 0.030151
11.460168 	 7.212219 	 0.000724 	 0.029938
11.505487 	 7.200256 	 0.000543 	 0.026947
11.551259 	 7.191376 	 0.002738 	 0.029327
11.599750 	 7.196075 	 0.002610 	 0.029144
11.646881 	 7.209869 	 0.002972 	 0.031403
11.691293 	 7.212891 	 0.002610 	 0.030243
11.741144 	 7.206055 	 0.003718 	 0.031555
11.788728 	 7.208984 	 0.001726 	 0.030548
11.830875 	 7.211121 	 0.002045 	 0.028595
11.878459 	 7.200317 	 0.003057 	 0.028259
11.925137 	 7.204346 	 0.000991 	 0.027130
11.971362 	 7.208252 	 0.001481 	 0.028687
12.016681 	 7.210114 	 0.003462 	 0.030548
12.062000 	 7.205658 	 0.002045 	 0.029816
12.110944 	 7.200043 	 0.002599 	 0.028839
12.156262 	 7.202972 	 0.003164 	 0.031647
12.204300 	 7.207123 	 0.005060 	 0.033356
12.249619 	 7.210205 	 0.001523 	 0.032623
12.298109 	 7.205780 	 0.003931 	 0.031769
12.343428 	 7.209229 	 0.001449 	 0.031891
12.386028 	 7.213379 	 0.003068 	 0.030243
12.434972 	 7.206238 	 0.000937 	 0.031128
12.482556 	 7.209412 	 0.001278 	 0.028656
12.528781 	 7.201172 	 0.001992 	 0.028503
12.573193 	 7.208557 	 0.002674 	 0.029022
12.623497 	 7.216034 	 0.002589 	 0.030060
12.666550 	 7.210052 	 0.002471 	 0.030182
12.713681 	 7.196014 	 0.002557 	 0.029236
12.759000 	 7.211243 	 0.001917 	 0.030304
12.805678 	 7.216888 	 0.001502 	 0.028412
12.854169 	 7.213104 	 0.002716 	 0.029419
12.899487 	 7.217072 	 0.003590 	 0.032013
12.944353 	 7.216217 	 0.001992 	 0.029388
12.992844 	 7.206024 	 0.002727 	 0.030975
13.038615 	 7.214050 	 0.001523 	 0.029083
13.084387 	 7.209015 	 0.002312 	 0.029602
13.132425 	 7.212494 	 0.001896 	 0.029999
13.180009 	 7.203247 	 0.002706 	 0.029663
13.224875 	 7.204987 	 0.003633 	 0.031067
13.271553 	 7.223206 	 0.003015 	 0.031158
13.319138 	 7.207062 	 0.003324 	 0.032257
13.364003 	 7.194031 	 0.001907 	 0.030060
13.411588 	 7.207275 	 0.003483 	 0.031799
13.457812 	 7.207245 	 0.004293 	 0.032684
13.501318 	 7.210114 	 0.002173 	 0.032104
13.548450 	 7.202362 	 0.001609 	 0.030426
13.594221 	 7.205200 	 0.003569 	 0.031403
13.641353 	 7.214233 	 0.002546 	 0.029541
13.692110 	 7.208374 	 0.005049 	 0.033020
13.733350 	 7.201202 	 0.002621 	 0.033600
13.780934 	 7.203033 	 0.002631 	 0.030640
13.828972 	 7.208282 	 0.004996 	 0.034119
13.872478 	 7.198486 	 0.000937 	 0.030701
13.920062 	 7.200714 	 0.001609 	 0.028778
13.966287 	 7.191559 	 0.002173 	 0.029480
14.011606 	 7.200165 	 0.001545 	 0.031006
14.059190 	 7.207275 	 0.001981 	 0.029236
14.107681 	 7.207306 	 0.004027 	 0.032043
14.153000 	 7.191376 	 0.003728 	 0.032928
14.200131 	 7.201019 	 0.002631 	 0.032379
14.244997 	 7.217133 	 0.001960 	 0.031433
14.293488 	 7.213135 	 0.002280 	 0.032806
14.336540 	 7.204254 	 0.003302 	 0.034515
14.386391 	 7.216888 	 0.005454 	 0.035004
14.430350 	 7.210358 	 0.002599 	 0.035156
14.477028 	 7.205872 	 0.002162 	 0.033508
14.523253 	 7.193420 	 0.003164 	 0.029633
14.570837 	 7.203278 	 0.002589 	 0.031769
14.615703 	 7.189514 	 0.002759 	 0.031250
14.662381 	 7.201447 	 0.001491 	 0.029968
14.707246 	 7.212250 	 0.001491 	 0.027496
14.752565 	 7.212585 	 0.001087 	 0.026794
14.801962 	 7.203979 	 0.001236 	 0.027649
14.849547 	 7.210236 	 0.001097 	 0.027679
14.896225 	 7.206024 	 0.001864 	 0.027405
14.942450 	 7.199127 	 0.002610 	 0.029175
14.989581 	 7.202637 	 0.001971 	 0.029877
15.034447 	 7.206940 	 0.004336 	 0.031281
15.082031 	 7.197388 	 0.003526 	 0.033508
15.126897 	 7.213135 	 0.001353 	 0.029388
15.172668 	 7.203247 	 0.002589 	 0.031830
15.220706 	 7.208252 	 0.003654 	 0.032715
15.267838 	 7.219025 	 0.001939 	 0.032776
15.312250 	 7.203094 	 0.000980 	 0.028595
15.357568 	 7.218658 	 0.000671 	 0.026550
15.408325 	 7.206177 	 0.003164 	 0.029510
15.451831 	 7.205383 	 0.001630 	 0.030060
15.499869 	 7.211304 	 0.002759 	 0.029266
15.544281 	 7.218567 	 0.003537 	 0.031128
15.591866 	 7.211670 	 0.001513 	 0.030090
15.637637 	 7.212585 	 0.003313 	 0.031036
15.679784 	 7.203308 	 0.002322 	 0.030121
15.731900 	 7.206848 	 0.002621 	 0.031158
15.778125 	 7.197357 	 0.003739 	 0.032440
15.822990 	 7.201416 	 0.002067 	 0.030090
15.869215 	 7.212952 	 0.002333 	 0.030579
15.914987 	 7.208313 	 0.001470 	 0.030212
15.963025 	 7.201508 	 0.002216 	 0.029572
16.009250 	 7.202515 	 0.000927 	 0.028778
16.055928 	 7.214539 	 0.002162 	 0.029480
16.098981 	 7.214691 	 0.002365 	 0.028839
16.147925 	 7.206970 	 0.002450 	 0.030060
16.191884 	 7.204712 	 0.002290 	 0.029572
16.240828 	 7.196198 	 0.001662 	 0.030365
16.286600 	 7.200378 	 0.001641 	 0.028717
16.333278 	 7.211426 	 0.002258 	 0.029022
16.380862 	 7.194275 	 0.002919 	 0.028961
16.425275 	 7.219269 	 0.002631 	 0.031219
16.469234 	 7.201324 	 0.003451 	 0.031219
16.518178 	 7.206360 	 0.002407 	 0.030884
16.563950 	 7.224152 	 0.002482 	 0.032074
16.612894 	 7.205353 	 0.002855 	 0.032013
16.657759 	 7.206024 	 0.003132 	 0.032745
16.707610 	 7.199066 	 0.003185 	 0.032684
16.750209 	 7.207458 	 0.002951 	 0.032593
16.795981 	 7.204224 	 0.002716 	 0.032867
16.844019 	 7.205292 	 0.002205 	 0.030914
16.888884 	 7.201416 	 0.003611 	 0.031555
16.936469 	 7.194824 	 0.001023 	 0.030640
16.980428 	 7.206146 	 0.002493 	 0.029175
17.026653 	 7.215668 	 0.002812 	 0.030121
17.075143 	 7.212280 	 0.000501 	 0.027985
17.124541 	 7.204529 	 0.000064 	 0.026978
17.168500 	 7.200104 	 0.001225 	 0.026703
17.217444 	 7.200409 	 0.003164 	 0.028992
17.265935 	 7.206177 	 0.003217 	 0.030365
17.310347 	 7.210144 	 0.003079 	 0.030548
17.351587 	 7.216003 	 0.001545 	 0.032288
17.400531 	 7.207123 	 0.002067 	 0.031158
17.448116 	 7.202393 	 0.003143 	 0.031494
17.495247 	 7.217499 	 0.000117 	 0.029388
17.540112 	 7.204102 	 0.002003 	 0.027710
17.585431 	 7.204041 	 0.002013 	 0.028351
17.637094 	 7.212402 	 0.002045 	 0.028534
17.680147 	 7.199097 	 0.002674 	 0.029602
17.727278 	 7.212219 	 0.003334 	 0.030273
17.770331 	 7.203979 	 0.000969 	 0.029602
17.817915 	 7.210480 	 0.000905 	 0.028900
17.865953 	 7.209869 	 0.000053 	 0.026123
17.909006 	 7.212341 	 0.002258 	 0.026184
17.957950 	 7.204254 	 0.002834 	 0.028839
18.006441 	 7.209076 	 0.002610 	 0.028687
18.047227 	 7.202423 	 0.002972 	 0.030975
18.097984 	 7.198456 	 0.002226 	 0.031464
18.144662 	 7.200165 	 0.000959 	 0.028381
18.190887 	 7.201050 	 0.002535 	 0.030670
18.234846 	 7.213837 	 0.001481 	 0.029022
18.280618 	 7.198486 	 0.000650 	 0.027191
18.327296 	 7.209900 	 0.002077 	 0.028992
18.375334 	 7.203003 	 0.003835 	 0.029694
18.421106 	 7.205658 	 0.000202 	 0.027191
18.469597 	 7.212372 	 0.000096 	 0.026886
18.513556 	 7.201202 	 0.000288 	 0.025482
18.562500 	 7.206299 	 0.001949 	 0.027100
18.605099 	 7.205933 	 0.003675 	 0.030762
18.652231 	 7.202332 	 0.001204 	 0.029633
18.698003 	 7.203674 	 0.003473 	 0.030975
18.746494 	 7.215332 	 0.003963 	 0.033569
18.791359 	 7.200409 	 0.003846 	 0.033356
18.842116 	 7.211426 	 0.003057 	 0.034363
18.885168 	 7.203369 	 0.002035 	 0.032654
18.929581 	 7.209259 	 0.001395 	 0.029053
18.978978 	 7.200378 	 0.003931 	 0.030731
19.024297 	 7.194336 	 0.001790 	 0.030090
19.071881 	 7.209229 	 0.002088 	 0.028656
19.117200 	 7.202881 	 0.001704 	 0.030060
19.161159 	 7.213531 	 0.002546 	 0.029968
19.213728 	 7.207275 	 0.001928 	 0.030121
19.254968 	 7.213104 	 0.000138 	 0.027771
19.303006 	 7.205139 	 0.003121 	 0.028839
19.352856 	 7.201477 	 0.002226 	 0.030579
19.397722 	 7.188263 	 0.005731 	 0.033630
19.442587 	 7.212738 	 0.003398 	 0.034241
19.490625 	 7.205200 	 -0.000788 	 0.029297
19.537303 	 7.212952 	 0.003270 	 0.030273
19.583981 	 7.206177 	 0.001704 	 0.029572
19.627034 	 7.199127 	 0.002386 	 0.027405
19.675978 	 7.202484 	 0.001555 	 0.028442
19.720844 	 7.202515 	 0.003579 	 0.028961
19.769788 	 7.212555 	 0.001672 	 0.028412
19.815559 	 7.198578 	 0.003920 	 0.032013
19.859518 	 7.196228 	 0.003292 	 0.031738
19.909369 	 7.197205 	 0.000916 	 0.031464
19.955594 	 7.205872 	 0.001310 	 0.028320
19.999100 	 7.210297 	 0.001321 	 0.030365
20.047591 	 7.202332 	 0.001300 	 0.027679
20.091550 	 7.193390 	 0.003483 	 0.030609
20.135962 	 7.203308 	 0.002482 	 0.029999
20.186266 	 7.202515 	 0.002610 	 0.030060
20.235210 	 7.209564 	 0.002386 	 0.030853
20.276903 	 7.220032 	 0.000884 	 0.027435
20.322221 	 7.208740 	 0.004069 	 0.029999
20.370712 	 7.192108 	 0.001672 	 0.030670
20.419203 	 7.206024 	 0.002301 	 0.030151
20.465428 	 7.202179 	 0.005071 	 0.031433
20.511200 	 7.215332 	 0.002439 	 0.031494
20.557425 	 7.210175 	 0.000778 	 0.029602
20.605009 	 7.218170 	 0.002642 	 0.029083
20.651234 	 7.208862 	 0.002972 	 0.032715
20.694740 	 7.207214 	 0.002290 	 0.030548
20.740512 	 7.210327 	 0.001832 	 0.029572
20.790363 	 7.209167 	 0.000618 	 0.028503
20.837494 	 7.207092 	 0.003111 	 0.028137
20.880547 	 7.208832 	 0.000895 	 0.028534
20.928584 	 7.210175 	 0.003569 	 0.029205
20.975716 	 7.220093 	 0.002599 	 0.030762
21.020581 	 7.192139 	 0.002461 	 0.032928
21.067259 	 7.207428 	 0.002642 	 0.031952
21.113937 	 7.204346 	 0.002205 	 0.032288
21.163335 	 7.202881 	 0.002226 	 0.030792
21.205934 	 7.213470 	 0.002503 	 0.030151
21.253972 	 7.212463 	 0.002194 	 0.031433
21.299290 	 7.209229 	 0.003281 	 0.032135
21.345515 	 7.203827 	 0.001779 	 0.029602
21.390381 	 7.198212 	 0.002354 	 0.031128
21.437965 	 7.200562 	 0.003238 	 0.031921
21.485097 	 7.196442 	 0.001726 	 0.030640
21.531322 	 7.212494 	 0.004123 	 0.032257
21.578000 	 7.215149 	 0.002194 	 0.031433
21.626038 	 7.200226 	 0.003324 	 0.031158
21.669997 	 7.212555 	 0.002898 	 0.032074
21.717128 	 7.207214 	 0.002727 	 0.029968
21.761993 	 7.202759 	 0.004133 	 0.032013
21.807765 	 7.213287 	 0.003324 	 0.032684
21.857162 	 7.203766 	 0.002493 	 0.031311

 Z Turning Point (V) = 2.977386 
 Turning Time Delay (ms) = 0 
 SEN (V) =  
 App. Driving Voltage (mVrms) = 0.300000 
 App. Vias. Voltage (V) = 0.000000 
 App. Del Z (Bit) = -10 
 App. Delay Time (ms) = 700 
 App. Velocity (nm/s) = -0.064742 
 Ret. Driving Voltage (mVrms) = 0.300000 
 Ret. Vias. Voltage (V) = 0.000000 
 Ret. Del Z (Bit) = -10 
 Ret. Delay Time (ms) = 700 
 Ret. Velocity (nm/s) = -0.064742 
  
 Data Array Size = 684 
 Frequency (Hz) = sen.
 
