45.529788 	 7.212799 	 0.000224 	 0.030365
45.480844 	 7.217346 	 0.002109 	 0.029938
45.437338 	 7.213226 	 0.001150 	 0.029388
45.391113 	 7.215179 	 -0.000181 	 0.027954
45.343982 	 7.207397 	 0.001449 	 0.025604
45.297757 	 7.219513 	 0.001641 	 0.027039
45.254251 	 7.218048 	 0.001214 	 0.028778
45.206213 	 7.220001 	 -0.000735 	 0.025360
45.159535 	 7.221893 	 0.000842 	 0.025055
45.112857 	 7.215607 	 0.002695 	 0.027802
45.065726 	 7.224091 	 0.000011 	 0.026001
45.019048 	 7.209076 	 0.000202 	 0.024872
44.975542 	 7.221619 	 0.001704 	 0.029266
44.928410 	 7.214417 	 0.000128 	 0.026306
44.881732 	 7.219177 	 -0.000213 	 0.024811
44.835054 	 7.221375 	 0.000075 	 0.024200
44.787016 	 7.216980 	 0.000234 	 0.023987
44.741698 	 7.220154 	 0.001172 	 0.025909
44.695473 	 7.221436 	 0.000575 	 0.023865
44.647435 	 7.219421 	 0.000895 	 0.022705
44.602570 	 7.208710 	 0.000554 	 0.024384
44.555438 	 7.216980 	 0.001811 	 0.026581
44.511026 	 7.218414 	 0.001491 	 0.026947
44.463895 	 7.212677 	 0.000298 	 0.025665
44.415857 	 7.214050 	 0.002450 	 0.028687
44.369632 	 7.219269 	 0.001150 	 0.028229
44.324313 	 7.209045 	 0.001150 	 0.028046
44.279448 	 7.222534 	 0.001470 	 0.027893
44.230504 	 7.213196 	 0.001619 	 0.026123
44.185185 	 7.207153 	 0.002578 	 0.030243
44.137601 	 7.228302 	 0.002162 	 0.030884
44.094548 	 7.213409 	 0.001001 	 0.027496
44.047417 	 7.212463 	 0.001619 	 0.027649
43.998926 	 7.226257 	 0.000607 	 0.026093
43.953607 	 7.202698 	 0.002823 	 0.027557
43.906476 	 7.215485 	 0.001108 	 0.027588
43.860251 	 7.210022 	 0.001065 	 0.026886
43.811760 	 7.219482 	 0.002759 	 0.028748
43.767801 	 7.223022 	 0.000820 	 0.027191
43.717950 	 7.210419 	 0.001246 	 0.026886
43.673085 	 7.216217 	 0.001545 	 0.026276
43.628220 	 7.216217 	 0.001065 	 0.024841
43.581541 	 7.207184 	 0.000011 	 0.024780
43.533957 	 7.214294 	 0.001992 	 0.025757
43.491811 	 7.220184 	 0.000479 	 0.027008
43.443320 	 7.215698 	 0.001246 	 0.027344
43.395282 	 7.209137 	 0.002418 	 0.028503
43.349057 	 7.219971 	 0.000991 	 0.026855
43.305551 	 7.220032 	 0.000043 	 0.024841
43.257060 	 7.214691 	 0.002184 	 0.028168
43.208116 	 7.210205 	 0.002194 	 0.029816
43.163251 	 7.222900 	 0.002162 	 0.028900
43.119292 	 7.218292 	 0.001055 	 0.028564
43.072614 	 7.223145 	 0.000905 	 0.026428
43.027295 	 7.221069 	 0.001321 	 0.028076
42.978351 	 7.219910 	 0.000575 	 0.026978
42.933032 	 7.216919 	 0.002077 	 0.027588
42.884995 	 7.216003 	 0.000895 	 0.028625
42.839676 	 7.213959 	 0.002738 	 0.028412
42.792998 	 7.218689 	 0.000863 	 0.028320
42.746320 	 7.217010 	 0.002173 	 0.028748
42.698735 	 7.201508 	 0.000714 	 0.028015
42.654776 	 7.235565 	 0.002972 	 0.030548
42.607645 	 7.213104 	 -0.000298 	 0.027252
42.560060 	 7.212952 	 0.000181 	 0.025024
42.513835 	 7.236206 	 0.002013 	 0.026581
42.467157 	 7.222351 	 0.000980 	 0.025330
42.420026 	 7.205414 	 0.001204 	 0.027740
42.377879 	 7.204742 	 0.000660 	 0.025696
42.330295 	 7.222687 	 -0.000085 	 0.025146
42.282257 	 7.214752 	 0.000959 	 0.025055
42.239658 	 7.213135 	 0.001055 	 0.024750
42.192526 	 7.213165 	 0.000075 	 0.025421
42.142676 	 7.209351 	 -0.000234 	 0.024811
42.096904 	 7.219208 	 0.000735 	 0.024780
42.051132 	 7.222107 	 0.001023 	 0.026489
42.001735 	 7.216003 	 0.001907 	 0.027832
41.961855 	 7.204132 	 0.001289 	 0.028259
41.910645 	 7.215881 	 0.000597 	 0.027527
41.866232 	 7.216980 	 -0.000916 	 0.023163
41.817741 	 7.214294 	 0.002003 	 0.024628
41.771063 	 7.212921 	 0.002397 	 0.026794
41.725745 	 7.215363 	 0.001033 	 0.028351
41.680879 	 7.208221 	 0.001790 	 0.028503
41.631029 	 7.211060 	 0.000128 	 0.026825
41.584804 	 7.208893 	 0.000224 	 0.027008
41.539485 	 7.205444 	 0.002088 	 0.026520
41.495073 	 7.226898 	 0.002418 	 0.028564
41.443863 	 7.222260 	 0.000117 	 0.026215
41.398997 	 7.216156 	 0.001641 	 0.026611
41.354585 	 7.227997 	 0.001886 	 0.028778
41.307454 	 7.217072 	 0.002621 	 0.029602
41.261229 	 7.222290 	 0.001704 	 0.029297
41.216364 	 7.214172 	 0.002514 	 0.028198
41.169685 	 7.206421 	 0.000511 	 0.025452
41.121194 	 7.216980 	 0.001182 	 0.026489
41.073610 	 7.215485 	 -0.000277 	 0.024506
41.028745 	 7.206055 	 0.001960 	 0.026398
40.979800 	 7.216522 	 0.002546 	 0.026459
40.933575 	 7.212189 	 0.002003 	 0.029053
40.888710 	 7.217529 	 0.001587 	 0.027100
40.842485 	 7.204376 	 0.002099 	 0.030701
40.795354 	 7.217163 	 0.000714 	 0.028992
40.747769 	 7.217194 	 -0.001374 	 0.023804
40.702451 	 7.205566 	 0.002162 	 0.025177
40.658038 	 7.217224 	 0.000927 	 0.026337
40.612720 	 7.213470 	 0.000511 	 0.025818
40.564229 	 7.226471 	 0.000607 	 0.026093
40.518457 	 7.221436 	 -0.000245 	 0.023773
40.472232 	 7.223053 	 0.002557 	 0.031219
40.427367 	 7.222839 	 0.001204 	 0.028381
40.378423 	 7.206818 	 0.000618 	 0.024384
40.331291 	 7.202515 	 0.001033 	 0.025970
40.287785 	 7.214417 	 0.002045 	 0.026581
40.237482 	 7.222565 	 -0.000234 	 0.025208
40.194882 	 7.212311 	 0.001619 	 0.026733
40.148204 	 7.215240 	 0.001182 	 0.025726
40.100166 	 7.214417 	 0.000586 	 0.024536
40.055754 	 7.205109 	 0.002546 	 0.027771
40.006357 	 7.217224 	 0.000905 	 0.025909
39.962398 	 7.222076 	 0.000895 	 0.026398
39.915266 	 7.228607 	 0.000767 	 0.026672
39.869041 	 7.219177 	 0.000660 	 0.025146
39.822363 	 7.219513 	 0.000469 	 0.025574
39.774779 	 7.206299 	 0.002205 	 0.027740
39.727194 	 7.214600 	 0.002120 	 0.028198
39.683688 	 7.220245 	 0.000490 	 0.031708
39.637463 	 7.214355 	 0.000884 	 0.027618
39.588066 	 7.217224 	 0.003111 	 0.029724
39.545013 	 7.215393 	 0.002653 	 0.030273
39.496976 	 7.212372 	 0.000852 	 0.027374
39.450751 	 7.219604 	 0.000330 	 0.026978
39.405885 	 7.218048 	 0.001204 	 0.025848
39.357394 	 7.211273 	 0.000565 	 0.025757
39.314795 	 7.214325 	 0.001172 	 0.026154
39.264944 	 7.216217 	 0.001438 	 0.026154
39.217813 	 7.219452 	 0.002173 	 0.030457
39.169775 	 7.211090 	 0.001012 	 0.028839
39.128989 	 7.219818 	 0.002088 	 0.027924
39.085936 	 7.207336 	 0.001672 	 0.028625
39.033820 	 7.210297 	 0.001023 	 0.027008
38.986235 	 7.219604 	 0.000937 	 0.027222
38.942276 	 7.222382 	 0.001300 	 0.027100
38.892426 	 7.222229 	 0.000138 	 0.024445
38.849373 	 7.211609 	 0.000799 	 0.026611
38.801788 	 7.228699 	 0.001630 	 0.026642
38.753297 	 7.213287 	 0.000895 	 0.024689
38.706619 	 7.219147 	 0.000543 	 0.025269
38.659488 	 7.212433 	 0.002642 	 0.027252
38.614622 	 7.212738 	 -0.000245 	 0.026520
38.566132 	 7.214569 	 0.002194 	 0.027344
38.522173 	 7.216339 	 0.001076 	 0.025909
38.477760 	 7.212036 	 0.000905 	 0.026611
38.427457 	 7.218323 	 0.000554 	 0.024963
38.380779 	 7.210663 	 0.002237 	 0.027191
38.337273 	 7.213165 	 0.000724 	 0.027039
38.290594 	 7.214294 	 0.000554 	 0.025299
38.244823 	 7.215942 	 -0.000043 	 0.027191
38.194519 	 7.215393 	 0.001268 	 0.028534
38.151466 	 7.217010 	 0.000288 	 0.025726
38.106148 	 7.216095 	 0.000735 	 0.026520
38.057204 	 7.223022 	 0.001949 	 0.026733
38.010072 	 7.226349 	 -0.000170 	 0.025696
37.968379 	 7.213135 	 0.001406 	 0.026672
37.916716 	 7.229279 	 0.001023 	 0.024994
37.874570 	 7.217133 	 -0.000032 	 0.024475
37.825172 	 7.212189 	 -0.000415 	 0.023071
37.780760 	 7.212280 	 0.000607 	 0.025482
37.732269 	 7.219391 	 0.002141 	 0.027740
37.685138 	 7.220001 	 0.001843 	 0.029388
37.638007 	 7.212708 	 0.000469 	 0.027130
37.592688 	 7.229095 	 0.001832 	 0.028015
37.552808 	 7.214355 	 -0.000948 	 0.026093
37.497972 	 7.212616 	 0.001992 	 0.027802
37.454013 	 7.219299 	 0.000629 	 0.026886
37.407335 	 7.224121 	 0.000629 	 0.026337
37.359750 	 7.219635 	 0.001108 	 0.026306
37.313525 	 7.213196 	 -0.000181 	 0.024506
37.267754 	 7.214264 	 0.002109 	 0.027039
37.222888 	 7.207703 	 0.001023 	 0.026215
37.173491 	 7.211304 	 0.002184 	 0.027618
37.127266 	 7.213348 	 0.000362 	 0.025818
37.082854 	 7.223145 	 0.001406 	 0.027191
37.036629 	 7.217346 	 0.001150 	 0.027130
36.990857 	 7.210175 	 0.003281 	 0.028137
36.942366 	 7.210815 	 0.002929 	 0.028198
36.895688 	 7.210236 	 0.000692 	 0.028015
36.851276 	 7.219360 	 -0.000202 	 0.025177
36.801878 	 7.208679 	 0.001768 	 0.025970
36.759732 	 7.224609 	 0.000852 	 0.030243
36.709428 	 7.204651 	 0.000842 	 0.027039
36.665469 	 7.210205 	 0.001129 	 0.027496
36.619244 	 7.213318 	 0.001800 	 0.028717
36.567128 	 7.215118 	 0.000330 	 0.026306
36.525888 	 7.219360 	 0.001097 	 0.027344
36.480569 	 7.213470 	 0.000692 	 0.027283
36.433891 	 7.216095 	 0.000842 	 0.027039
36.384494 	 7.213318 	 0.000181 	 0.025024
36.336909 	 7.220245 	 0.003270 	 0.029846
36.293857 	 7.217194 	 0.000586 	 0.027863
36.246272 	 7.212952 	 0.001502 	 0.027435
36.203220 	 7.222290 	 0.002844 	 0.028442
36.153822 	 7.219482 	 0.000916 	 0.026978
36.111676 	 7.218567 	 0.000724 	 0.025330
36.063185 	 7.222473 	 0.000980 	 0.026367
36.015601 	 7.219177 	 0.001981 	 0.026611
35.969829 	 7.210449 	 0.000969 	 0.026123
35.922697 	 7.207245 	 -0.000288 	 0.026520
35.879192 	 7.219452 	 0.001619 	 0.026642
35.830247 	 7.203094 	 0.001534 	 0.027161
35.782210 	 7.214020 	 0.002141 	 0.027100
35.736891 	 7.214264 	 0.001364 	 0.026611
35.690213 	 7.217346 	 0.002056 	 0.027832
35.643988 	 7.221222 	 0.002929 	 0.027710
35.598216 	 7.218445 	 0.001406 	 0.030914
35.551991 	 7.222961 	 0.000905 	 0.029083
35.501688 	 7.214233 	 0.001278 	 0.027374
35.457275 	 7.224396 	 -0.000426 	 0.025726
35.409238 	 7.209076 	 0.000629 	 0.024353
35.367545 	 7.206329 	 0.003537 	 0.029144
35.321773 	 7.216522 	 0.000575 	 0.027191
35.274641 	 7.209076 	 0.001012 	 0.026917
35.226604 	 7.222961 	 0.003100 	 0.029572
35.180379 	 7.216187 	 0.001204 	 0.028839
35.132794 	 7.221436 	 0.001758 	 0.027832
35.085663 	 7.212585 	 0.000224 	 0.027527
35.038985 	 7.218170 	 0.001491 	 0.027161
34.995479 	 7.223175 	 0.001768 	 0.027954
34.947894 	 7.213104 	 0.000192 	 0.025299
34.902576 	 7.219543 	 0.000895 	 0.024597
34.850912 	 7.222015 	 0.000469 	 0.024719
34.807860 	 7.219452 	 0.000650 	 0.024933
34.765260 	 7.213348 	 0.001598 	 0.026520
34.715863 	 7.219635 	 0.000309 	 0.026794
34.668279 	 7.229797 	 -0.000256 	 0.024719
34.621147 	 7.212921 	 0.000479 	 0.024170
34.575829 	 7.212585 	 0.000181 	 0.024292
34.529150 	 7.217133 	 0.002333 	 0.022736
34.480659 	 7.210419 	 0.001758 	 0.025513
34.437154 	 7.209137 	 0.002226 	 0.027283
34.389116 	 7.215210 	 0.000692 	 0.026978
34.342891 	 7.224152 	 -0.000245 	 0.024445
34.298932 	 7.223083 	 0.000905 	 0.024506
34.254066 	 7.222992 	 0.001609 	 0.026367
34.204669 	 7.210266 	 0.000703 	 0.024567
34.159351 	 7.222504 	 0.001545 	 0.024597
34.113579 	 7.222229 	 0.001012 	 0.043518
34.067354 	 7.218384 	 0.001545 	 0.033508
34.017503 	 7.217804 	 0.003047 	 0.030579
33.975810 	 7.213196 	 0.000767 	 0.029907
33.927319 	 7.220367 	 0.001470 	 0.026703
33.879735 	 7.218903 	 0.002109 	 0.028870
33.836682 	 7.218140 	 0.000607 	 0.027832
33.787738 	 7.214355 	 0.001449 	 0.026764
33.739700 	 7.224701 	 0.001534 	 0.028229
33.694382 	 7.209015 	 -0.000075 	 0.024780
33.650876 	 7.223175 	 0.001438 	 0.026062
33.601479 	 7.211243 	 0.000991 	 0.025635
33.554800 	 7.214630 	 0.002557 	 0.026672
33.509482 	 7.212738 	 0.000980 	 0.028687
33.461897 	 7.218079 	 0.001161 	 0.026581
33.418845 	 7.207275 	 0.000650 	 0.026672
33.368088 	 7.224274 	 -0.000245 	 0.024628
33.322769 	 7.224396 	 0.000650 	 0.024628
33.276544 	 7.202850 	 0.000501 	 0.026123
33.230772 	 7.214020 	 0.000256 	 0.023895
33.182735 	 7.219086 	 0.000320 	 0.026581
33.135150 	 7.213165 	 0.000341 	 0.027344
33.095270 	 7.232361 	 0.002535 	 0.027618
33.044966 	 7.220032 	 -0.000692 	 0.026520
32.997382 	 7.219879 	 0.001097 	 0.026123
32.951610 	 7.222565 	 0.000266 	 0.025024
32.906744 	 7.226257 	 0.000916 	 0.027069
32.858253 	 7.225159 	 0.000735 	 0.025726
32.812029 	 7.222870 	 0.000107 	 0.021973
32.767163 	 7.209198 	 0.000607 	 0.023987
32.719579 	 7.216125 	 0.001395 	 0.025024
32.673807 	 7.218384 	 0.001481 	 0.026642
32.628941 	 7.232117 	 0.000543 	 0.026184
32.579544 	 7.215851 	 -0.000192 	 0.023865
32.533319 	 7.220367 	 0.002162 	 0.026978
32.488000 	 7.219940 	 -0.000565 	 0.024750
32.440869 	 7.223480 	 0.001257 	 0.026337
32.391925 	 7.226562 	 0.000746 	 0.024323
32.347060 	 7.220001 	 -0.000650 	 0.023285
32.302647 	 7.219543 	 0.000575 	 0.024902
32.255063 	 7.214172 	 0.001033 	 0.026062
32.210651 	 7.235535 	 0.001278 	 0.024048
32.164426 	 7.228241 	 0.000138 	 0.025208
32.117747 	 7.229248 	 0.001523 	 0.025879
32.069710 	 7.210419 	 0.002759 	 0.026733
32.024844 	 7.228210 	 0.001023 	 0.028198
31.976353 	 7.218597 	 0.001502 	 0.026978
31.931488 	 7.214508 	 0.000692 	 0.028381
31.881638 	 7.235291 	 0.001023 	 0.025879
31.836319 	 7.205688 	 -0.000277 	 0.023651
31.791454 	 7.217499 	 0.000959 	 0.024811
31.747041 	 7.219147 	 0.000213 	 0.024597
31.697191 	 7.218811 	 -0.000298 	 0.023743
31.653232 	 7.216034 	 0.001268 	 0.025330
31.606100 	 7.216125 	 0.000597 	 0.026001
31.561235 	 7.223267 	 0.001172 	 0.025970
31.513651 	 7.217377 	 0.002035 	 0.028107
31.465613 	 7.217377 	 0.000746 	 0.027100
31.421654 	 7.207825 	 0.000160 	 0.026428
31.374522 	 7.208008 	 0.000085 	 0.026306
31.326938 	 7.215851 	 0.001108 	 0.026337
31.283432 	 7.227173 	 0.001033 	 0.025696
31.237660 	 7.224060 	 0.001960 	 0.027405
31.186450 	 7.217590 	 0.000937 	 0.027557
31.143851 	 7.210297 	 0.001065 	 0.026611
31.092641 	 7.216522 	 0.002226 	 0.027527
31.049588 	 7.232697 	 0.002077 	 0.028564
31.002003 	 7.219299 	 0.000330 	 0.027435
30.956232 	 7.214264 	 0.001917 	 0.028564
30.906834 	 7.219543 	 0.000842 	 0.027191
30.863782 	 7.230133 	 0.001662 	 0.028015
30.816650 	 7.217438 	 0.000980 	 0.027039
30.769972 	 7.216248 	 0.000969 	 0.025787
30.726466 	 7.221008 	 0.000810 	 0.027802
30.676616 	 7.221161 	 -0.000192 	 0.024811
30.633110 	 7.220062 	 0.001182 	 0.025452
30.586432 	 7.230255 	 -0.000234 	 0.024933
30.540660 	 7.225677 	 0.001949 	 0.025238
30.489903 	 7.219727 	 0.001779 	 0.027771
30.449117 	 7.225464 	 0.000096 	 0.026825
30.397906 	 7.210297 	 0.001193 	 0.024658
30.351228 	 7.214661 	 0.000969 	 0.023956
30.306816 	 7.213165 	 0.000788 	 0.026703
30.259232 	 7.217285 	 0.001033 	 0.024048
30.215726 	 7.230011 	 0.000522 	 0.024719
30.165422 	 7.222687 	 0.001033 	 0.025665
30.120557 	 7.219666 	 0.000831 	 0.026184
30.074332 	 7.216858 	 0.001619 	 0.027557
30.027200 	 7.207397 	 -0.000437 	 0.024994
29.980522 	 7.224792 	 -0.000820 	 0.023224
29.932031 	 7.220123 	 0.002748 	 0.026306
29.889885 	 7.214539 	 0.001097 	 0.024872
29.841394 	 7.214661 	 0.001012 	 0.025208
29.795622 	 7.202942 	 0.001182 	 0.026550
29.746678 	 7.218750 	 0.001172 	 0.028839
29.702266 	 7.229248 	 0.001630 	 0.026886
29.654681 	 7.216797 	 0.001023 	 0.027863
29.609816 	 7.219482 	 -0.000138 	 0.024353
29.563591 	 7.212494 	 -0.000213 	 0.024445
29.520992 	 7.219452 	 0.001364 	 0.025269
29.472954 	 7.221100 	 0.000820 	 0.027313
29.426729 	 7.220245 	 0.002855 	 0.027985
29.378238 	 7.215210 	 0.001427 	 0.027344
29.331107 	 7.210236 	 0.002099 	 0.027588
29.285335 	 7.215118 	 0.000650 	 0.026978
29.240923 	 7.219299 	 -0.000245 	 0.022125
29.192432 	 7.214386 	 0.000224 	 0.022675
29.147566 	 7.208679 	 0.001055 	 0.025970
29.097263 	 7.226379 	 0.002024 	 0.027222
29.053304 	 7.212402 	 0.001662 	 0.028320
29.005266 	 7.222992 	 0.000149 	 0.027496
28.960400 	 7.214142 	 -0.000778 	 0.024323
28.914175 	 7.219604 	 0.000927 	 0.024963
28.865231 	 7.225372 	 0.001513 	 0.025848
28.819006 	 7.217041 	 0.001012 	 0.025055
28.773688 	 7.218140 	 0.001268 	 0.027222
28.727916 	 7.222321 	 0.001044 	 0.026062
28.682144 	 7.210999 	 -0.000138 	 0.024841
28.631387 	 7.226593 	 0.000437 	 0.023682
28.588788 	 7.211304 	 0.000107 	 0.024963
28.540750 	 7.219482 	 0.001097 	 0.027161
28.495885 	 7.222229 	 0.001822 	 0.027557
28.451472 	 7.215729 	 -0.000298 	 0.026917
28.404794 	 7.215912 	 0.002162 	 0.026978
28.358116 	 7.225128 	 0.001481 	 0.027527
28.308719 	 7.221405 	 0.001672 	 0.027008
28.259322 	 7.219482 	 0.000671 	 0.027069
28.218535 	 7.225250 	 0.000991 	 0.027924
28.170497 	 7.223175 	 0.000149 	 0.026276
28.124272 	 7.213257 	 0.000543 	 0.026093
28.074875 	 7.219269 	 0.000905 	 0.024811
28.030463 	 7.213348 	 0.001406 	 0.026947
27.985144 	 7.205872 	 0.001779 	 0.029510
27.936653 	 7.213379 	 -0.000660 	 0.026276
27.892241 	 7.225281 	 0.000937 	 0.024933
27.846469 	 7.214417 	 0.002194 	 0.027710
27.798885 	 7.209290 	 -0.000277 	 0.026245
27.752206 	 7.209015 	 0.000714 	 0.024231
27.704169 	 7.223389 	 0.001076 	 0.025726
27.662022 	 7.217468 	 -0.000533 	 0.023437
27.612172 	 7.208435 	 0.000639 	 0.026001
27.568666 	 7.225128 	 0.002162 	 0.027863
27.521535 	 7.228638 	 0.002280 	 0.024872
27.473950 	 7.216370 	 0.000309 	 0.025940
27.426366 	 7.224182 	 0.000895 	 0.025208
27.380594 	 7.204010 	 0.000437 	 0.024261
27.337541 	 7.219513 	 0.002003 	 0.027893
27.289050 	 7.215210 	 0.000788 	 0.025299
27.245091 	 7.218475 	 0.000522 	 0.026184
27.197054 	 7.213989 	 0.000660 	 0.025360
27.148109 	 7.221436 	 0.002610 	 0.027771
27.101431 	 7.216553 	 -0.000895 	 0.026062
27.060191 	 7.219879 	 0.001001 	 0.025085
27.013513 	 7.208496 	 0.000032 	 0.025574
26.964569 	 7.204010 	 0.000213 	 0.024048
26.918344 	 7.219238 	 0.000799 	 0.024384
26.871213 	 7.212494 	 0.001161 	 0.025696
26.823628 	 7.207306 	 0.001992 	 0.026672
26.780576 	 7.226532 	 0.001023 	 0.028107
26.734351 	 7.212372 	 -0.000107 	 0.026184
26.686766 	 7.212646 	 0.001204 	 0.025848
26.640088 	 7.218262 	 0.001353 	 0.026154
26.594316 	 7.223267 	 0.000224 	 0.026428
26.547638 	 7.214020 	 0.001023 	 0.025024
26.502319 	 7.214264 	 0.001438 	 0.027527
26.452922 	 7.215881 	 0.000128 	 0.026093
26.408057 	 7.207458 	 0.002674 	 0.027771
26.362285 	 7.223114 	 0.001257 	 0.027985
26.315154 	 7.210205 	 0.000170 	 0.025574
26.268929 	 7.215790 	 -0.000181 	 0.025360
26.223610 	 7.208405 	 0.000277 	 0.024994
26.175572 	 7.213318 	 0.001023 	 0.025360
26.129347 	 7.220184 	 -0.000064 	 0.024567
26.083122 	 7.214172 	 0.001662 	 0.025787
26.037350 	 7.213104 	 0.001683 	 0.026123
25.991125 	 7.216339 	 0.001182 	 0.025452
25.943541 	 7.200409 	 0.000064 	 0.025024
25.895956 	 7.217163 	 0.000895 	 0.025787
25.851091 	 7.211456 	 0.001129 	 0.026367
25.807132 	 7.224121 	 0.000458 	 0.026398
25.755922 	 7.222748 	 0.000128 	 0.025238
25.711963 	 7.213074 	 0.001044 	 0.024841
25.668004 	 7.217621 	 0.001055 	 0.027130
25.618607 	 7.212280 	 0.002216 	 0.026672
25.571928 	 7.226349 	 -0.000181 	 0.026031
25.526610 	 7.223053 	 0.001683 	 0.026062
25.480385 	 7.227295 	 0.000575 	 0.025208
25.433707 	 7.213562 	 -0.000245 	 0.023560
25.383403 	 7.222412 	 0.001513 	 0.025940
25.339897 	 7.232574 	 0.001981 	 0.028229
25.294579 	 7.211304 	 -0.000160 	 0.025299
25.247447 	 7.228241 	 0.000799 	 0.025818
25.198956 	 7.219452 	 0.002983 	 0.028992
25.156357 	 7.210236 	 0.001715 	 0.028381
25.108772 	 7.226624 	 0.001427 	 0.028412
25.060735 	 7.220123 	 -0.000064 	 0.025055
25.016776 	 7.213013 	 0.001566 	 0.025543
24.967378 	 7.226288 	 -0.000234 	 0.025574
24.918887 	 7.213013 	 0.002013 	 0.027313
24.879007 	 7.222931 	 0.000863 	 0.026276
24.830516 	 7.223938 	 0.000234 	 0.026550
24.783838 	 7.220398 	 0.000479 	 0.023773
24.736253 	 7.212402 	 0.000927 	 0.025879
24.691841 	 7.209045 	 0.001278 	 0.025696
24.647882 	 7.207062 	 -0.000011 	 0.026276
24.597578 	 7.212555 	 0.001406 	 0.027161
24.551807 	 7.220032 	 0.001385 	 0.028198
24.508301 	 7.218781 	 -0.000352 	 0.026489
24.457544 	 7.220184 	 0.001236 	 0.024902
24.411772 	 7.212921 	 0.000618 	 0.024689
24.367360 	 7.218689 	 0.002493 	 0.026062
24.318416 	 7.216217 	 0.000490 	 0.025726
24.271284 	 7.227173 	 0.000511 	 0.027069
24.225513 	 7.220490 	 0.000256 	 0.025330
24.181554 	 7.213287 	 -0.001055 	 0.024078
24.132610 	 7.219452 	 0.000618 	 0.025299
24.087744 	 7.212616 	 0.001736 	 0.026276
24.039706 	 7.219574 	 0.001342 	 0.028015
23.995747 	 7.210999 	 0.000288 	 0.026703
23.947256 	 7.203247 	 -0.000415 	 0.024780
23.901938 	 7.219330 	 0.000543 	 0.025177
23.851634 	 7.224030 	 -0.000650 	 0.022614
23.806316 	 7.216034 	 0.003100 	 0.026825
23.763263 	 7.222656 	 0.000959 	 0.026093
23.715678 	 7.214203 	 -0.000352 	 0.025085
23.669907 	 7.205688 	 0.001513 	 0.024933
23.620509 	 7.226471 	 0.000138 	 0.025543
23.582442 	 7.214355 	 -0.000724 	 0.023743
23.530779 	 7.220215 	 0.001076 	 0.024597
23.483194 	 7.217346 	 -0.000213 	 0.024597
23.436063 	 7.211334 	 0.001502 	 0.023712
23.388931 	 7.222626 	 0.000458 	 0.024689
23.344066 	 7.211517 	 0.001268 	 0.028748
23.295122 	 7.216095 	 0.000746 	 0.027374
23.251163 	 7.215942 	 0.001097 	 0.026428
23.205391 	 7.220306 	 0.000980 	 0.025970
23.156447 	 7.215851 	 0.001768 	 0.025574
23.112035 	 7.218140 	 -0.000405 	 0.025421
23.064450 	 7.201874 	 0.000959 	 0.024597
23.020944 	 7.212402 	 0.001949 	 0.026550
22.974719 	 7.222961 	 0.000341 	 0.025818
22.927135 	 7.213440 	 0.001172 	 0.025116
22.880457 	 7.218628 	 0.002131 	 0.029144
22.833325 	 7.217163 	 0.003025 	 0.028992
22.786647 	 7.213348 	 -0.000234 	 0.026855
22.742235 	 7.223022 	 0.000927 	 0.025848
22.695103 	 7.216980 	 0.002354 	 0.028595
22.647519 	 7.219330 	 0.001097 	 0.027832
22.603107 	 7.220062 	 0.000320 	 0.028717
22.556882 	 7.213257 	 -0.000160 	 0.025574
22.513829 	 7.216858 	 0.000682 	 0.025818
22.459900 	 7.224060 	 0.002056 	 0.026855
22.417300 	 7.218231 	 0.000948 	 0.029572
22.371529 	 7.219910 	 0.000288 	 0.024445
22.323491 	 7.216278 	 0.000618 	 0.025330
22.275906 	 7.219604 	 0.003174 	 0.029510
22.229228 	 7.224457 	 0.001342 	 0.028687
22.182550 	 7.209595 	 0.000138 	 0.027161
22.139497 	 7.214294 	 0.000075 	 0.023468
22.090100 	 7.212830 	 0.000756 	 0.024994
22.045235 	 7.216064 	 0.000213 	 0.024536
22.000822 	 7.227631 	 -0.000767 	 0.023254
21.950972 	 7.216797 	 0.001523 	 0.026703
21.905653 	 7.219971 	 0.000597 	 0.027374
21.859428 	 7.217285 	 0.000043 	 0.026428
21.812297 	 7.209290 	 0.000916 	 0.027588
21.766072 	 7.213135 	 -0.000181 	 0.026703
21.723019 	 7.216034 	 0.000309 	 0.027222
21.675435 	 7.226196 	 0.000671 	 0.028717
21.626944 	 7.207245 	 0.000916 	 0.028839
21.581625 	 7.219269 	 0.000650 	 0.025879
21.536307 	 7.216980 	 -0.000554 	 0.024078
21.488269 	 7.222870 	 0.001055 	 0.025665
21.444310 	 7.212341 	 -0.000234 	 0.023437
21.394006 	 7.229401 	 0.000778 	 0.025421
21.347328 	 7.221588 	 0.001097 	 0.025238
21.302010 	 7.209015 	 0.000692 	 0.026184
21.254878 	 7.219391 	 0.000224 	 0.024872
21.210919 	 7.198181 	 0.001193 	 0.026031
21.161975 	 7.215515 	 0.002258 	 0.028717
21.116203 	 7.218384 	 0.000298 	 0.025970
21.069978 	 7.222473 	 0.000629 	 0.024994
21.024207 	 7.235718 	 0.000746 	 0.023071
20.977075 	 7.219330 	 0.001257 	 0.026031
20.931757 	 7.208984 	 0.000746 	 0.025940
20.883266 	 7.210236 	 -0.000682 	 0.024750
20.840213 	 7.214508 	 0.001449 	 0.025238
20.792628 	 7.219360 	 0.001246 	 0.025513
20.745497 	 7.213501 	 0.001129 	 0.027008
20.698366 	 7.217346 	 0.000884 	 0.025970
20.653500 	 7.226990 	 0.000607 	 0.026489
20.609541 	 7.211212 	 0.000788 	 0.026123
20.560597 	 7.213104 	 -0.000160 	 0.025604
20.512106 	 7.217316 	 0.001065 	 0.025208
20.466788 	 7.225311 	 0.000948 	 0.025818
20.423282 	 7.213928 	 -0.000373 	 0.024658
20.375697 	 7.214478 	 0.000085 	 0.023712
20.330379 	 7.232422 	 0.000085 	 0.023682
20.283247 	 7.229767 	 0.000937 	 0.024597
20.236569 	 7.209045 	 0.000607 	 0.026215
20.189891 	 7.217316 	 0.001374 	 0.027313
20.141400 	 7.218506 	 0.000543 	 0.027588
20.097441 	 7.201324 	 0.000000 	 0.027954
20.049857 	 7.225403 	 0.001747 	 0.026855
20.004085 	 7.214203 	 0.000618 	 0.026245
19.958766 	 7.218567 	 0.000607 	 0.025299
19.908009 	 7.210297 	 -0.000064 	 0.025940
19.864957 	 7.215302 	 -0.000724 	 0.023132
19.816466 	 7.212433 	 0.000256 	 0.024506
19.768428 	 7.226990 	 -0.000320 	 0.021851
19.726282 	 7.225433 	 0.000117 	 0.019012
19.677338 	 7.225677 	 0.001598 	 0.024902
19.630206 	 7.223022 	 0.000639 	 0.022614
19.587154 	 7.223389 	 0.000170 	 0.023621
19.537756 	 7.223297 	 0.000629 	 0.023407
19.492438 	 7.208954 	 -0.000032 	 0.024323
19.448932 	 7.221283 	 0.000149 	 0.023987
19.399988 	 7.227356 	 0.000192 	 0.023376
19.352856 	 7.210388 	 0.001704 	 0.022614
19.304819 	 7.221283 	 0.000831 	 0.024292
19.259953 	 7.212646 	 0.000948 	 0.026917
19.215541 	 7.217285 	 0.000234 	 0.025238
19.167957 	 7.214081 	 0.001630 	 0.026703
19.121732 	 7.214020 	 0.000149 	 0.027283
19.075053 	 7.215912 	 0.001065 	 0.026154
19.029282 	 7.206116 	 0.000533 	 0.026398
18.982603 	 7.218231 	 0.001449 	 0.025574
18.934113 	 7.215973 	 0.000160 	 0.025330
18.889247 	 7.221191 	 0.001992 	 0.027924
18.841209 	 7.219269 	 0.000650 	 0.024200
18.797250 	 7.220093 	 0.000170 	 0.024994
18.750119 	 7.222473 	 0.000916 	 0.025330
18.705254 	 7.216064 	 -0.000202 	 0.024994
18.657216 	 7.220032 	 0.001502 	 0.024231
18.611444 	 7.219635 	 0.000565 	 0.024628
18.562047 	 7.223999 	 0.000192 	 0.025055
18.518541 	 7.207001 	 0.000703 	 0.024323
18.468690 	 7.213165 	 0.001790 	 0.025543
18.423372 	 7.217346 	 0.000884 	 0.024933
18.378506 	 7.207489 	 0.000969 	 0.026550
18.329562 	 7.212830 	 0.000607 	 0.025940
18.284697 	 7.213165 	 0.001193 	 0.025024
18.240738 	 7.210144 	 0.001800 	 0.027344
18.193607 	 7.217987 	 0.001406 	 0.027222
18.145116 	 7.225037 	 0.000224 	 0.028778
18.099797 	 7.220215 	 0.000703 	 0.027100
18.052666 	 7.217102 	 0.000703 	 0.027710
18.007800 	 7.214203 	 -0.000021 	 0.025665
17.960669 	 7.219513 	 0.001417 	 0.026337
17.915350 	 7.214783 	 0.001300 	 0.027557
17.866406 	 7.209869 	 0.001630 	 0.026459
17.821088 	 7.209229 	 0.001044 	 0.028290
17.775769 	 7.221405 	 0.000991 	 0.027893
17.728638 	 7.210205 	 0.001598 	 0.029419
17.681506 	 7.219604 	 0.000650 	 0.027771
17.638000 	 7.218201 	 0.000671 	 0.027985
17.590416 	 7.209167 	 0.000533 	 0.026367
17.547363 	 7.211731 	 0.000831 	 0.027130
17.497513 	 7.218323 	 0.000895 	 0.024780
17.452194 	 7.212555 	 0.001204 	 0.027191
17.404610 	 7.209503 	 0.000682 	 0.026611
17.358385 	 7.227356 	 0.000671 	 0.024963
17.311707 	 7.217224 	 -0.001268 	 0.023834
17.263216 	 7.212982 	 0.000937 	 0.023499
17.218803 	 7.214325 	 0.000820 	 0.025635
17.172125 	 7.210205 	 0.001001 	 0.024994
17.124088 	 7.218292 	 0.001459 	 0.026062
17.082848 	 7.214050 	 0.001523 	 0.026825
17.032091 	 7.208740 	 0.000096 	 0.026428
16.985413 	 7.223511 	 0.000714 	 0.025269
16.942360 	 7.210388 	 -0.000650 	 0.024689
16.890244 	 7.214966 	 0.000426 	 0.024139
16.847191 	 7.228455 	 0.000980 	 0.026001
16.802779 	 7.207123 	 -0.000202 	 0.023102
16.752022 	 7.214050 	 0.001076 	 0.028107
16.708969 	 7.218353 	 0.000266 	 0.026001
16.663197 	 7.214325 	 -0.000288 	 0.024384
16.616519 	 7.211792 	 0.001214 	 0.026459
16.566669 	 7.211334 	 0.001119 	 0.025940
16.523616 	 7.209045 	 -0.000277 	 0.024994
16.475125 	 7.219635 	 0.000980 	 0.026154
16.430260 	 7.211121 	 0.000522 	 0.024109
16.382222 	 7.225616 	 0.000064 	 0.023254
16.336450 	 7.212921 	 0.001715 	 0.025452
16.288412 	 7.208954 	 0.001161 	 0.026642
16.246266 	 7.214386 	 0.001065 	 0.027802
16.198682 	 7.209198 	 0.001481 	 0.027130
16.151097 	 7.225220 	 -0.000160 	 0.025513
16.103513 	 7.204315 	 -0.000756 	 0.027832
16.056381 	 7.222595 	 0.002727 	 0.027069
16.013782 	 7.223022 	 0.000735 	 0.027496
15.966650 	 7.212616 	 0.000629 	 0.026001
15.922238 	 7.228241 	 -0.000362 	 0.027130
15.873294 	 7.205994 	 0.000490 	 0.026459
15.828429 	 7.225830 	 0.001758 	 0.028595
15.781750 	 7.208984 	 0.001182 	 0.028351
15.731900 	 7.226501 	 0.001278 	 0.026062
15.689301 	 7.219421 	 0.001672 	 0.027924
15.636278 	 7.216034 	 -0.000533 	 0.024750
15.593225 	 7.210327 	 0.002003 	 0.024750
15.545187 	 7.215057 	 0.000629 	 0.025970
15.500775 	 7.224579 	 0.001012 	 0.024384
15.455003 	 7.222382 	 0.000618 	 0.025391
15.408778 	 7.222778 	 0.001641 	 0.024445
15.363007 	 7.228760 	 0.000543 	 0.026428
15.314516 	 7.205994 	 0.000618 	 0.025391
15.269650 	 7.217041 	 0.001236 	 0.025818
15.222066 	 7.210297 	 0.000682 	 0.025665
15.178107 	 7.214569 	 0.001246 	 0.029724
15.130069 	 7.219879 	 0.001300 	 0.027283
15.083391 	 7.218109 	 0.000916 	 0.027069
15.037619 	 7.209106 	 -0.000437 	 0.024078
14.991394 	 7.213684 	 0.000575 	 0.024170
14.949248 	 7.216064 	 0.000043 	 0.025330
14.897585 	 7.229401 	 0.001300 	 0.024567
14.850453 	 7.216217 	 0.001001 	 0.024445
14.808760 	 7.222260 	 0.000703 	 0.025208
14.762082 	 7.226288 	 0.001023 	 0.024414
14.712685 	 7.210175 	 0.000565 	 0.024628
14.668272 	 7.219299 	 0.001119 	 0.024658
14.618875 	 7.211365 	 0.001672 	 0.027313
14.574010 	 7.220276 	 0.000032 	 0.025238
14.525066 	 7.226562 	 -0.000192 	 0.025757
14.480653 	 7.225494 	 0.000288 	 0.024597
14.429897 	 7.220062 	 0.000682 	 0.023499
14.387297 	 7.216095 	 0.001161 	 0.025604
14.339713 	 7.216095 	 0.002013 	 0.025970
14.295300 	 7.225281 	 0.000224 	 0.026367
14.249075 	 7.210052 	 0.000341 	 0.024200
14.200131 	 7.207397 	 -0.000383 	 0.024078
14.155719 	 7.221069 	 0.000980 	 0.025452
14.112213 	 7.219330 	 0.001736 	 0.026001
14.062816 	 7.213043 	 0.001012 	 0.027252
14.015231 	 7.225372 	 0.001854 	 0.028198
13.969460 	 7.221252 	 -0.000671 	 0.025330
13.920515 	 7.226562 	 0.000991 	 0.026489
13.880635 	 7.212341 	 0.000032 	 0.022980
13.830785 	 7.210480 	 0.000181 	 0.024109
13.784560 	 7.207306 	 0.000969 	 0.025543
13.738335 	 7.219696 	 0.001033 	 0.026520
13.691203 	 7.222687 	 0.000383 	 0.027008
13.642712 	 7.206085 	 -0.000117 	 0.025726
13.600113 	 7.218353 	 0.001150 	 0.024872
13.553435 	 7.207123 	 0.001534 	 0.027008
13.505397 	 7.215118 	 0.000021 	 0.025330
13.456906 	 7.203369 	 0.001651 	 0.024597
13.412947 	 7.218323 	 0.002194 	 0.028015
13.364909 	 7.219635 	 0.001076 	 0.029297
13.318231 	 7.214050 	 0.000138 	 0.027161
13.272913 	 7.212616 	 0.000053 	 0.025879
13.224422 	 7.222839 	 0.001491 	 0.027771
13.180009 	 7.217407 	 0.000607 	 0.026245
13.134238 	 7.211365 	 0.001566 	 0.027710
13.088466 	 7.223267 	 0.000085 	 0.026276
13.040428 	 7.222778 	 0.000788 	 0.026031
12.992390 	 7.230316 	 0.000948 	 0.025513
12.950697 	 7.225586 	 0.000565 	 0.026184
12.905379 	 7.205505 	 0.000234 	 0.025055
12.853716 	 7.222290 	 0.001491 	 0.024017
12.810210 	 7.216095 	 0.000149 	 0.024078
12.762172 	 7.214294 	 0.001065 	 0.026550
12.715494 	 7.210510 	 0.000522 	 0.025635
12.670175 	 7.224243 	 0.001374 	 0.026825
12.624857 	 7.213226 	 0.000991 	 0.026917
12.575459 	 7.222565 	 0.000160 	 0.025024
12.530141 	 7.226654 	 0.000298 	 0.026001
12.482103 	 7.212250 	 0.000767 	 0.025055
12.438144 	 7.210022 	 0.002226 	 0.028351
12.392825 	 7.219543 	 -0.000511 	 0.026611
12.346147 	 7.216003 	 0.003345 	 0.028107
12.299922 	 7.223267 	 0.000703 	 0.028229
12.252791 	 7.209961 	 0.000032 	 0.026093
12.203394 	 7.213135 	 0.003015 	 0.029480
12.162607 	 7.224365 	 -0.000277 	 0.029175
12.112303 	 7.227173 	 0.000415 	 0.025024
12.066531 	 7.216339 	 0.001555 	 0.026886
12.023026 	 7.216217 	 0.000075 	 0.025635
11.973628 	 7.207458 	 0.001204 	 0.025635
11.926497 	 7.217529 	 0.001023 	 0.026825
11.883897 	 7.214508 	 0.001065 	 0.026917
11.832687 	 7.221466 	 0.000160 	 0.025116
11.790088 	 7.224182 	 0.000778 	 0.027527
11.739784 	 7.215912 	 0.000682 	 0.026337
11.694466 	 7.219330 	 -0.000405 	 0.024780
11.650960 	 7.218292 	 0.000032 	 0.024384
11.602469 	 7.214508 	 0.000650 	 0.022095
11.557150 	 7.230011 	 0.000234 	 0.023346
11.510925 	 7.229828 	 0.000096 	 0.021851
11.457449 	 7.195190 	 0.000905 	 0.025391
11.418022 	 7.208618 	 0.000032 	 0.023956
11.369531 	 7.225342 	 0.001364 	 0.026184
11.321947 	 7.226410 	 0.000064 	 0.025146
11.277988 	 7.208099 	 0.001747 	 0.026978
11.231310 	 7.219604 	 0.000991 	 0.027924
11.185085 	 7.213593 	 0.000234 	 0.027466
11.138406 	 7.214447 	 -0.000629 	 0.027954
11.091728 	 7.210052 	 0.002056 	 0.027954
11.048222 	 7.204529 	 0.001172 	 0.027557
10.997919 	 7.210114 	 0.000224 	 0.026428
10.949881 	 7.210968 	 0.001395 	 0.027130
10.901390 	 7.214081 	 0.001523 	 0.026611
10.856525 	 7.218018 	 0.000565 	 0.026733
10.815285 	 7.210205 	 0.000543 	 0.028168
10.767700 	 7.221130 	 0.000682 	 0.028412
10.720569 	 7.210510 	 -0.000522 	 0.026733
10.676157 	 7.209076 	 0.000575 	 0.025482
10.626306 	 7.215271 	 0.001225 	 0.026886
10.580534 	 7.222382 	 0.000905 	 0.025543
10.536122 	 7.215240 	 0.001672 	 0.027466
10.487631 	 7.217072 	 0.001427 	 0.028381
10.443672 	 7.228516 	 0.000021 	 0.027039
10.393822 	 7.209137 	 -0.000085 	 0.026337
10.348050 	 7.222351 	 0.001076 	 0.025757
10.302731 	 7.212189 	 0.001044 	 0.028473
10.252428 	 7.216736 	 0.000959 	 0.024536
10.208469 	 7.218323 	 0.000820 	 0.025574
10.164056 	 7.222748 	 0.000618 	 0.025085
10.121457 	 7.212433 	 0.001204 	 0.023987
10.070700 	 7.220245 	 0.000405 	 0.023560
10.020850 	 7.212738 	 0.001129 	 0.024597
9.978703 	 7.215393 	 0.002141 	 0.029785
9.931572 	 7.222656 	 0.002482 	 0.031769
9.885800 	 7.225220 	 0.002194 	 0.029114
9.837762 	 7.214172 	 0.001268 	 0.027283
9.791084 	 7.219910 	 0.000075 	 0.025757
9.746672 	 7.204102 	 0.000586 	 0.025726
9.698634 	 7.208130 	 -0.000138 	 0.024628
9.650597 	 7.210388 	 0.002727 	 0.030365
9.607091 	 7.217377 	 0.001065 	 0.028625
9.560866 	 7.226715 	 -0.001545 	 0.025665
9.513281 	 7.219238 	 0.001864 	 0.024536
9.468416 	 7.223022 	 0.002407 	 0.027924
9.422644 	 7.218079 	 0.000309 	 0.026947
9.375513 	 7.214142 	 0.000607 	 0.026123
9.326569 	 7.223236 	 0.001065 	 0.027008
9.280344 	 7.212952 	 0.001332 	 0.027740
9.235931 	 7.212372 	 0.000458 	 0.027466
9.187894 	 7.223053 	 0.002120 	 0.028870
9.141669 	 7.208862 	 0.001150 	 0.027710
9.094991 	 7.205872 	 0.001353 	 0.027374
9.051031 	 7.217285 	 0.001949 	 0.029053
9.002994 	 7.211273 	 0.001779 	 0.027435
8.953143 	 7.207245 	 0.001108 	 0.028687
8.910997 	 7.213043 	 0.002067 	 0.027618
8.864772 	 7.215515 	 0.000543 	 0.027649
8.819453 	 7.218170 	 0.001534 	 0.026794
8.770509 	 7.224976 	 0.000575 	 0.026917
8.724738 	 7.207214 	 0.001055 	 0.025238
8.681232 	 7.218323 	 0.000629 	 0.027130
8.633194 	 7.218994 	 0.000170 	 0.025421
8.583344 	 7.206635 	 0.000767 	 0.027557
8.540744 	 7.223236 	 0.000607 	 0.028046
8.495879 	 7.217499 	 0.000192 	 0.026978
8.447388 	 7.219696 	 0.001076 	 0.025208
8.402975 	 7.212494 	 0.000213 	 0.025848
8.355391 	 7.209259 	 0.001044 	 0.025055
8.307806 	 7.216919 	 0.001108 	 0.025696
8.261581 	 7.216278 	 0.001545 	 0.026855
8.216716 	 7.201355 	 0.000277 	 0.026489
8.172304 	 7.219269 	 0.000831 	 0.027802
8.125172 	 7.212769 	 0.001246 	 0.026733
8.076682 	 7.215210 	 0.002248 	 0.027985
8.030003 	 7.225342 	 -0.000256 	 0.026978
7.986951 	 7.208893 	 0.000714 	 0.024384
7.938460 	 7.205841 	 0.001364 	 0.025879
7.888156 	 7.222595 	 0.001449 	 0.026367
7.846463 	 7.219818 	 0.002535 	 0.025208
7.800691 	 7.213623 	 0.000991 	 0.027893
7.754013 	 7.216217 	 0.001449 	 0.026703
7.706882 	 7.213196 	 0.001161 	 0.028046
7.659297 	 7.211456 	 0.000245 	 0.026947
7.612166 	 7.207458 	 0.000320 	 0.024933
7.567300 	 7.214233 	 0.002131 	 0.026245
7.521529 	 7.217194 	 0.000746 	 0.026520
7.476210 	 7.213440 	 0.001502 	 0.026123
7.428172 	 7.217194 	 0.001555 	 0.028259
7.378775 	 7.217102 	 0.001364 	 0.026642
7.333456 	 7.222717 	 0.000458 	 0.027008
7.286778 	 7.217194 	 0.000660 	 0.025513
7.240553 	 7.226807 	 0.001342 	 0.027771
7.194781 	 7.207489 	 0.001907 	 0.029572
7.147197 	 7.212372 	 0.001513 	 0.028503
7.099159 	 7.219879 	 0.001928 	 0.028076
7.052028 	 7.213867 	 -0.000618 	 0.025269
7.011241 	 7.214417 	 0.000842 	 0.025299
6.959125 	 7.206177 	 0.001076 	 0.027130
6.916072 	 7.215820 	 0.000980 	 0.027130
6.869394 	 7.218658 	 0.001587 	 0.027618
6.824075 	 7.224213 	 0.002333 	 0.028839
6.775584 	 7.212128 	 0.000927 	 0.027618
6.731625 	 7.215363 	 0.002035 	 0.028168
6.684947 	 7.220520 	 0.000266 	 0.026886
6.638269 	 7.217194 	 -0.000117 	 0.024780
6.591591 	 7.218445 	 0.001087 	 0.026642
6.545366 	 7.214294 	 0.000597 	 0.025055
6.499141 	 7.213104 	 0.001470 	 0.026703
6.451556 	 7.216797 	 0.000692 	 0.025787
6.403972 	 7.212250 	 0.001001 	 0.025146
6.359560 	 7.201294 	 0.001225 	 0.027771
6.312428 	 7.206207 	 0.003217 	 0.028961
6.269376 	 7.216919 	 0.002557 	 0.029083
6.221791 	 7.216492 	 0.000234 	 0.027405
6.172394 	 7.214325 	 0.000724 	 0.025848
6.127075 	 7.216522 	 -0.000170 	 0.024170
6.082210 	 7.229858 	 0.002567 	 0.026337
6.032812 	 7.219482 	 0.001406 	 0.026459
5.986588 	 7.215942 	 0.000160 	 0.028992
5.941269 	 7.217010 	 0.001246 	 0.027588
5.894591 	 7.210358 	 0.001097 	 0.027466
5.846553 	 7.213104 	 0.001949 	 0.029572
5.803954 	 7.214722 	 0.001087 	 0.027985
5.758182 	 7.207031 	 0.002120 	 0.031189
5.710144 	 7.214722 	 0.002045 	 0.030426
5.663013 	 7.214539 	 0.002770 	 0.030762
5.614975 	 7.213043 	 0.003569 	 0.032104
5.571016 	 7.207336 	 0.002067 	 0.030243
5.521619 	 7.219757 	 0.001001 	 0.029968
5.476753 	 7.209015 	 0.001427 	 0.028046
5.431888 	 7.214355 	 0.000692 	 0.027618
5.383850 	 7.216461 	 0.000352 	 0.027222
5.336266 	 7.215973 	 0.001001 	 0.026154
5.293666 	 7.213196 	 0.001907 	 0.027313
5.246082 	 7.206116 	 0.001001 	 0.026459
5.197591 	 7.209442 	 0.002578 	 0.027435
5.153632 	 7.205231 	 0.001758 	 0.029297
5.106953 	 7.213043 	 0.000959 	 0.028137
5.058463 	 7.208893 	 0.003079 	 0.030914
5.010878 	 7.216858 	 0.002280 	 0.029907
4.967825 	 7.226654 	 0.001278 	 0.029022
4.918428 	 7.217438 	 0.002557 	 0.030090
4.872203 	 7.205780 	 0.000256 	 0.028046
4.826431 	 7.215515 	 0.000650 	 0.028076
4.777034 	 7.212555 	 0.001992 	 0.026794
4.733981 	 7.208984 	 0.001981 	 0.028290
4.686397 	 7.218933 	 0.003569 	 0.029999
4.644704 	 7.209167 	 0.003057 	 0.030487
4.593494 	 7.213318 	 0.002024 	 0.030060
4.551347 	 7.219421 	 0.003121 	 0.031982
4.503310 	 7.219421 	 0.001811 	 0.029907
4.457085 	 7.222504 	 0.001619 	 0.029449
4.410406 	 7.217133 	 0.002344 	 0.030518
4.365541 	 7.229401 	 0.001662 	 0.030518
4.316597 	 7.227325 	 0.001076 	 0.027496
4.269919 	 7.217468 	 0.001651 	 0.028442
4.223694 	 7.220093 	 0.001768 	 0.028229
4.178375 	 7.196198 	 0.001033 	 0.024658
4.131697 	 7.208466 	 0.002567 	 0.027802
4.083206 	 7.207581 	 0.000692 	 0.026459
4.039247 	 7.214447 	 0.001971 	 0.027313
3.993475 	 7.221283 	 0.001214 	 0.025330
3.944984 	 7.215424 	 0.003388 	 0.028900
3.901025 	 7.214233 	 0.002003 	 0.030304
3.852534 	 7.213928 	 0.001449 	 0.028961
3.803590 	 7.214386 	 0.001694 	 0.028961
3.762804 	 7.219208 	 0.002120 	 0.027832
3.711594 	 7.205536 	 0.002546 	 0.030396
3.667181 	 7.208832 	 0.003537 	 0.032227
3.620050 	 7.202484 	 0.004304 	 0.034485
3.574278 	 7.212677 	 0.002226 	 0.032532
3.529866 	 7.211060 	 0.002514 	 0.030884
3.482281 	 7.205536 	 0.003899 	 0.033630
3.435603 	 7.214020 	 0.002120 	 0.031494
3.388472 	 7.216919 	 0.001150 	 0.030365
3.344966 	 7.209167 	 0.001609 	 0.028564
3.296475 	 7.219208 	 0.003228 	 0.030823
3.248891 	 7.213257 	 0.001310 	 0.029846
3.200853 	 7.213287 	 0.004975 	 0.031128
3.152815 	 7.204102 	 0.002035 	 0.032410
3.112029 	 7.203949 	 0.001055 	 0.029083
3.066257 	 7.210388 	 0.001790 	 0.027496
3.017766 	 7.210358 	 0.002471 	 0.028229
2.974260 	 7.210205 	 0.002610 	 0.030609
2.925769 	 7.198975 	 0.003260 	 0.029724
2.877731 	 7.208740 	 0.002216 	 0.032013
2.832413 	 7.136963 	 0.016426 	 0.044586
2.783922 	 7.137024 	 0.018344 	 0.060455
2.737244 	 7.126190 	 0.018962 	 0.067261
2.693285 	 7.124329 	 0.015425 	 0.065460
2.646153 	 7.118042 	 0.016831 	 0.065277
2.598569 	 7.123016 	 0.019100 	 0.071320
2.551437 	 7.124084 	 0.018749 	 0.074646
2.505212 	 7.118134 	 0.017545 	 0.073944
2.458987 	 7.107178 	 0.018067 	 0.074188
2.411856 	 7.118225 	 0.016863 	 0.073212
2.367444 	 7.124329 	 0.015020 	 0.069000
2.323032 	 7.106110 	 0.016299 	 0.069153
2.275900 	 7.101440 	 0.018450 	 0.070435
2.227409 	 7.105621 	 0.018930 	 0.073425
2.182997 	 7.095917 	 0.017651 	 0.074127
2.134959 	 7.079498 	 0.016852 	 0.070679
2.092360 	 7.066193 	 0.017332 	 0.070923
2.042963 	 7.089935 	 0.018695 	 0.070648
1.995378 	 7.086334 	 0.019335 	 0.074463
1.949606 	 7.084534 	 0.019271 	 0.075287
1.904288 	 7.066986 	 0.019910 	 0.076233
1.856250 	 7.078369 	 0.020783 	 0.076294
1.810931 	 7.074371 	 0.021476 	 0.078522
1.766066 	 7.076935 	 0.018386 	 0.077118
1.715762 	 7.056641 	 0.022488 	 0.079742
1.669537 	 7.063141 	 0.021795 	 0.081635
1.625578 	 7.060364 	 0.025684 	 0.086060
1.577994 	 7.034027 	 0.023404 	 0.087585
1.534488 	 7.060638 	 0.024373 	 0.088806
1.485091 	 7.060516 	 0.020932 	 0.086853
1.435240 	 7.037323 	 0.023223 	 0.081390
1.394000 	 7.021210 	 0.026451 	 0.088348
1.345963 	 7.025238 	 0.027644 	 0.091919
1.301550 	 7.009125 	 0.026301 	 0.094421
1.256685 	 7.031250 	 0.028549 	 0.096161
1.209100 	 6.928070 	 0.031521 	 0.101196
1.160156 	 6.837341 	 0.043037 	 0.116974
1.111665 	 6.955170 	 0.026568 	 0.110229
1.069066 	 6.959839 	 0.034483 	 0.110840
1.020122 	 6.920288 	 0.033034 	 0.111267
0.971631 	 6.903931 	 0.037636 	 0.114746
0.924953 	 6.854401 	 0.041854 	 0.123138
0.881900 	 6.814148 	 0.038914 	 0.127197
0.836128 	 6.791656 	 0.041567 	 0.129242
0.788091 	 6.690948 	 0.045093 	 0.135651
0.741866 	 6.550171 	 0.053412 	 0.150391
0.694734 	 6.309937 	 0.075282 	 0.181030
0.648056 	 6.050415 	 0.105419 	 0.235443
0.602284 	 6.018982 	 0.107773 	 0.271881
0.555153 	 6.323669 	 0.071575 	 0.254242
0.512100 	 6.143982 	 0.087639 	 0.247681
0.464969 	 5.624512 	 0.132966 	 0.299866
0.417384 	 5.178802 	 0.191364 	 0.403534
0.371159 	 4.944763 	 0.235615 	 0.516205
0.327200 	 4.725525 	 0.248654 	 0.600128
0.276443 	 4.363312 	 0.321039 	 0.716949
0.231125 	 3.967834 	 0.449723 	 0.936737
0.182634 	 3.652985 	 0.542124 	 1.180664
0.140034 	 3.511322 	 0.554417 	 1.340851
0.092450 	 3.310822 	 0.692251 	 1.563385
0.046225 	 3.267822 	 0.646829 	 1.670135
0.000000 	 2.785675 	 0.921464 	 1.991425
0.043959 	 3.101166 	 0.814554 	 2.128876
0.095169 	 3.187531 	 0.717466 	 2.049683
0.136862 	 3.320068 	 0.618461 	 1.872681
0.187166 	 3.274017 	 0.611717 	 1.748138
0.232484 	 3.449860 	 0.564825 	 1.639435
0.278256 	 3.741821 	 0.494315 	 1.500946
0.324028 	 3.962616 	 0.437792 	 1.350800
0.372519 	 4.004333 	 0.429387 	 1.251038
0.418291 	 4.296997 	 0.360464 	 1.132996
0.463156 	 4.791382 	 0.271493 	 0.956116
0.515726 	 5.076935 	 0.205692 	 0.773621
0.556512 	 5.105713 	 0.204829 	 0.663818
0.602737 	 5.510071 	 0.141531 	 0.548370
0.649416 	 5.439606 	 0.156658 	 0.484924
0.697000 	 5.716309 	 0.120354 	 0.425201
0.742319 	 5.994202 	 0.101072 	 0.363892
0.789450 	 6.074066 	 0.098047 	 0.324493
0.836581 	 6.119110 	 0.088854 	 0.296967
0.879181 	 6.444092 	 0.067953 	 0.256653
0.928578 	 6.429718 	 0.069604 	 0.233215
0.973444 	 6.591919 	 0.053348 	 0.203583
1.021481 	 6.589966 	 0.056917 	 0.188690
1.069519 	 6.665649 	 0.056672 	 0.183136
1.114384 	 6.630951 	 0.057141 	 0.178650
1.158797 	 6.818085 	 0.046051 	 0.167938
1.205475 	 6.766876 	 0.047937 	 0.158661
1.253513 	 6.850616 	 0.044145 	 0.151459
1.301097 	 6.851349 	 0.038999 	 0.142670
1.344603 	 6.875092 	 0.036027 	 0.131653
1.393094 	 6.883850 	 0.036965 	 0.129547
1.437959 	 6.920349 	 0.034557 	 0.123505
1.485544 	 6.937500 	 0.036123 	 0.122009
1.532222 	 6.957245 	 0.029657 	 0.115631
1.579807 	 6.978607 	 0.028166 	 0.105865
1.625578 	 6.971069 	 0.032256 	 0.104980
1.672256 	 6.981964 	 0.029785 	 0.104706
1.719388 	 7.002991 	 0.027079 	 0.103546
1.766519 	 7.009338 	 0.026610 	 0.100525
1.812291 	 7.026184 	 0.025300 	 0.096741
1.856250 	 7.020142 	 0.025694 	 0.095184
1.902475 	 7.028687 	 0.023670 	 0.092224
1.952325 	 7.026733 	 0.023521 	 0.090790
1.994472 	 7.040802 	 0.022988 	 0.088379
2.042509 	 7.038300 	 0.024608 	 0.088257
2.088281 	 7.040222 	 0.022988 	 0.088409
2.134959 	 7.043488 	 0.021710 	 0.084442
2.180278 	 7.047272 	 0.024256 	 0.086853
2.226050 	 7.050262 	 0.020677 	 0.083466
2.273181 	 7.052307 	 0.021614 	 0.082642
2.319859 	 7.057648 	 0.022839 	 0.083099
2.366084 	 7.057617 	 0.019899 	 0.081390
2.410950 	 7.063416 	 0.020805 	 0.079773
2.458081 	 7.094299 	 0.019313 	 0.079224
2.506572 	 7.067230 	 0.019643 	 0.078491
2.550984 	 7.080231 	 0.020432 	 0.078400
2.600835 	 7.088837 	 0.019548 	 0.075897
2.643887 	 7.074829 	 0.021220 	 0.077087
2.688753 	 7.095947 	 0.019473 	 0.078888
2.741776 	 7.084290 	 0.016703 	 0.073364
2.785281 	 7.107422 	 0.016916 	 0.072205
2.830147 	 7.090179 	 0.015777 	 0.069733
2.878638 	 7.108124 	 0.014924 	 0.067657
2.923956 	 7.101257 	 0.014157 	 0.065186
2.973807 	 7.098450 	 0.019409 	 0.071228
3.019125 	 7.100891 	 0.016778 	 0.070770
3.064444 	 7.099365 	 0.018376 	 0.073517
3.110216 	 7.101471 	 0.015734 	 0.071045
3.156441 	 7.107117 	 0.014157 	 0.066925
3.202666 	 7.104156 	 0.014136 	 0.063232
3.249797 	 7.116516 	 0.014850 	 0.064423
3.295569 	 7.123016 	 0.015361 	 0.063416
3.345419 	 7.107330 	 0.012890 	 0.063049
3.383940 	 7.120422 	 0.014775 	 0.059845
3.435603 	 7.123169 	 0.014509 	 0.062225
3.479109 	 7.122467 	 0.016139 	 0.064514
3.528053 	 7.107330 	 0.015979 	 0.066711
3.575185 	 7.129303 	 0.015595 	 0.065338
3.623222 	 7.119385 	 0.016735 	 0.067871
3.667181 	 7.124084 	 0.018173 	 0.069061
3.714766 	 7.138519 	 0.016522 	 0.072479
3.759178 	 7.108398 	 0.016821 	 0.070709
3.807669 	 7.114380 	 0.017247 	 0.070648
3.851628 	 7.142395 	 0.016309 	 0.067322
3.900119 	 7.133453 	 0.016490 	 0.068604
3.946797 	 7.138245 	 0.016320 	 0.067322
3.991209 	 7.137787 	 0.014871 	 0.066101
4.036981 	 7.141479 	 0.015926 	 0.066437
4.082753 	 7.129547 	 0.016331 	 0.066376
4.133057 	 7.139374 	 0.013295 	 0.063446
4.177016 	 7.126404 	 0.013476 	 0.060883
4.222334 	 7.135223 	 0.013508 	 0.061371
4.269466 	 7.151337 	 0.012378 	 0.059113
4.317503 	 7.140137 	 0.011665 	 0.057709
4.363728 	 7.141357 	 0.013092 	 0.056366
4.409953 	 7.150330 	 0.011761 	 0.056854
4.457085 	 7.152496 	 0.012208 	 0.055359
4.501044 	 7.158234 	 0.012858 	 0.056763
4.550441 	 7.149078 	 0.010301 	 0.054382
4.596666 	 7.153076 	 0.009215 	 0.052521
4.641531 	 7.143280 	 0.008980 	 0.051056
4.688210 	 7.158417 	 0.011430 	 0.052460
4.735341 	 7.150848 	 0.009705 	 0.052368
4.782472 	 7.151184 	 0.009076 	 0.050537
4.828244 	 7.159454 	 0.011611 	 0.052734
4.873563 	 7.167938 	 0.012464 	 0.053986
4.922054 	 7.164612 	 0.010930 	 0.055145
4.965559 	 7.159302 	 0.009971 	 0.051727
5.012691 	 7.164673 	 0.010056 	 0.052490
5.058009 	 7.172455 	 0.009246 	 0.049866
5.104687 	 7.159027 	 0.010621 	 0.051819
5.150912 	 7.162506 	 0.007926 	 0.049957
5.198950 	 7.166199 	 0.007872 	 0.049591
5.242909 	 7.169556 	 0.007276 	 0.044678
5.286415 	 7.168671 	 0.007563 	 0.045166
5.339438 	 7.177032 	 0.007979 	 0.045013
5.383850 	 7.180267 	 0.007926 	 0.045563
5.429169 	 7.211548 	 0.002013 	 0.039154
5.474487 	 7.222870 	 0.000160 	 0.032593
5.525697 	 7.214447 	 0.000714 	 0.030457
5.570563 	 7.226166 	 -0.000266 	 0.027100
5.615428 	 7.223022 	 -0.001214 	 0.024536
5.660747 	 7.209991 	 0.001427 	 0.026245
5.711050 	 7.216156 	 -0.000117 	 0.024475
5.757729 	 7.218384 	 0.001406 	 0.026917
5.802594 	 7.213135 	 -0.000053 	 0.025299
5.849272 	 7.216797 	 0.000437 	 0.025391
5.897763 	 7.217346 	 0.000948 	 0.027527
5.941269 	 7.217316 	 0.000937 	 0.026062
5.987041 	 7.218536 	 -0.000277 	 0.025940
6.035078 	 7.220093 	 -0.000373 	 0.023682
6.079037 	 7.222717 	 0.001385 	 0.024353
6.125716 	 7.216156 	 -0.001055 	 0.022980
6.171487 	 7.218231 	 0.001044 	 0.025024
6.217259 	 7.225403 	 0.000586 	 0.025879
6.266203 	 7.207336 	 0.000746 	 0.027435
6.309709 	 7.205139 	 -0.000543 	 0.024597
6.361826 	 7.220673 	 -0.000181 	 0.025208
6.408504 	 7.217224 	 0.000213 	 0.024597
6.451556 	 7.222717 	 -0.000692 	 0.023254
6.496875 	 7.214142 	 0.001108 	 0.024994
6.544006 	 7.213348 	 0.000309 	 0.023926
6.594763 	 7.212891 	 0.000884 	 0.025970
6.636456 	 7.220032 	 0.002706 	 0.028412
6.681775 	 7.218597 	 0.000266 	 0.026489
6.731625 	 7.217651 	 -0.000479 	 0.026062
6.776038 	 7.209198 	 0.002599 	 0.027954
6.823169 	 7.223236 	 0.000703 	 0.028168
6.871660 	 7.219574 	 -0.000724 	 0.025146
6.917432 	 7.208649 	 0.001055 	 0.025024
6.961391 	 7.207245 	 -0.000469 	 0.024719
7.009428 	 7.211212 	 0.000053 	 0.024811
7.052481 	 7.217590 	 0.001981 	 0.026581
7.103691 	 7.223358 	 0.000927 	 0.027466
7.151276 	 7.215332 	 0.000799 	 0.024658
7.193422 	 7.211395 	 0.001310 	 0.026855
7.239647 	 7.222382 	 0.000874 	 0.025726
7.287685 	 7.216461 	 0.000586 	 0.027496
7.331190 	 7.205994 	 0.000650 	 0.026428
7.376962 	 7.217560 	 0.000959 	 0.025909
7.428625 	 7.211548 	 0.000746 	 0.026764
7.474850 	 7.214844 	 0.000575 	 0.025360
7.517903 	 7.217316 	 -0.000011 	 0.024353
7.567754 	 7.213135 	 -0.000362 	 0.024750
7.612166 	 7.214966 	 0.001598 	 0.024200
7.661563 	 7.219696 	 -0.000458 	 0.024963
7.704163 	 7.212463 	 0.000085 	 0.021851
7.749934 	 7.225311 	 0.000352 	 0.022675
7.799332 	 7.204254 	 0.000660 	 0.023010
7.845103 	 7.205353 	 0.001406 	 0.025116
7.889062 	 7.215515 	 -0.000224 	 0.026215
7.941632 	 7.215546 	 0.000842 	 0.024750
7.986044 	 7.199219 	 0.000639 	 0.027313
8.030910 	 7.211151 	 -0.000905 	 0.024841
8.076682 	 7.215057 	 0.000458 	 0.023560
8.119281 	 7.215942 	 0.000490 	 0.025238
8.171397 	 7.220581 	 -0.001928 	 0.021484
8.217169 	 7.227295 	 0.000927 	 0.024078
8.263394 	 7.225372 	 0.000969 	 0.024658
8.310979 	 7.226532 	 -0.000618 	 0.024567
8.354485 	 7.221741 	 0.000703 	 0.024933
8.402522 	 7.207153 	 0.000181 	 0.023804
8.448294 	 7.211304 	 0.000085 	 0.025269
8.490894 	 7.228180 	 -0.000735 	 0.022003
8.535759 	 7.223206 	 0.000714 	 0.024323
8.584250 	 7.216797 	 0.000660 	 0.024445
8.634100 	 7.201355 	 0.000192 	 0.025238
8.679419 	 7.215576 	 0.000618 	 0.024475
8.726550 	 7.216858 	 0.001449 	 0.026886
8.771416 	 7.222107 	 0.001023 	 0.027252
8.817187 	 7.214050 	 0.001044 	 0.027740
8.861147 	 7.220001 	 0.000629 	 0.026886
8.909184 	 7.198975 	 -0.000160 	 0.024933
8.954503 	 7.215118 	 -0.000554 	 0.024567
9.001634 	 7.204468 	 0.000138 	 0.027008
9.049219 	 7.212799 	 0.002099 	 0.027710
9.095444 	 7.226471 	 -0.000202 	 0.026489
9.139403 	 7.218353 	 -0.000447 	 0.024323
9.189706 	 7.213043 	 0.000639 	 0.024323
9.234119 	 7.218140 	 0.000629 	 0.024872
9.280797 	 7.222992 	 -0.001427 	 0.021790
9.328381 	 7.215729 	 -0.000032 	 0.021210
9.374153 	 7.217194 	 0.000224 	 0.021698
9.419925 	 7.225555 	 0.000266 	 0.022034
9.467056 	 7.223114 	 0.000192 	 0.023956
9.516000 	 7.229370 	 -0.000724 	 0.021423
9.563132 	 7.217377 	 -0.000692 	 0.022766
9.607544 	 7.203339 	 0.001161 	 0.024597
9.653316 	 7.219666 	 0.000586 	 0.026093
9.699088 	 7.219604 	 0.001736 	 0.027679
9.744859 	 7.210297 	 0.000181 	 0.027039
9.791991 	 7.215240 	 -0.000788 	 0.027100
9.839575 	 7.206360 	 -0.000554 	 0.023346
9.883987 	 7.226501 	 -0.001374 	 0.021881
9.930212 	 7.208527 	 0.000852 	 0.023651
9.976437 	 7.214539 	 0.000948 	 0.026428
10.022209 	 7.223969 	 0.000884 	 0.025940
10.070247 	 7.202637 	 -0.001076 	 0.025269
10.116019 	 7.222717 	 0.000927 	 0.024109
10.164963 	 7.222198 	 0.000618 	 0.026276
10.208469 	 7.217773 	 0.000170 	 0.025513
10.255147 	 7.223083 	 0.000096 	 0.024689
10.301825 	 7.215637 	 -0.001545 	 0.022369
10.349409 	 7.206360 	 0.000820 	 0.022003
10.396994 	 7.215881 	 0.000394 	 0.027985
10.441859 	 7.219360 	 0.000309 	 0.026733
10.487631 	 7.226837 	 -0.000117 	 0.025482
10.534309 	 7.215881 	 -0.000767 	 0.023590
10.581441 	 7.225433 	 0.000799 	 0.025269

 Z Turning Point (V) = 3.072968 
 Turning Time Delay (ms) = 0 
 SEN (V) = oa300
 
 App. Driving Voltage (mVrms) = 0.300000 
 App. Vias. Voltage (V) = 0.000000 
 App. Del Z (Bit) = -10 
 App. Delay Time (ms) = 1000 
 App. Velocity (nm/s) = -0.045319 
 Ret. Driving Voltage (mVrms) = 0.300000 
 Ret. Vias. Voltage (V) = 0.000000 
 Ret. Del Z (Bit) = -10 
 Ret. Delay Time (ms) = 1000 
 Ret. Velocity (nm/s) = -0.045319 
  
 Data Array Size = 1210 
 Frequency (Hz) = *aqn
 
