4.916162 	 7.218933 	 0.002141 	 0.033600
4.867671 	 7.202423 	 0.004155 	 0.034943
4.822353 	 7.209564 	 0.002248 	 0.032684
4.775674 	 7.199493 	 0.002312 	 0.030334
4.732622 	 7.210510 	 0.003174 	 0.031860
4.687756 	 7.203644 	 0.002695 	 0.032288
4.635187 	 7.199463 	 0.005135 	 0.033417
4.591228 	 7.212860 	 0.003750 	 0.034729
4.547269 	 7.209686 	 0.003089 	 0.034485
4.499684 	 7.197662 	 0.005475 	 0.034882
4.453006 	 7.217499 	 0.003963 	 0.035980
4.410860 	 7.202606 	 0.003249 	 0.032959
4.362369 	 7.203766 	 0.002727 	 0.032440
4.316597 	 7.202454 	 0.003792 	 0.032532
4.266747 	 7.200806 	 0.003249 	 0.032684
4.222334 	 7.210632 	 0.002216 	 0.031006
4.177469 	 7.201813 	 0.003132 	 0.031067
4.131697 	 7.196533 	 0.003217 	 0.031372
4.081847 	 7.203644 	 0.002067 	 0.031219
4.038794 	 7.202698 	 0.002312 	 0.032532
3.989397 	 7.187531 	 0.003036 	 0.032745
3.945438 	 7.204468 	 0.003057 	 0.031036
3.896494 	 7.197601 	 0.001619 	 0.031128
3.848456 	 7.203857 	 0.002610 	 0.030090
3.809482 	 7.206696 	 0.004282 	 0.032501
3.758272 	 7.197510 	 0.002503 	 0.031433
3.711140 	 7.206390 	 0.001981 	 0.031006
3.667181 	 7.205627 	 0.004293 	 0.032013
3.619144 	 7.213837 	 0.003164 	 0.032837
3.572012 	 7.213501 	 0.002770 	 0.032379
3.524428 	 7.208801 	 0.003558 	 0.032501
3.481375 	 7.201691 	 0.004804 	 0.034515
3.431978 	 7.205688 	 0.003686 	 0.034180
3.386206 	 7.213928 	 0.003590 	 0.034760
3.342247 	 7.195740 	 0.003696 	 0.033691
3.296475 	 7.205475 	 0.003675 	 0.036377
3.248438 	 7.206238 	 0.004155 	 0.037079
3.201759 	 7.206116 	 0.002738 	 0.032959
3.155988 	 7.211700 	 0.002898 	 0.033691
3.109309 	 7.198029 	 0.004133 	 0.032837
3.061272 	 7.204926 	 0.003302 	 0.032196
3.018219 	 7.203339 	 0.002567 	 0.030487
2.971994 	 7.203339 	 0.003505 	 0.031830
2.922597 	 7.203522 	 0.002503 	 0.031067
2.877278 	 7.205597 	 0.002961 	 0.034058
2.829240 	 7.206696 	 0.004240 	 0.033081
2.782562 	 7.203583 	 0.001726 	 0.032104
2.736337 	 7.198792 	 0.004474 	 0.031738
2.689659 	 7.197693 	 0.003494 	 0.032990
2.645700 	 7.211334 	 0.002120 	 0.033478
2.597662 	 7.208923 	 0.003537 	 0.032745
2.553703 	 7.216522 	 0.003164 	 0.032501
2.503853 	 7.202454 	 0.004293 	 0.034668
2.460347 	 7.203247 	 0.001523 	 0.031982
2.412309 	 7.201599 	 0.003143 	 0.030121
2.363365 	 7.204529 	 0.002546 	 0.029633
2.318953 	 7.196259 	 0.003856 	 0.031342
2.273634 	 7.202576 	 0.002461 	 0.032104
2.230128 	 7.195984 	 0.004645 	 0.032654
2.183450 	 7.196136 	 0.003004 	 0.034149
2.132693 	 7.206390 	 0.003334 	 0.033325
2.089641 	 7.204590 	 0.003590 	 0.033844
2.038431 	 7.207550 	 0.003334 	 0.031616
1.993112 	 7.058533 	 0.028304 	 0.058960
1.949153 	 7.036285 	 0.030126 	 0.082367
1.902022 	 7.038544 	 0.031255 	 0.094757
1.855797 	 7.022339 	 0.034547 	 0.105957
1.811385 	 7.009674 	 0.032192 	 0.108704
1.762894 	 7.036682 	 0.026664 	 0.102509
1.713496 	 7.042572 	 0.029455 	 0.100464
1.669537 	 7.025635 	 0.027686 	 0.099792
1.621046 	 7.033356 	 0.027100 	 0.098022
1.574368 	 7.035675 	 0.029657 	 0.103455
1.528596 	 7.020325 	 0.023691 	 0.098602
1.484184 	 7.024445 	 0.027526 	 0.097412
1.436600 	 7.000824 	 0.027143 	 0.096405
1.389468 	 7.015594 	 0.029028 	 0.098724
1.341884 	 7.020569 	 0.026653 	 0.098633
1.297018 	 7.009705 	 0.028070 	 0.097504
1.253059 	 7.003571 	 0.031766 	 0.101898
1.207288 	 7.006012 	 0.034152 	 0.107635
1.160609 	 6.987335 	 0.030285 	 0.107117
1.112572 	 6.973572 	 0.032001 	 0.106873
1.065894 	 6.985748 	 0.036507 	 0.113007
1.021028 	 6.984436 	 0.037668 	 0.117126
0.971631 	 6.970734 	 0.036187 	 0.118835
0.928125 	 6.968750 	 0.039330 	 0.121674
0.880087 	 6.964508 	 0.041513 	 0.126526
0.837035 	 6.955200 	 0.045508 	 0.134857
0.787184 	 6.941589 	 0.042760 	 0.137268
0.741866 	 6.901550 	 0.044965 	 0.139587
0.693375 	 6.900513 	 0.040853 	 0.137207
0.647150 	 6.908478 	 0.046030 	 0.140503
0.603644 	 6.906830 	 0.049396 	 0.147522
0.553793 	 6.860840 	 0.047948 	 0.149170
0.508475 	 6.866272 	 0.047894 	 0.148926
0.464062 	 6.800323 	 0.052006 	 0.153900
0.414665 	 6.746826 	 0.058526 	 0.164581
0.370706 	 6.713348 	 0.058632 	 0.172638
0.323575 	 6.639252 	 0.068475 	 0.185791
0.276897 	 6.464142 	 0.071756 	 0.200958
0.229312 	 6.234528 	 0.080651 	 0.216827
0.184447 	 6.174347 	 0.087980 	 0.236542
0.138222 	 6.272095 	 0.075474 	 0.233948
0.091090 	 5.672821 	 0.120950 	 0.276581
0.044412 	 5.840424 	 0.102478 	 0.292908
0.000000 	 5.438354 	 0.134223 	 0.327637
0.046225 	 5.544800 	 0.137366 	 0.359283
0.092450 	 5.822540 	 0.104023 	 0.340302
0.138675 	 6.066589 	 0.098100 	 0.311157
0.183087 	 6.335632 	 0.076039 	 0.272919
0.231125 	 6.440094 	 0.072449 	 0.245941
0.277350 	 6.620514 	 0.059772 	 0.215973
0.322215 	 6.679596 	 0.063394 	 0.201599
0.369347 	 6.705627 	 0.058653 	 0.190613
0.415118 	 6.782593 	 0.057354 	 0.182770
0.464062 	 6.827820 	 0.052763 	 0.174713
0.510287 	 6.829651 	 0.052368 	 0.167816
0.552887 	 6.886292 	 0.049279 	 0.159821
0.600471 	 6.909454 	 0.044720 	 0.153351
0.651682 	 6.927399 	 0.043037 	 0.145294
0.695187 	 6.924591 	 0.046105 	 0.145447
0.741866 	 6.943146 	 0.042813 	 0.142029
0.788544 	 6.949493 	 0.044453 	 0.141083
0.833862 	 6.967773 	 0.041439 	 0.139465
0.879634 	 6.957703 	 0.039969 	 0.134949
0.925859 	 6.960724 	 0.042334 	 0.135498
0.975256 	 6.984741 	 0.039276 	 0.133820
1.020122 	 6.975464 	 0.037721 	 0.127716
1.069066 	 6.991516 	 0.036464 	 0.123444
1.111212 	 7.004486 	 0.033662 	 0.118744
1.159250 	 7.010742 	 0.028506 	 0.111084
1.204568 	 7.009949 	 0.030871 	 0.107605
1.253513 	 7.015656 	 0.029231 	 0.106201
1.298378 	 7.021729 	 0.033875 	 0.109436
1.343697 	 7.014648 	 0.028230 	 0.105743
1.389468 	 7.029541 	 0.028432 	 0.102509
1.436600 	 7.031555 	 0.033929 	 0.107086
1.484637 	 7.032593 	 0.030445 	 0.106018
1.532222 	 7.041443 	 0.031436 	 0.107330
1.575728 	 7.039368 	 0.033545 	 0.109406
1.624672 	 7.033569 	 0.031297 	 0.110138
1.671803 	 7.062408 	 0.032086 	 0.108215
1.716216 	 7.063721 	 0.033013 	 0.109650
1.761081 	 7.050659 	 0.032586 	 0.111694
1.807759 	 7.062012 	 0.029753 	 0.107513
1.857156 	 7.055756 	 0.029561 	 0.104614
1.902475 	 7.063873 	 0.029210 	 0.103546
1.947340 	 7.070679 	 0.026248 	 0.099609
1.994925 	 7.069702 	 0.028613 	 0.099243
2.039337 	 7.081573 	 0.027622 	 0.099182
2.086469 	 7.091583 	 0.024959 	 0.095551
2.133600 	 7.078827 	 0.027207 	 0.094360
2.181184 	 7.102783 	 0.026568 	 0.093048
2.226956 	 7.107697 	 0.027729 	 0.094421
2.277260 	 7.134460 	 0.024874 	 0.093933
2.322578 	 7.111542 	 0.025225 	 0.090881
2.362459 	 7.125763 	 0.026259 	 0.092682
2.410950 	 7.114655 	 0.025460 	 0.092468
2.458081 	 7.131897 	 0.025194 	 0.091370
2.506119 	 7.121552 	 0.023084 	 0.089203
2.551891 	 7.140991 	 0.019761 	 0.083923
2.598116 	 7.144257 	 0.017151 	 0.077240
2.646153 	 7.139221 	 0.018131 	 0.075287
2.689659 	 7.163574 	 0.015958 	 0.071747
2.738150 	 7.201660 	 0.003015 	 0.054687
2.784375 	 7.198639 	 0.001875 	 0.040558
2.830600 	 7.190918 	 0.002216 	 0.034973
2.875012 	 7.196838 	 0.002152 	 0.031311
2.922597 	 7.199463 	 0.004048 	 0.034454
2.967915 	 7.205933 	 0.003611 	 0.034088
3.018219 	 7.193604 	 0.002205 	 0.033478
3.063538 	 7.206482 	 0.003633 	 0.032166
3.107950 	 7.200684 	 0.004836 	 0.034454
3.153268 	 7.205963 	 0.003665 	 0.034668
3.202213 	 7.203613 	 0.001577 	 0.033600
3.245265 	 7.196411 	 0.002493 	 0.031097
3.295116 	 7.200958 	 0.003920 	 0.033752
3.339528 	 7.203522 	 0.002535 	 0.033112
3.388925 	 7.199829 	 0.005113 	 0.034271
3.433791 	 7.217590 	 0.002812 	 0.033752
3.477750 	 7.197357 	 0.002908 	 0.032135
3.528053 	 7.183533 	 0.003238 	 0.032959
3.572919 	 7.208679 	 0.004549 	 0.035950
3.620050 	 7.193390 	 0.005646 	 0.036682
3.666728 	 7.206573 	 0.001129 	 0.033691
3.712953 	 7.199127 	 0.004687 	 0.036438
3.757819 	 7.217926 	 0.001715 	 0.033447
3.804497 	 7.196625 	 0.002418 	 0.032745
3.850722 	 7.197601 	 0.002983 	 0.031403
3.897853 	 7.214386 	 0.003111 	 0.031799
3.945438 	 7.193451 	 0.002684 	 0.032074
3.992116 	 7.219971 	 0.002940 	 0.031342
4.039700 	 7.207001 	 0.004165 	 0.033661
4.083206 	 7.200623 	 0.002599 	 0.032532
4.129884 	 7.216583 	 0.002514 	 0.032593
4.174297 	 7.190338 	 0.003611 	 0.033630
4.222334 	 7.212891 	 0.002738 	 0.032104
4.266747 	 7.200775 	 0.003153 	 0.033691
4.313425 	 7.217590 	 0.003047 	 0.033539
4.362369 	 7.203735 	 0.002780 	 0.034698
4.404968 	 7.207031 	 0.002589 	 0.032043
4.454819 	 7.202850 	 0.001534 	 0.031311
4.495605 	 7.210510 	 0.002663 	 0.030121
4.548628 	 7.211700 	 0.002099 	 0.030426
4.591681 	 7.206512 	 0.003451 	 0.032227
4.636093 	 7.203674 	 0.003633 	 0.034454
4.686850 	 7.203583 	 0.002578 	 0.032288
4.732622 	 7.218597 	 0.001438 	 0.030487
4.779300 	 7.208954 	 0.001960 	 0.029419
4.825525 	 7.208099 	 0.002088 	 0.029572
4.868124 	 7.208771 	 0.002088 	 0.030060
4.917068 	 7.192474 	 0.003292 	 0.031769
4.965559 	 7.212738 	 0.002993 	 0.031219
5.012238 	 7.196472 	 0.002120 	 0.032257
5.056197 	 7.208923 	 0.003984 	 0.033630
5.102875 	 7.200684 	 0.003398 	 0.033752
5.148193 	 7.214447 	 0.003047 	 0.033173
5.194872 	 7.205505 	 0.004677 	 0.033142
5.242003 	 7.215851 	 0.001246 	 0.031921
5.287321 	 7.203217 	 0.002471 	 0.031067

 Z Turning Point (V) = 1.529419 
 Turning Time Delay (ms) = 0 
 SEN (V) =  
 App. Driving Voltage (mVrms) = 0.307000 
 App. Vias. Voltage (V) = 0.000000 
 App. Del Z (Bit) = -10 
 App. Delay Time (ms) = 500 
 App. Velocity (nm/s) = -0.090639 
 Ret. Driving Voltage (mVrms) = 0.307000 
 Ret. Vias. Voltage (V) = 0.000000 
 Ret. Del Z (Bit) = -10 
 Ret. Delay Time (ms) = 500 
 Ret. Velocity (nm/s) = -0.090639 
  
 Data Array Size = 221 
 Frequency (Hz) = sen.
 
