28.582896 	 4.162567 	 0.008171 	 0.029053
28.536671 	 4.098175 	 -0.001119 	 0.028107
28.493166 	 4.195557 	 -0.012570 	 0.011169
28.443315 	 4.069824 	 -0.010013 	 0.002380
28.397543 	 4.189789 	 0.006807 	 0.016296
28.351772 	 4.107971 	 -0.003984 	 0.018585
28.306000 	 4.143707 	 -0.012762 	 0.006226
28.259322 	 4.072754 	 0.000884 	 0.011688
28.210831 	 4.130859 	 0.020624 	 0.040619
28.169138 	 4.127899 	 0.014647 	 0.055084
28.117021 	 4.134918 	 0.029476 	 0.073639
28.073515 	 4.099396 	 -0.024618 	 0.032104
28.030916 	 4.002563 	 0.005614 	 0.022186
27.981972 	 4.253448 	 -0.021849 	 0.002716
27.935747 	 4.215363 	 0.001193 	 0.006073
27.889975 	 4.297455 	 -0.000586 	 0.016113
27.843297 	 4.234680 	 0.001236 	 0.020416
27.796619 	 4.175720 	 0.006264 	 0.028625
27.752206 	 4.173431 	 0.032917 	 0.062683
27.701903 	 4.146515 	 0.021028 	 0.078217
27.656131 	 4.161652 	 -0.001150 	 0.055267
27.608546 	 4.176788 	 0.001790 	 0.038940
27.564134 	 4.171478 	 0.001917 	 0.032593
27.517456 	 4.211548 	 -0.016267 	 0.011566
27.469418 	 4.021271 	 0.025257 	 0.037628
27.426366 	 4.054657 	 0.005859 	 0.046844
27.377422 	 4.121521 	 0.028815 	 0.067139
27.332103 	 4.105377 	 0.022232 	 0.077179
27.283612 	 4.156616 	 -0.033215 	 0.021393
27.241466 	 4.184631 	 -0.015734 	 -0.007568
27.194334 	 4.042450 	 -0.013806 	 -0.012054
27.144937 	 3.961548 	 -0.036645 	 -0.036682
27.100978 	 4.059692 	 0.033833 	 0.016144
27.053847 	 4.166321 	 -0.000746 	 0.035522
27.006262 	 4.135559 	 0.005912 	 0.032806
26.960037 	 4.086578 	 0.025854 	 0.056793
26.916985 	 4.160492 	 0.023990 	 0.074158
26.866681 	 4.058716 	 0.004836 	 0.060303
26.820003 	 4.155396 	 0.002333 	 0.042419
26.775137 	 4.132263 	 -0.006434 	 0.025238
26.727553 	 4.082672 	 -0.014392 	 0.006500
26.680875 	 4.006561 	 0.008117 	 0.019531
26.635556 	 4.123932 	 0.018653 	 0.044525
26.587971 	 4.023590 	 0.043346 	 0.085968
26.544919 	 4.163818 	 0.019686 	 0.090607
26.495522 	 4.120422 	 -0.006445 	 0.053589
26.451562 	 4.067200 	 -0.014200 	 0.017792
26.400806 	 3.925385 	 -0.003846 	 0.010864
26.357300 	 4.050598 	 -0.001886 	 0.012543
26.311075 	 4.158875 	 0.019569 	 0.037659
26.262131 	 4.179810 	 -0.014083 	 0.023468
26.217265 	 4.189362 	 -0.012836 	 0.002411
26.169228 	 4.147644 	 -0.000426 	 0.007782
26.125722 	 4.026886 	 -0.002429 	 0.013550
26.080403 	 4.089661 	 -0.007318 	 0.009552
26.028740 	 4.093750 	 -0.022701 	 -0.008759
25.984328 	 4.195831 	 0.017939 	 0.018433
25.940369 	 4.167358 	 -0.004975 	 0.023834
25.892784 	 4.150452 	 0.000373 	 0.021759
25.846559 	 4.120056 	 -0.022541 	 -0.000946
25.802147 	 4.083862 	 -0.013476 	 -0.011200
25.754109 	 4.094238 	 -0.011441 	 -0.009155
25.707431 	 4.022003 	 0.014669 	 0.021942
25.659846 	 4.236603 	 0.011366 	 0.041748
25.611809 	 4.029541 	 0.020485 	 0.056366
25.566490 	 4.065704 	 0.026078 	 0.072479
25.522984 	 4.205414 	 0.008725 	 0.065033
25.473587 	 4.178345 	 -0.000874 	 0.044861
25.430988 	 4.188660 	 0.008043 	 0.040710
25.382043 	 4.261780 	 0.041300 	 0.077972
25.336272 	 4.257629 	 0.002812 	 0.067932
25.289594 	 4.223633 	 0.020261 	 0.065308
25.242462 	 4.226288 	 0.009587 	 0.061920
25.194878 	 4.026520 	 0.011260 	 0.056274
25.148199 	 4.022522 	 -0.002834 	 0.039215
25.103334 	 4.162506 	 0.012208 	 0.042145
25.058015 	 4.127716 	 0.010685 	 0.049652
25.008165 	 4.096649 	 0.002770 	 0.041840
24.965112 	 4.111298 	 0.027558 	 0.062103
24.919794 	 4.152679 	 0.013433 	 0.067993
24.870850 	 4.066711 	 0.011057 	 0.059998
24.825531 	 4.055725 	 -0.018834 	 0.024414
24.778853 	 4.031708 	 0.010301 	 0.026245
24.731268 	 4.150269 	 0.007318 	 0.036957
24.687762 	 4.180511 	 0.016245 	 0.049438
24.639725 	 4.218109 	 0.008671 	 0.050293
24.592140 	 4.134521 	 0.005156 	 0.044098
24.545462 	 4.090851 	 0.051910 	 0.089142
24.501956 	 4.129211 	 -0.013284 	 0.059479
24.455731 	 4.143372 	 -0.005465 	 0.027344
24.407240 	 4.193909 	 0.019899 	 0.044434
24.360562 	 4.174713 	 0.003398 	 0.044952
24.317509 	 4.074463 	 0.025215 	 0.060913
24.268112 	 4.111237 	 0.003111 	 0.053741
24.223247 	 4.068420 	 -0.000884 	 0.036285
24.174756 	 3.938904 	 -0.009715 	 0.018433
24.128531 	 4.039062 	 0.015255 	 0.033813
24.082759 	 4.146423 	 0.015809 	 0.050903
24.034721 	 4.169861 	 0.000522 	 0.042877
23.987137 	 4.178528 	 -0.001406 	 0.029907
23.942725 	 4.099640 	 -0.016384 	 0.008545
23.897859 	 4.064545 	 -0.004495 	 0.005371
23.850728 	 4.139618 	 -0.015382 	 -0.002655
23.805409 	 4.037567 	 -0.020400 	 -0.015900
23.758278 	 4.142426 	 0.026429 	 0.024536
23.711147 	 4.158600 	 -0.000852 	 0.034515
23.665828 	 4.147583 	 -0.011484 	 0.015015
23.618243 	 4.060486 	 -0.002855 	 0.010834
23.572018 	 4.015381 	 0.003068 	 0.019623
23.525793 	 3.948547 	 0.005475 	 0.028137
23.480022 	 4.113678 	 0.031883 	 0.060760
23.433797 	 4.146027 	 0.006562 	 0.059845
23.388025 	 4.168976 	 0.039159 	 0.082397
23.339987 	 4.069458 	 0.017939 	 0.084778
23.297388 	 4.167389 	 0.000820 	 0.058563
23.247537 	 4.219330 	 -0.010152 	 0.028534
23.200406 	 4.123840 	 -0.013348 	 0.007263
23.151462 	 4.151276 	 -0.003835 	 0.006195
23.107956 	 4.069366 	 -0.011430 	 0.002594
23.061731 	 4.166473 	 0.015819 	 0.026123
23.015506 	 4.022552 	 -0.003622 	 0.026733
22.967921 	 4.096039 	 -0.015414 	 0.007263
22.921243 	 4.014801 	 0.011952 	 0.021301
22.876831 	 4.024719 	 -0.001555 	 0.026550
22.830153 	 4.033722 	 0.009715 	 0.032471
22.783022 	 3.992371 	 -0.012378 	 0.017548
22.737250 	 4.176849 	 -0.009140 	 0.006012
22.693291 	 3.989594 	 -0.002088 	 0.009033
22.644347 	 4.140442 	 -0.002684 	 0.013641
22.596762 	 4.117706 	 0.022403 	 0.040039
22.552350 	 4.146332 	 0.011601 	 0.053009
22.504765 	 4.122528 	 0.003537 	 0.045593
22.458994 	 4.123932 	 0.000874 	 0.034790
22.410503 	 4.065765 	 0.029561 	 0.059967
22.364278 	 4.062286 	 0.003004 	 0.054810
22.317599 	 4.105408 	 0.013177 	 0.052734
22.273640 	 4.099670 	 -0.027665 	 0.012451
22.230588 	 4.106628 	 -0.006370 	 -0.000122
22.177565 	 4.188385 	 0.003760 	 0.014893
22.132700 	 4.109253 	 0.000458 	 0.020905
22.088741 	 4.146210 	 0.016256 	 0.038666
22.040703 	 4.152496 	 0.001886 	 0.039368
21.993118 	 4.304382 	 -0.009800 	 0.018646
21.948253 	 4.138550 	 -0.006519 	 0.010010
21.900668 	 4.113617 	 -0.002013 	 0.010742
21.853990 	 4.055847 	 0.005401 	 0.024323
21.806406 	 4.143463 	 -0.029817 	 -0.004822
21.761540 	 4.064301 	 -0.016181 	 -0.018188
21.713956 	 4.069580 	 -0.010482 	 -0.012573
21.671356 	 4.022430 	 0.011164 	 0.014313
21.623318 	 4.091583 	 0.012144 	 0.037018
21.575734 	 4.144501 	 0.028389 	 0.064728
21.529509 	 4.180328 	 0.013369 	 0.067200
21.484190 	 4.139221 	 0.007180 	 0.054413
21.436606 	 4.191498 	 0.017683 	 0.058075
21.387662 	 4.171051 	 0.007723 	 0.054413
21.342343 	 4.062805 	 0.000543 	 0.040771
21.298837 	 3.999481 	 0.013710 	 0.046234
21.250346 	 4.086700 	 0.037838 	 0.078033
21.208200 	 4.101257 	 0.025151 	 0.087433
21.160616 	 4.144684 	 0.021902 	 0.085693
21.109859 	 4.141510 	 0.014924 	 0.075195
21.065900 	 4.041748 	 0.009321 	 0.062317
21.020128 	 3.927887 	 -0.010940 	 0.033417
20.972543 	 4.073578 	 -0.015862 	 0.006744
20.928131 	 4.206726 	 -0.002876 	 0.005249
20.880547 	 4.100708 	 -0.019729 	 -0.004700
20.831149 	 4.098511 	 0.022062 	 0.025208
20.786284 	 4.223785 	 0.010322 	 0.044189
20.740965 	 4.018707 	 -0.001395 	 0.034729
20.693381 	 4.121582 	 0.025939 	 0.053833
20.649422 	 4.250824 	 0.015404 	 0.064117
20.600478 	 4.209778 	 -0.001545 	 0.046417
20.555612 	 4.145447 	 0.010780 	 0.043823
20.509840 	 4.211426 	 -0.001257 	 0.036133
20.461803 	 4.143433 	 -0.029007 	 -0.001831
20.415125 	 4.007446 	 -0.015532 	 -0.016479
20.368900 	 4.041382 	 0.000064 	 -0.000641
20.321768 	 4.024902 	 0.003334 	 0.015503
20.276903 	 4.096619 	 -0.004506 	 0.015656
20.232491 	 4.106445 	 0.018685 	 0.038422
20.184000 	 4.152863 	 0.010812 	 0.049133
20.136868 	 4.159027 	 0.002770 	 0.041046
20.092456 	 4.115387 	 -0.011345 	 0.019897
20.046684 	 4.180481 	 -0.025875 	 -0.010254
19.999553 	 4.226807 	 0.002290 	 -0.000275
19.949249 	 4.143707 	 0.034738 	 0.050262
19.904837 	 4.143616 	 0.008735 	 0.059174
19.858612 	 4.258148 	 0.014211 	 0.057648
19.812840 	 4.114960 	 -0.008480 	 0.035950
19.764803 	 4.089752 	 0.007148 	 0.033020
19.719937 	 4.132294 	 0.001353 	 0.032318
19.671899 	 4.032776 	 0.000905 	 0.028992
19.626581 	 4.024384 	 -0.002663 	 0.023315
19.581262 	 4.135712 	 -0.005017 	 0.016235
19.533678 	 4.164673 	 -0.016224 	 0.001007
19.489265 	 4.104126 	 0.001790 	 0.007629
19.440775 	 4.018341 	 -0.024533 	 -0.008057
19.394550 	 4.114807 	 0.002003 	 0.000977
19.346512 	 4.069946 	 -0.017630 	 -0.004944
19.300740 	 4.046143 	 -0.009737 	 -0.007355
19.256328 	 4.115387 	 -0.013657 	 -0.010010
19.209650 	 4.148987 	 0.007776 	 0.011444
19.162065 	 4.157501 	 0.010642 	 0.032806
19.114481 	 4.153473 	 -0.017204 	 0.013702
19.068256 	 4.293396 	 0.008149 	 0.020844
19.022937 	 4.180450 	 -0.010514 	 0.015778
18.975806 	 4.135345 	 0.028645 	 0.045258
18.928674 	 4.187592 	 0.008117 	 0.053101
18.881090 	 4.079163 	 -0.003015 	 0.035034
18.834865 	 3.946716 	 -0.016629 	 0.009644
18.788187 	 4.143311 	 -0.010035 	 -0.000153
18.746040 	 4.089478 	 0.012219 	 0.021362
18.700269 	 4.071503 	 0.023542 	 0.052124
18.651778 	 4.115204 	 0.032278 	 0.079376
18.604193 	 4.128540 	 0.021369 	 0.083862
18.558421 	 4.164673 	 0.006530 	 0.066345
18.513556 	 4.084534 	 -0.005997 	 0.038788
18.466425 	 4.098389 	 0.021007 	 0.049713
18.421106 	 4.024689 	 -0.008501 	 0.034210
18.373521 	 4.094543 	 -0.018014 	 0.005249
18.325031 	 4.081207 	 -0.006498 	 0.000916
18.283791 	 4.103516 	 0.010621 	 0.021698
18.233487 	 4.166351 	 -0.004953 	 0.021606
18.187715 	 4.129639 	 0.017896 	 0.040619
18.143303 	 4.113800 	 -0.024054 	 0.013794
18.095718 	 4.228210 	 -0.025066 	 -0.018066
18.049947 	 4.105957 	 -0.001577 	 -0.007324
18.001909 	 4.193573 	 0.004357 	 0.015106
17.956590 	 4.144379 	 0.004442 	 0.025970
17.909006 	 4.179108 	 -0.004005 	 0.022064
17.865500 	 4.213562 	 -0.009278 	 0.011230
17.816556 	 4.118439 	 0.001449 	 0.015167
17.772597 	 4.075989 	 -0.020815 	 -0.001587
17.725012 	 3.932648 	 -0.007372 	 -0.004028
17.677881 	 4.086365 	 0.023415 	 0.032410
17.629390 	 4.174408 	 0.007713 	 0.045410
17.585884 	 4.103790 	 -0.011089 	 0.025482
17.537393 	 4.092773 	 -0.053764 	 -0.036713
17.492528 	 3.995636 	 0.001800 	 -0.024200
17.444943 	 4.126617 	 -0.011878 	 -0.009308
17.397812 	 4.111298 	 0.012219 	 0.016205
17.351587 	 4.101257 	 0.017044 	 0.043152
17.306268 	 4.121704 	 -0.001598 	 0.036774
17.258684 	 4.129364 	 0.032906 	 0.062286
17.213818 	 4.086823 	 -0.011750 	 0.041931
17.168047 	 4.127686 	 0.013816 	 0.040344
17.122275 	 4.049561 	 0.012964 	 0.049927
17.072878 	 4.064331 	 -0.022573 	 0.017151
17.028465 	 4.111511 	 -0.035633 	 -0.027008
16.981787 	 4.059692 	 0.005699 	 -0.009247
16.934203 	 4.146393 	 0.002642 	 0.014771
16.890244 	 4.192749 	 0.014072 	 0.035858
16.843112 	 4.126312 	 0.011569 	 0.046844
16.797340 	 4.091064 	 -0.004943 	 0.033173
16.747490 	 4.173218 	 -0.028858 	 -0.004791
16.703984 	 4.115295 	 0.005689 	 0.004242
16.656400 	 4.143829 	 0.021849 	 0.040161
16.611987 	 4.117859 	 -0.016085 	 0.022705
16.564403 	 4.030792 	 -0.005049 	 0.011108
16.517725 	 3.941803 	 -0.012890 	 0.002380
16.471953 	 4.033325 	 0.000085 	 0.008118
16.424368 	 4.195435 	 0.008948 	 0.026031
16.376331 	 4.096588 	 0.006573 	 0.035461
16.334637 	 4.050537 	 -0.026099 	 0.006012
16.283427 	 4.186829 	 -0.016160 	 -0.012299
16.241734 	 4.127686 	 -0.006914 	 -0.006287
16.190071 	 4.126221 	 -0.006498 	 0.000580
16.146565 	 4.102692 	 0.004804 	 0.015503
16.100793 	 4.200836 	 -0.005603 	 0.016083
16.054115 	 4.206360 	 -0.015745 	 0.002045
16.007437 	 4.132080 	 -0.007862 	 -0.000458
15.961212 	 4.116577 	 0.031276 	 0.041443
15.915440 	 4.121796 	 0.007286 	 0.051605
15.868309 	 4.051086 	 -0.005752 	 0.031830
15.820724 	 4.026794 	 0.009726 	 0.034027
15.774500 	 4.112518 	 0.009779 	 0.042328
15.730087 	 4.050873 	 -0.002173 	 0.032776
15.685675 	 4.047058 	 0.011803 	 0.039276
15.638997 	 4.204865 	 -0.022818 	 0.011566
15.589600 	 4.206757 	 -0.008863 	 -0.000763
15.542468 	 4.083771 	 -0.000671 	 0.007965
15.494884 	 4.169922 	 0.010834 	 0.027924
15.447299 	 4.130432 	 0.021550 	 0.052429
15.402887 	 4.101349 	 -0.005806 	 0.039398
15.355756 	 4.090881 	 0.012496 	 0.040741
15.309984 	 4.122375 	 0.010365 	 0.047272
15.265572 	 4.159515 	 -0.036911 	 -0.001007
15.221613 	 4.078796 	 -0.009246 	 -0.013184
15.170403 	 4.056458 	 -0.002045 	 -0.000153
15.125990 	 4.079651 	 -0.019430 	 -0.007111
15.078406 	 3.933624 	 -0.012261 	 -0.013092
15.032181 	 4.006226 	 0.031798 	 0.036041
14.986862 	 3.998627 	 -0.005412 	 0.037048
14.938824 	 4.066772 	 0.003068 	 0.030609
14.891240 	 4.048157 	 -0.019601 	 0.007507
14.846375 	 4.122192 	 -0.000767 	 0.006744
14.799696 	 4.101532 	 0.005262 	 0.021637
14.754831 	 4.021729 	 -0.002578 	 0.020325
14.708153 	 4.124481 	 0.005273 	 0.025726
14.661021 	 4.111389 	 -0.018759 	 0.006531
14.613890 	 4.174683 	 0.018578 	 0.026886
14.569931 	 4.030457 	 0.000309 	 0.032684
14.521440 	 4.071350 	 -0.004985 	 0.022278
14.476122 	 4.065796 	 -0.015819 	 0.003937
14.427631 	 4.104523 	 -0.031447 	 -0.025269
14.383672 	 4.005432 	 -0.023777 	 -0.036713
14.336087 	 4.084534 	 0.034760 	 0.024323
14.291222 	 4.029114 	 -0.014871 	 0.022949
14.242278 	 4.044220 	 -0.007968 	 0.007690
14.197865 	 4.149506 	 -0.023148 	 -0.011078
14.148921 	 4.096436 	 -0.036091 	 -0.039795
14.106775 	 4.125488 	 -0.016171 	 -0.036469
14.059644 	 4.138672 	 -0.042792 	 -0.054474
14.007527 	 4.109528 	 -0.007350 	 -0.035889
13.964021 	 4.206757 	 -0.008330 	 -0.014893
13.919156 	 4.112396 	 0.005625 	 0.007996
13.871571 	 4.007843 	 0.011079 	 0.028961
13.822174 	 4.072418 	 -0.004005 	 0.024628
13.779121 	 4.203308 	 0.001204 	 0.023041
13.732443 	 4.081482 	 0.003228 	 0.027283
13.687125 	 4.130646 	 -0.032352 	 -0.006226
13.639540 	 4.090607 	 -0.010418 	 -0.016052
13.593315 	 4.042938 	 -0.032469 	 -0.032745
13.548450 	 4.005249 	 -0.035612 	 -0.053375
13.501318 	 4.051880 	 -0.026642 	 -0.054230
13.451015 	 3.921722 	 -0.012282 	 -0.034851
13.408415 	 4.108246 	 -0.008128 	 -0.015350
13.361737 	 4.130829 	 -0.009928 	 -0.007935
13.315059 	 4.078308 	 -0.008820 	 -0.004028
13.266568 	 4.084381 	 0.002514 	 0.009247
13.220343 	 4.109253 	 0.006807 	 0.024658
13.172758 	 4.156464 	 0.010045 	 0.037262
13.130612 	 4.091339 	 -0.025641 	 0.005890
13.079855 	 4.016785 	 -0.016714 	 -0.012726
13.034537 	 4.179687 	 -0.037742 	 -0.036926
12.990578 	 4.137451 	 -0.031979 	 -0.054321
12.943446 	 4.171021 	 -0.022168 	 -0.047455
12.898128 	 4.188782 	 -0.042312 	 -0.061951
12.853262 	 4.271393 	 -0.041929 	 -0.077332
12.805225 	 4.182648 	 -0.013358 	 -0.051666
12.758546 	 4.105591 	 -0.041918 	 -0.060425
12.711415 	 4.040527 	 -0.021082 	 -0.054138
12.664284 	 4.158356 	 0.005262 	 -0.014343
12.618059 	 3.987579 	 0.003526 	 0.012451
12.574100 	 3.943726 	 0.010248 	 0.029694
12.527875 	 3.991486 	 0.015979 	 0.046326
12.479837 	 4.076874 	 -0.011270 	 0.025940
12.435425 	 4.213928 	 0.000224 	 0.020050
12.383308 	 4.087189 	 -0.012346 	 0.008667
12.339803 	 3.989319 	 -0.002152 	 0.009552
12.293578 	 4.041595 	 -0.036507 	 -0.021759
12.245540 	 4.108521 	 -0.022605 	 -0.036011
12.201128 	 4.121979 	 -0.014583 	 -0.029053
12.153996 	 4.081268 	 -0.032927 	 -0.040436
12.105959 	 4.177063 	 -0.022211 	 -0.042236
12.060640 	 3.972748 	 -0.011025 	 -0.024902
12.014868 	 4.058533 	 -0.041886 	 -0.048798
11.969096 	 4.002319 	 -0.031798 	 -0.061035
11.924684 	 4.082520 	 -0.021252 	 -0.049438
11.876193 	 4.090515 	 -0.027793 	 -0.047638
11.828609 	 4.049988 	 -0.028720 	 -0.049713
11.783290 	 4.047607 	 -0.029295 	 -0.051910
11.739331 	 4.092712 	 -0.008043 	 -0.031006
11.689934 	 4.012482 	 -0.023734 	 -0.028870
11.644615 	 4.061493 	 -0.018738 	 -0.028900
11.596577 	 4.048615 	 0.012890 	 0.005188
11.549446 	 4.111328 	 0.008682 	 0.030670
11.504128 	 4.126373 	 -0.029891 	 -0.001862
11.456090 	 3.979736 	 -0.012922 	 -0.014130
11.412584 	 4.116669 	 0.008938 	 0.010468
11.366812 	 4.136108 	 -0.011345 	 0.009003
11.320134 	 4.070343 	 -0.032757 	 -0.022797
11.272096 	 4.036163 	 -0.014125 	 -0.026794
11.228590 	 4.101562 	 -0.037231 	 -0.044006
11.180553 	 4.062531 	 -0.019143 	 -0.041290
11.133421 	 4.260590 	 -0.039681 	 -0.056305
11.084024 	 4.095917 	 -0.027409 	 -0.057251
11.040518 	 4.009247 	 0.013156 	 -0.011017
10.994746 	 4.069397 	 -0.006029 	 0.007416
10.947615 	 4.135376 	 0.007308 	 0.021057
10.901843 	 4.139343 	 -0.016991 	 0.007019
10.855618 	 4.033478 	 0.003931 	 0.012573
10.808487 	 4.139374 	 -0.002333 	 0.016968
10.762262 	 4.163422 	 -0.000895 	 0.017456
10.716943 	 4.183685 	 0.003473 	 0.022003
10.669359 	 4.103333 	 -0.023755 	 -0.001282
10.620868 	 4.144562 	 -0.029007 	 -0.028168
10.575096 	 4.034424 	 -0.003451 	 -0.015533
10.532497 	 4.037537 	 -0.037828 	 -0.034882
10.484912 	 4.066650 	 -0.035132 	 -0.055756
10.438687 	 4.075684 	 -0.000852 	 -0.027252
10.392915 	 4.104156 	 -0.027814 	 -0.028290
10.343065 	 4.244751 	 -0.012922 	 -0.025024
10.295934 	 4.018677 	 -0.021050 	 -0.025848
10.249255 	 4.074890 	 0.006509 	 -0.000793
10.203937 	 4.161621 	 -0.019345 	 -0.004974
10.159071 	 4.124603 	 -0.019825 	 -0.018433
10.111034 	 4.085266 	 -0.039223 	 -0.044312
10.065715 	 3.986420 	 -0.063394 	 -0.090027
10.019037 	 4.132568 	 -0.004165 	 -0.058472
9.973718 	 4.100586 	 -0.007201 	 -0.022003
9.927040 	 4.003418 	 -0.041375 	 -0.043121
9.876283 	 4.041351 	 -0.048310 	 -0.074646
9.835043 	 4.025116 	 -0.048597 	 -0.091522
9.787006 	 4.050507 	 -0.033662 	 -0.083740
9.742140 	 4.175262 	 -0.038019 	 -0.079468
9.696822 	 4.027588 	 -0.041013 	 -0.082703
9.646971 	 4.104645 	 -0.020762 	 -0.062836
9.599840 	 4.106567 	 -0.015287 	 -0.039215
9.554521 	 4.064423 	 -0.041481 	 -0.053680
9.508296 	 4.076721 	 -0.042046 	 -0.071930
9.462524 	 4.014618 	 -0.085967 	 -0.127930
9.417659 	 4.086700 	 -0.034408 	 -0.117798
9.369621 	 4.041595 	 -0.020762 	 -0.074829
9.322037 	 4.074921 	 -0.024245 	 -0.054230
9.276718 	 4.115326 	 -0.024757 	 -0.048553
9.231853 	 4.084503 	 -0.027974 	 -0.049103
9.184721 	 4.048340 	 -0.053689 	 -0.077515
9.140309 	 3.999908 	 -0.046424 	 -0.093292
9.089552 	 4.068787 	 -0.023745 	 -0.074860
9.044687 	 4.105225 	 -0.045327 	 -0.078583
8.999368 	 4.080353 	 -0.031010 	 -0.073700
8.952690 	 4.119476 	 -0.036613 	 -0.072296
8.904652 	 4.142609 	 -0.028911 	 -0.064941
8.857068 	 4.022003 	 -0.033726 	 -0.063782
8.811749 	 4.093567 	 -0.066164 	 -0.099365
8.765977 	 4.070312 	 -0.041588 	 -0.102905
8.723378 	 4.143494 	 -0.038893 	 -0.090271
8.672621 	 4.074249 	 -0.050856 	 -0.097809
8.626849 	 4.028778 	 -0.037859 	 -0.091827
8.579265 	 4.021667 	 -0.066483 	 -0.113861
8.533493 	 4.037720 	 -0.043218 	 -0.111969
8.487268 	 3.926147 	 -0.028475 	 -0.084991
8.442403 	 4.138733 	 -0.016203 	 -0.054504
8.394365 	 4.178558 	 -0.076252 	 -0.098724
8.350859 	 4.174438 	 -0.050451 	 -0.116699
8.303275 	 4.073639 	 -0.054627 	 -0.116516
8.255690 	 4.083801 	 -0.040789 	 -0.105865
8.209012 	 4.177582 	 -0.043836 	 -0.096405
8.164146 	 4.068420 	 -0.004975 	 -0.053284
8.118375 	 4.028778 	 -0.048438 	 -0.062866
8.073056 	 3.976807 	 -0.041631 	 -0.080750
8.025471 	 4.098297 	 -0.039745 	 -0.082642
7.976527 	 4.106476 	 -0.052326 	 -0.095184
7.930302 	 4.151428 	 -0.038861 	 -0.091919
7.884077 	 4.181641 	 -0.045689 	 -0.091949
7.839665 	 4.144623 	 -0.055170 	 -0.106323
7.790721 	 4.047974 	 -0.052890 	 -0.113617
7.746309 	 4.140564 	 -0.055649 	 -0.119537
7.699631 	 3.966827 	 -0.055074 	 -0.121429
7.653406 	 4.138672 	 -0.035388 	 -0.101410
7.605368 	 3.992523 	 -0.070925 	 -0.122406
7.558237 	 4.131775 	 -0.041961 	 -0.115875
7.513824 	 4.034790 	 -0.038339 	 -0.095917
7.466240 	 4.067261 	 -0.046840 	 -0.095337
7.420015 	 4.164795 	 -0.059143 	 -0.111755
7.376962 	 4.132294 	 -0.071799 	 -0.137604
7.327565 	 4.028870 	 -0.060305 	 -0.141571
7.280434 	 3.896545 	 -0.025545 	 -0.103851
7.234209 	 4.157715 	 -0.039500 	 -0.086243
7.187077 	 4.080200 	 -0.027793 	 -0.072998
7.141759 	 4.108490 	 -0.055383 	 -0.089294
7.094627 	 3.954712 	 -0.094777 	 -0.149292
7.048856 	 4.020569 	 -0.060198 	 -0.157043
7.002631 	 4.026520 	 -0.059442 	 -0.143585
6.954593 	 3.971680 	 -0.067016 	 -0.146942
6.907915 	 4.137573 	 -0.052922 	 -0.135468
6.862143 	 3.970215 	 -0.018173 	 -0.088501
6.817731 	 4.086914 	 -0.083506 	 -0.121735
6.770599 	 4.111389 	 -0.078425 	 -0.159058
6.721202 	 4.144714 	 -0.071628 	 -0.165985
6.676337 	 4.123535 	 -0.065684 	 -0.159668
6.630112 	 4.045319 	 -0.061072 	 -0.149872
6.585699 	 3.979645 	 -0.074782 	 -0.158295
6.538115 	 4.001160 	 -0.080683 	 -0.174194
6.493703 	 4.062866 	 -0.095586 	 -0.199249
6.445212 	 4.063324 	 -0.083282 	 -0.203003
6.400800 	 4.053528 	 -0.072545 	 -0.188293
6.351855 	 3.970184 	 -0.054201 	 -0.158539
6.304271 	 4.013550 	 -0.067815 	 -0.151672
6.259406 	 4.080475 	 -0.074728 	 -0.161652
6.213181 	 3.956573 	 -0.088289 	 -0.183258
6.167409 	 3.996399 	 -0.113057 	 -0.224640
6.120277 	 3.951660 	 -0.084135 	 -0.224182
6.074959 	 3.942688 	 -0.086340 	 -0.212555
6.029187 	 3.985443 	 -0.083250 	 -0.205780
5.982962 	 4.016418 	 -0.054382 	 -0.171265
5.933112 	 3.952301 	 -0.060390 	 -0.150452
5.887793 	 4.131104 	 -0.045742 	 -0.128387
5.841568 	 4.072571 	 -0.069093 	 -0.136414
5.794437 	 3.939362 	 -0.065833 	 -0.146729
5.749118 	 4.034973 	 -0.099144 	 -0.183807
5.701534 	 3.912415 	 -0.096140 	 -0.211426
5.654402 	 3.945923 	 -0.071863 	 -0.195587
5.609537 	 4.009796 	 -0.084348 	 -0.193176
5.565125 	 4.037231 	 -0.057961 	 -0.170380
5.515274 	 4.004974 	 -0.092444 	 -0.183655
5.469049 	 3.948456 	 -0.101136 	 -0.215088
5.424637 	 3.984497 	 -0.104215 	 -0.234924
5.377505 	 3.935455 	 -0.091219 	 -0.231201
5.330827 	 3.997498 	 -0.086105 	 -0.219788
5.282790 	 3.977692 	 -0.099304 	 -0.224792
5.240643 	 3.967682 	 -0.076784 	 -0.209839
5.193965 	 4.021729 	 -0.077328 	 -0.193695
5.146381 	 4.042542 	 -0.072545 	 -0.181610
5.098343 	 4.086273 	 -0.086127 	 -0.189087
5.052118 	 4.036255 	 -0.056789 	 -0.167908
5.008159 	 4.114716 	 -0.077349 	 -0.167236
4.959215 	 4.001282 	 -0.118670 	 -0.218689
4.914349 	 4.152832 	 -0.078617 	 -0.216888
4.869484 	 4.094360 	 -0.118873 	 -0.242462
4.821899 	 4.093964 	 -0.092955 	 -0.242981
4.774768 	 3.982513 	 -0.089983 	 -0.228760
4.729903 	 4.040771 	 -0.125105 	 -0.258881
4.679599 	 4.091064 	 -0.097919 	 -0.259338
4.632921 	 3.999573 	 -0.093115 	 -0.241486
4.587149 	 3.871124 	 -0.104662 	 -0.242645
4.540018 	 3.977142 	 -0.080289 	 -0.223846
4.495605 	 3.960541 	 -0.117648 	 -0.243134
4.449380 	 4.019501 	 -0.120300 	 -0.270782
4.403609 	 4.045410 	 -0.126191 	 -0.290161
4.356477 	 3.953491 	 -0.109733 	 -0.284149
4.309799 	 4.020538 	 -0.099634 	 -0.264099
4.265387 	 3.922180 	 -0.102265 	 -0.254181
4.219615 	 3.993408 	 -0.128386 	 -0.279144
4.172031 	 4.018494 	 -0.108774 	 -0.280151
4.124446 	 3.864166 	 -0.116540 	 -0.280090
4.080487 	 3.940063 	 -0.132114 	 -0.299042
4.030183 	 3.941681 	 -0.125190 	 -0.307159
3.987131 	 3.881317 	 -0.146261 	 -0.330139
3.941359 	 3.906616 	 -0.106377 	 -0.307190
3.891055 	 4.040527 	 -0.132338 	 -0.307159
3.844830 	 4.034790 	 -0.134298 	 -0.321198
3.798152 	 4.084503 	 -0.155454 	 -0.350281
3.751927 	 4.026184 	 -0.133723 	 -0.348938
3.706155 	 4.069763 	 -0.112865 	 -0.317383
3.659477 	 4.021729 	 -0.127118 	 -0.309082
3.610986 	 3.938660 	 -0.150138 	 -0.336456
3.568387 	 4.036377 	 -0.128567 	 -0.335510
3.521255 	 4.014526 	 -0.141819 	 -0.339172
3.474577 	 3.983643 	 -0.118148 	 -0.322144
3.428806 	 4.032074 	 -0.124476 	 -0.310120
3.381221 	 4.008453 	 -0.146165 	 -0.331879
3.334543 	 3.927368 	 -0.148253 	 -0.354828
3.290131 	 4.038727 	 -0.160525 	 -0.376465
3.242999 	 4.016479 	 -0.180648 	 -0.410858
3.197227 	 3.982391 	 -0.156786 	 -0.410309
3.151003 	 3.962372 	 -0.151598 	 -0.395020
3.102512 	 3.941254 	 -0.166352 	 -0.402008
3.059006 	 3.875854 	 -0.150202 	 -0.394989
3.012328 	 3.979218 	 -0.157968 	 -0.392151
2.963383 	 3.942535 	 -0.137685 	 -0.372864
2.919424 	 3.827423 	 -0.135448 	 -0.353485
2.869574 	 3.991455 	 -0.141851 	 -0.350220
2.826974 	 3.920898 	 -0.156594 	 -0.367004
2.780750 	 4.000153 	 -0.153771 	 -0.377533
2.731805 	 3.962311 	 -0.157340 	 -0.384827
2.686940 	 3.920288 	 -0.087053 	 -0.317108
2.639809 	 3.989624 	 -0.064225 	 -0.232086
2.591771 	 4.033691 	 -0.080449 	 -0.202911
2.545546 	 4.037628 	 -0.129430 	 -0.248291
2.497961 	 3.907898 	 -0.113152 	 -0.272186
2.452643 	 4.025482 	 -0.104407 	 -0.265900
2.405965 	 4.033325 	 -0.130719 	 -0.286224
2.364725 	 3.992584 	 -0.089344 	 -0.264038
2.313968 	 3.954224 	 -0.061892 	 -0.207733
2.265477 	 3.912506 	 -0.071266 	 -0.181183
2.219252 	 3.871490 	 -0.113887 	 -0.217438
2.172574 	 4.052551 	 -0.091890 	 -0.228638
2.127255 	 3.708527 	 -0.517644 	 -0.668152
2.083749 	 3.088379 	 -0.682174 	 -1.222534
2.035712 	 2.639618 	 -0.708198 	 -1.558136
1.987674 	 2.520020 	 -0.651910 	 -1.659485
1.943262 	 2.594116 	 -0.671852 	 -1.702301
1.894771 	 2.618317 	 -0.687863 	 -1.747925
1.850359 	 2.505859 	 -0.659292 	 -1.746155
1.807306 	 2.518768 	 -0.642962 	 -1.715912
1.758362 	 2.513123 	 -0.666973 	 -1.721497
1.711230 	 2.608307 	 -0.608458 	 -1.673615
1.666365 	 2.693726 	 -0.649470 	 -1.670380
1.617421 	 2.558075 	 -0.607584 	 -1.643280
1.572556 	 2.674896 	 -0.522523 	 -1.523499
1.524065 	 2.787292 	 -0.537532 	 -1.452545
1.476933 	 2.759796 	 -0.557282 	 -1.447418
1.431161 	 2.726715 	 -0.532366 	 -1.427032
1.385390 	 2.791260 	 -0.510794 	 -1.384888
1.338712 	 2.906769 	 -0.473712 	 -1.316223
1.296112 	 2.967957 	 -0.482448 	 -1.280090
1.247621 	 2.904144 	 -0.426521 	 -1.210876
1.200037 	 3.070923 	 -0.430729 	 -1.158997
1.153358 	 3.002197 	 -0.392166 	 -1.097168
1.108040 	 2.919952 	 -0.437920 	 -1.103180
1.060455 	 2.976349 	 -0.410670 	 -1.095306
1.017403 	 3.148987 	 -0.392326 	 -1.059570
0.970271 	 3.129944 	 -0.366238 	 -1.009186
0.922234 	 3.076263 	 -0.341918 	 -0.952637
0.873289 	 3.038879 	 -0.301406 	 -0.872833
0.829784 	 2.933746 	 -0.331052 	 -0.852417
0.783105 	 3.178192 	 -0.253054 	 -0.774109
0.736427 	 3.098297 	 -0.249570 	 -0.702667
0.691109 	 2.794769 	 -0.161696 	 -0.577301
0.641711 	 3.017975 	 -0.224664 	 -0.550690
0.596393 	 2.847076 	 -0.152237 	 -0.488922
0.550621 	 3.044128 	 -0.227168 	 -0.509308
0.506209 	 2.953827 	 -0.153537 	 -0.473267
0.456812 	 2.834564 	 -0.086681 	 -0.355072
0.412399 	 3.029022 	 -0.066675 	 -0.253967
0.365268 	 2.959595 	 -0.088555 	 -0.223969
0.319043 	 2.962067 	 -0.066622 	 -0.196289
0.273724 	 2.689087 	 0.100433 	 0.001190
0.226140 	 2.543579 	 0.283840 	 0.351868
0.182634 	 2.198303 	 0.316778 	 0.618958
0.135049 	 1.828247 	 0.639894 	 1.091034
0.086105 	 1.964233 	 0.690036 	 1.490875
0.042599 	 2.116394 	 0.478325 	 1.463867
0.000000 	 1.307037 	 1.204004 	 2.125977
0.044865 	 1.125488 	 0.589326 	 2.085266
0.093810 	 1.838684 	 0.644421 	 1.846588
0.138675 	 1.497528 	 0.909384 	 2.068146
0.182181 	 2.034180 	 0.401615 	 1.737488
0.227499 	 2.584290 	 0.145963 	 1.104340
0.271005 	 2.704010 	 0.070584 	 0.640717
0.317230 	 2.793793 	 0.048768 	 0.380096
0.363455 	 2.071716 	 0.497958 	 0.731079
0.412852 	 2.395355 	 0.227956 	 0.792297
0.458624 	 2.436920 	 0.248835 	 0.721893
0.502130 	 2.881683 	 0.017960 	 0.459290
0.551074 	 3.125122 	 -0.073503 	 0.148071
0.598659 	 2.855591 	 0.086244 	 0.140137
0.646243 	 2.898743 	 -0.080790 	 0.030579
0.692015 	 3.003204 	 -0.154889 	 -0.168854
0.734161 	 3.113373 	 -0.156551 	 -0.289001
0.778120 	 2.949829 	 -0.151310 	 -0.337982
0.832503 	 2.953125 	 -0.220222 	 -0.430023
0.877821 	 2.974304 	 -0.226923 	 -0.508514
0.923593 	 3.035736 	 -0.278183 	 -0.599579
0.968912 	 3.042877 	 -0.305710 	 -0.690643
1.015137 	 3.137146 	 -0.285917 	 -0.723541
1.062268 	 3.023315 	 -0.342280 	 -0.787842
1.107133 	 3.084930 	 -0.363181 	 -0.862366
1.153358 	 2.953156 	 -0.361242 	 -0.900757
1.200490 	 3.065155 	 -0.358014 	 -0.915649
1.246715 	 3.029083 	 -0.392486 	 -0.956665
1.292033 	 3.025391 	 -0.432167 	 -1.031219
1.339165 	 2.926270 	 -0.427469 	 -1.076813
1.384030 	 2.980103 	 -0.426521 	 -1.093994
1.429802 	 2.948425 	 -0.448572 	 -1.124298
1.476027 	 2.948273 	 -0.454570 	 -1.153778
1.526331 	 2.834839 	 -0.437664 	 -1.151550
1.573462 	 2.929016 	 -0.498704 	 -1.207764
1.616515 	 2.869232 	 -0.555898 	 -1.319000
1.664099 	 2.937561 	 -0.524803 	 -1.358948
1.710777 	 2.869446 	 -0.610322 	 -1.452545
1.759268 	 2.738770 	 -0.509686 	 -1.426758
1.805946 	 2.863800 	 -0.569608 	 -1.434082
1.849905 	 2.865845 	 -0.579578 	 -1.475372
1.896584 	 2.696045 	 -0.640416 	 -1.560791
1.943715 	 2.717590 	 -0.636815 	 -1.620728
1.989034 	 2.717468 	 -0.618056 	 -1.626373
2.036618 	 2.625183 	 -0.653934 	 -1.658508
2.084656 	 2.628326 	 -0.635153 	 -1.668854
2.131787 	 2.738678 	 -0.633800 	 -1.661957
2.178918 	 2.601837 	 -0.635739 	 -1.662720
2.223331 	 2.702728 	 -0.676709 	 -1.705597
2.268196 	 2.668732 	 -0.609960 	 -1.672302
2.313515 	 2.720123 	 -0.648171 	 -1.669312
2.358833 	 2.670807 	 -0.613986 	 -1.648865
2.409137 	 2.742950 	 -0.644805 	 -1.657684
2.456268 	 2.825836 	 -0.643952 	 -1.674164
2.502946 	 2.746368 	 -0.651995 	 -1.688904
2.545999 	 2.752747 	 -0.596303 	 -1.640076
2.594943 	 2.862091 	 -0.596463 	 -1.595520
2.639809 	 2.838318 	 -0.603366 	 -1.583710
2.687846 	 2.840729 	 -0.581762 	 -1.558868
2.734525 	 2.847839 	 -0.571099 	 -1.526886
2.780296 	 2.937988 	 -0.536073 	 -1.471863
2.828334 	 2.933167 	 -0.558273 	 -1.456390
2.874559 	 2.929901 	 -0.548537 	 -1.447693
2.918971 	 3.346313 	 -0.187455 	 -1.061737
2.963837 	 3.704132 	 -0.043814 	 -0.586945
3.009155 	 4.031769 	 -0.025502 	 -0.298767
3.057646 	 3.931976 	 -0.050408 	 -0.190338
3.102058 	 3.946655 	 -0.032075 	 -0.133881
3.148737 	 4.017487 	 -0.045657 	 -0.112091
3.198134 	 3.975494 	 -0.086446 	 -0.150269
3.242999 	 4.041748 	 -0.072566 	 -0.169678
3.289224 	 4.096558 	 -0.074089 	 -0.172760
3.338168 	 4.117981 	 -0.093701 	 -0.196381
3.383487 	 4.120758 	 -0.075868 	 -0.195648
3.429259 	 4.153351 	 -0.081716 	 -0.193634
3.473671 	 4.122345 	 -0.063085 	 -0.175598
3.522162 	 4.067200 	 -0.103682 	 -0.201874
3.570653 	 4.003143 	 -0.089674 	 -0.215881
3.615065 	 4.037781 	 -0.073269 	 -0.200104
3.660837 	 3.927887 	 -0.088129 	 -0.199860
3.705702 	 3.973877 	 -0.089567 	 -0.208618
3.755553 	 3.927582 	 -0.090111 	 -0.213470
3.801778 	 3.861786 	 -0.121195 	 -0.247620
3.844377 	 3.916656 	 -0.133435 	 -0.290070
3.893321 	 4.006897 	 -0.106196 	 -0.285461
3.942265 	 4.088806 	 -0.089770 	 -0.253265
3.988490 	 3.967377 	 -0.101648 	 -0.244843
4.031543 	 4.010498 	 -0.110393 	 -0.254242
4.077315 	 3.941589 	 -0.140029 	 -0.294495
4.126259 	 3.973724 	 -0.138495 	 -0.322937
4.173390 	 3.953217 	 -0.123975 	 -0.319885
4.215536 	 3.918671 	 -0.079714 	 -0.267120
4.263121 	 4.042725 	 -0.113152 	 -0.259430
4.311612 	 4.018311 	 -0.139560 	 -0.297424
4.356477 	 4.072174 	 -0.102084 	 -0.286530
4.404062 	 4.137451 	 -0.072395 	 -0.235748
4.448927 	 4.125031 	 -0.071447 	 -0.197418
4.496965 	 4.044525 	 -0.103895 	 -0.215576
4.541830 	 4.015289 	 -0.105312 	 -0.237915
4.590321 	 3.887115 	 -0.136567 	 -0.280853
4.635640 	 3.988159 	 -0.070542 	 -0.244476
4.680052 	 3.940308 	 -0.089610 	 -0.219574
4.728996 	 3.967529 	 -0.080491 	 -0.207947
4.774315 	 4.065704 	 -0.107879 	 -0.227600
4.820540 	 3.923431 	 -0.089535 	 -0.227570
4.866312 	 4.073425 	 -0.092795 	 -0.224670
4.915256 	 4.044495 	 -0.077285 	 -0.208527
4.960574 	 3.921570 	 -0.106473 	 -0.223419
5.007706 	 3.954163 	 -0.112652 	 -0.250977
5.055290 	 3.936707 	 -0.086702 	 -0.238647
5.098796 	 3.891541 	 -0.111810 	 -0.247253
5.145474 	 3.969818 	 -0.104460 	 -0.254333
5.190793 	 4.051331 	 -0.071362 	 -0.219940
5.235658 	 3.957733 	 -0.070510 	 -0.189148
5.282790 	 4.091095 	 -0.069636 	 -0.175293
5.329921 	 4.130157 	 -0.079192 	 -0.179230
5.380225 	 4.062469 	 -0.100316 	 -0.206635
5.423730 	 3.902008 	 -0.063639 	 -0.188110
5.471315 	 3.986694 	 -0.053071 	 -0.153809
5.513914 	 4.034637 	 -0.111373 	 -0.195465
5.562859 	 4.123291 	 -0.099421 	 -0.226257
5.610896 	 4.024689 	 -0.097450 	 -0.232666
5.658934 	 4.138824 	 -0.081674 	 -0.218597
5.702893 	 4.134644 	 -0.105056 	 -0.229645
5.749118 	 3.885284 	 -0.094979 	 -0.233154
5.794437 	 3.986725 	 -0.084049 	 -0.222412
5.841568 	 4.024567 	 -0.078233 	 -0.203125
5.887793 	 4.079865 	 -0.080939 	 -0.195435
5.933565 	 4.051605 	 -0.070915 	 -0.183258
5.983415 	 4.001007 	 -0.086595 	 -0.189667
6.026921 	 4.135559 	 -0.091581 	 -0.205536
6.073146 	 4.075317 	 -0.059910 	 -0.180023
6.118465 	 4.068695 	 -0.093626 	 -0.190918
6.167862 	 4.039673 	 -0.072363 	 -0.189209
6.215446 	 3.941437 	 -0.043782 	 -0.147095
6.258046 	 3.952606 	 -0.036049 	 -0.109711
6.307443 	 4.030212 	 -0.058462 	 -0.114868
6.352762 	 3.999725 	 -0.046211 	 -0.112061
6.398987 	 3.988037 	 -0.061082 	 -0.120758
6.444759 	 4.056946 	 -0.061764 	 -0.131897
6.492796 	 4.051117 	 -0.068006 	 -0.144562
6.539021 	 4.013550 	 -0.059634 	 -0.142517
6.585699 	 3.981201 	 -0.040192 	 -0.117279
6.632378 	 4.039948 	 -0.047426 	 -0.107025
6.677243 	 3.992798 	 -0.020655 	 -0.077454
6.721655 	 3.988159 	 -0.070265 	 -0.104889
6.771959 	 4.036163 	 -0.088065 	 -0.157715
6.817278 	 4.004456 	 -0.057279 	 -0.154938
6.864409 	 4.038666 	 -0.074110 	 -0.158752
6.912900 	 3.983856 	 -0.047948 	 -0.139648
6.956406 	 4.045685 	 -0.049034 	 -0.118103
7.001724 	 4.001343 	 -0.068688 	 -0.133423
7.047949 	 4.021393 	 -0.071309 	 -0.150940
7.095081 	 4.099365 	 -0.050089 	 -0.137177
7.140852 	 4.079956 	 -0.073141 	 -0.145996
7.188890 	 4.039062 	 -0.068337 	 -0.155396
7.233755 	 3.980774 	 -0.045806 	 -0.133423
7.280434 	 3.976898 	 -0.078414 	 -0.149872
7.325752 	 3.967224 	 -0.064235 	 -0.154968
7.372430 	 4.081390 	 -0.026472 	 -0.110474
7.421828 	 4.071533 	 -0.041183 	 -0.091339
7.467146 	 4.020569 	 -0.062520 	 -0.112549
7.512918 	 3.981140 	 -0.023159 	 -0.087463
7.558690 	 3.929504 	 -0.047426 	 -0.086121
7.608540 	 3.944458 	 -0.014658 	 -0.060913
7.651140 	 4.080109 	 -0.048629 	 -0.071350
7.698271 	 3.987030 	 -0.077338 	 -0.121948
7.748122 	 3.999481 	 -0.036123 	 -0.112122
7.793440 	 3.959442 	 -0.036347 	 -0.091125
7.839212 	 4.032135 	 -0.058536 	 -0.104553
7.882718 	 4.132263 	 -0.037806 	 -0.098907
7.931662 	 4.114349 	 -0.063852 	 -0.115173
7.977434 	 4.037231 	 -0.056257 	 -0.125214
8.023659 	 4.038879 	 -0.050142 	 -0.119324
8.069431 	 3.996460 	 -0.047756 	 -0.112000
8.116109 	 3.920502 	 -0.032629 	 -0.091827
8.161427 	 4.018707 	 -0.011207 	 -0.053894
8.209012 	 4.092377 	 -0.012709 	 -0.029755
8.254330 	 4.099487 	 -0.021497 	 -0.031555
8.300102 	 4.116730 	 -0.029167 	 -0.040070
8.349046 	 4.085815 	 -0.023617 	 -0.042053
8.393005 	 4.092621 	 -0.049609 	 -0.068695
8.443309 	 4.080322 	 -0.017566 	 -0.057068
8.488628 	 4.101013 	 -0.016277 	 -0.036438
8.532133 	 4.038635 	 -0.006083 	 -0.017151
8.581078 	 4.019409 	 0.000277 	 0.002991
8.627303 	 4.110565 	 -0.031479 	 -0.020447
8.676247 	 4.007812 	 -0.035473 	 -0.048035
8.722925 	 4.151489 	 -0.009055 	 -0.033020
8.765977 	 4.116516 	 -0.009747 	 -0.015961
8.811749 	 3.963654 	 -0.040480 	 -0.041443
8.858881 	 4.039490 	 -0.014935 	 -0.039032
8.904652 	 4.136597 	 -0.023425 	 -0.035736
8.954050 	 4.202637 	 -0.027015 	 -0.041840
8.996196 	 4.049896 	 -0.052528 	 -0.073029
9.046953 	 3.979370 	 -0.025747 	 -0.068848
9.093178 	 3.953522 	 -0.032757 	 -0.062500
9.137590 	 4.120422 	 -0.041705 	 -0.073029
9.182909 	 4.079407 	 -0.040246 	 -0.078766
9.232306 	 4.184235 	 -0.033684 	 -0.073944
9.278078 	 4.050537 	 -0.054563 	 -0.091797
9.322490 	 3.982574 	 -0.065492 	 -0.118622
9.369168 	 4.089600 	 -0.046232 	 -0.115936
9.418112 	 4.085785 	 -0.032586 	 -0.091980
9.463884 	 4.011597 	 -0.046850 	 -0.090515
9.510109 	 4.026367 	 -0.021145 	 -0.069092
9.559053 	 4.036194 	 -0.031042 	 -0.060638
9.600746 	 4.072296 	 -0.049055 	 -0.078613
9.649690 	 4.037720 	 -0.039457 	 -0.084351
9.694102 	 4.073730 	 -0.019271 	 -0.061523
9.740781 	 4.116669 	 -0.019601 	 -0.044647
9.787459 	 4.030518 	 -0.025257 	 -0.041229
9.835497 	 4.115173 	 -0.037806 	 -0.056213
9.879909 	 4.104980 	 -0.024661 	 -0.053802
9.927040 	 4.111389 	 -0.028144 	 -0.051117
9.972812 	 4.077576 	 -0.049705 	 -0.074188
10.019490 	 4.077515 	 -0.061199 	 -0.104828
10.067981 	 4.078583 	 -0.022594 	 -0.083435
10.111034 	 4.155518 	 -0.033609 	 -0.068481
10.157712 	 4.118042 	 -0.024320 	 -0.057251
10.204390 	 4.119324 	 -0.005976 	 -0.028809
10.252428 	 4.155945 	 -0.022733 	 -0.026306
10.298199 	 4.178894 	 -0.040363 	 -0.051300
10.343065 	 4.053345 	 -0.023287 	 -0.051208
10.391103 	 4.032410 	 -0.032906 	 -0.054108
10.438687 	 4.041351 	 -0.010983 	 -0.037354
10.484912 	 4.162628 	 -0.009406 	 -0.017883
10.532497 	 4.078522 	 -0.004186 	 -0.003998
10.574190 	 4.043610 	 0.002557 	 0.012054
10.622681 	 3.976807 	 0.001225 	 0.021484
10.666640 	 4.139801 	 -0.012272 	 0.010254
10.714677 	 4.121948 	 -0.006477 	 0.004822
10.762715 	 4.057861 	 -0.015936 	 -0.004456
10.810753 	 4.188446 	 -0.010141 	 -0.005554
10.856071 	 4.014404 	 -0.017694 	 -0.012024
10.904562 	 4.076660 	 -0.029550 	 -0.030731
10.947615 	 4.038757 	 -0.053807 	 -0.069550
10.994293 	 4.096832 	 -0.005071 	 -0.046265
11.040065 	 4.181671 	 -0.021529 	 -0.032318
11.085384 	 4.286682 	 0.007414 	 -0.003510
11.133421 	 4.206451 	 -0.002525 	 0.011688
11.181006 	 4.130768 	 -0.045412 	 -0.030548
11.225871 	 3.994324 	 0.027516 	 0.008606
11.273003 	 4.053314 	 -0.003590 	 0.025848
11.316962 	 4.046417 	 0.016884 	 0.040131
11.363187 	 4.063324 	 -0.017353 	 0.019318
11.413037 	 4.089264 	 -0.022030 	 -0.009369
11.459262 	 4.092438 	 -0.015159 	 -0.016571
11.504581 	 4.035339 	 -0.044805 	 -0.048309
11.548993 	 4.111938 	 -0.029518 	 -0.057343
11.596577 	 4.044464 	 -0.038893 	 -0.065063
11.645522 	 4.032623 	 -0.012804 	 -0.046448
11.690840 	 3.969299 	 -0.030413 	 -0.044952
11.736612 	 4.011475 	 -0.015851 	 -0.037354
11.783743 	 4.177887 	 -0.029412 	 -0.042938
11.830421 	 4.137604 	 0.006892 	 -0.011353
11.875287 	 4.064362 	 -0.009396 	 0.001404
11.920152 	 3.960449 	 -0.021145 	 -0.012878
11.968643 	 4.039459 	 -0.038328 	 -0.041992
12.018494 	 4.013794 	 -0.017204 	 -0.039520
12.062906 	 4.106903 	 -0.029881 	 -0.042755
12.110490 	 4.215393 	 -0.017470 	 -0.036865
12.153996 	 4.148437 	 -0.015755 	 -0.029083
12.201128 	 4.170471 	 0.011579 	 0.004944
12.245540 	 4.123413 	 -0.016288 	 0.002808
12.292218 	 4.052612 	 0.010152 	 0.017822
12.340709 	 4.166229 	 -0.029668 	 -0.005371
12.386481 	 4.159668 	 -0.026493 	 -0.029633
12.431346 	 4.030182 	 -0.039117 	 -0.050995
12.478477 	 4.069611 	 -0.025769 	 -0.052979
12.526968 	 4.018890 	 -0.033002 	 -0.056305
12.573647 	 4.115326 	 -0.005795 	 -0.031952
12.617152 	 4.061493 	 0.003505 	 0.000427
12.664737 	 4.063721 	 -0.037742 	 -0.023682
12.711415 	 4.031738 	 -0.019803 	 -0.034271
12.757640 	 3.935242 	 -0.000565 	 -0.010834
12.804771 	 4.049011 	 0.024011 	 0.033539
12.850996 	 4.007721 	 -0.034909 	 0.001404
12.896768 	 3.943451 	 0.004762 	 0.002991
12.943900 	 4.067017 	 0.012613 	 0.029572
12.988765 	 4.144135 	 0.012453 	 0.044220
13.035896 	 4.194946 	 0.007201 	 0.045868
13.082121 	 4.133545 	 0.020208 	 0.057220
13.129253 	 4.094391 	 0.021305 	 0.069550
13.174571 	 4.124054 	 0.037700 	 0.092712
13.221249 	 4.215210 	 0.004059 	 0.074005
13.268381 	 4.139893 	 -0.012847 	 0.033539
13.311433 	 4.220612 	 -0.002056 	 0.018860
13.359471 	 4.095520 	 -0.012464 	 0.007599
13.406602 	 4.143433 	 -0.037700 	 -0.028259
13.452827 	 4.152802 	 -0.065098 	 -0.081604
13.500412 	 4.160217 	 0.003185 	 -0.047943
13.547543 	 4.052612 	 0.007478 	 0.000366
13.590143 	 4.087280 	 0.010024 	 0.026947
13.641353 	 4.174561 	 -0.038318 	 -0.009949
13.688937 	 4.159607 	 0.007201 	 -0.001526
13.732896 	 4.129578 	 -0.013412 	 0.001373
13.777309 	 4.066681 	 0.004261 	 0.012024
13.825800 	 4.095337 	 0.000810 	 0.021057
13.870665 	 4.135925 	 -0.016256 	 0.006775
13.915530 	 4.114777 	 -0.037902 	 -0.030426
13.966287 	 4.060333 	 -0.005422 	 -0.022552
14.011153 	 4.135376 	 -0.011974 	 -0.012024
14.057378 	 4.138489 	 -0.010109 	 -0.007904
14.104509 	 4.074707 	 -0.012197 	 -0.006805
14.150734 	 4.066711 	 -0.012602 	 -0.009033
14.198318 	 4.056824 	 -0.000554 	 0.002625
14.244543 	 4.189941 	 -0.010482 	 0.002502
14.291222 	 4.098236 	 -0.024757 	 -0.015656
14.335181 	 4.162445 	 -0.033545 	 -0.040649
14.385937 	 4.128906 	 -0.019281 	 -0.039215
14.430350 	 4.065430 	 -0.009257 	 -0.022888
14.473402 	 4.078583 	 0.014701 	 0.014191
14.520081 	 4.023712 	 -0.001097 	 0.024445
14.568571 	 4.125427 	 -0.022083 	 -0.000977
14.612984 	 3.945923 	 -0.043239 	 -0.042145
14.660568 	 4.066986 	 -0.050398 	 -0.076569
14.708606 	 4.143524 	 0.001182 	 -0.041687
14.753018 	 4.020660 	 -0.046350 	 -0.054077
14.801056 	 4.138519 	 -0.019697 	 -0.052948
14.845921 	 4.272705 	 -0.008852 	 -0.028290
14.892146 	 4.101654 	 0.001129 	 -0.003296
14.938371 	 4.015533 	 -0.007904 	 0.003662
14.986409 	 4.063049 	 0.000032 	 0.011047
15.032634 	 4.076447 	 0.002365 	 0.020966
15.077499 	 4.203888 	 0.004197 	 0.027435
15.126897 	 4.086334 	 0.012783 	 0.040283
15.170856 	 3.966614 	 -0.018898 	 0.017944
15.215721 	 4.124847 	 -0.018173 	 -0.005951
15.261946 	 4.102753 	 0.002333 	 0.004913
15.312250 	 4.192474 	 0.021827 	 0.039673
15.355302 	 4.129242 	 -0.003419 	 0.036743
15.403340 	 4.120209 	 -0.013561 	 0.013367
15.446846 	 4.138794 	 -0.051804 	 -0.040710
15.495337 	 4.086487 	 0.014328 	 -0.012146
15.540202 	 4.054504 	 -0.007340 	 0.006592
15.589146 	 3.967316 	 0.002035 	 0.014435
15.633559 	 4.030823 	 0.002269 	 0.022858
15.681143 	 4.096619 	 0.022136 	 0.046997
15.727821 	 4.140717 	 -0.011068 	 0.030548
15.775406 	 4.058960 	 -0.013603 	 0.005890
15.820271 	 4.179291 	 0.028815 	 0.041138
15.866949 	 4.161682 	 0.000458 	 0.043274
15.914081 	 4.293518 	 -0.007968 	 0.024628
15.958040 	 4.188812 	 -0.003920 	 0.016144
16.005624 	 4.041321 	 0.008192 	 0.027771
16.055928 	 4.043243 	 -0.012698 	 0.015472
16.099887 	 3.911652 	 -0.001406 	 0.012939
16.143393 	 4.025269 	 0.010504 	 0.029816
16.193243 	 4.036285 	 0.016192 	 0.049194
16.239015 	 4.146729 	 0.013753 	 0.057220
16.282974 	 4.185455 	 -0.006924 	 0.036407
16.333731 	 4.148590 	 -0.033364 	 -0.008270
16.377690 	 4.068573 	 -0.016863 	 -0.022552
16.425728 	 4.046356 	 -0.014743 	 -0.019562
16.471953 	 4.149200 	 -0.012112 	 -0.015625
16.518178 	 4.139435 	 -0.008959 	 -0.008240
16.563496 	 4.181549 	 -0.018014 	 -0.012634
16.610628 	 4.142792 	 -0.015766 	 -0.017578
16.656400 	 4.079468 	 -0.017619 	 -0.020935
16.702625 	 4.157593 	 -0.005230 	 -0.009644
16.751115 	 4.266052 	 0.005486 	 0.011658
16.795981 	 4.257690 	 -0.005294 	 0.015442
16.840846 	 4.240753 	 0.001161 	 0.018372
16.886165 	 4.304535 	 0.002972 	 0.024963
16.935562 	 4.181427 	 -0.025066 	 -0.000916
16.981334 	 4.124573 	 -0.022317 	 -0.021667
17.026199 	 4.088318 	 0.016650 	 0.010986
17.077409 	 3.938324 	 -0.025673 	 -0.002136
17.121368 	 4.144135 	 0.013838 	 0.015594
17.167593 	 4.049103 	 0.013209 	 0.039978
17.213818 	 4.088226 	 0.014243 	 0.051239
17.256871 	 4.065186 	 0.000032 	 0.041565
17.305815 	 4.107819 	 0.009523 	 0.041473
17.351587 	 4.168518 	 0.004794 	 0.039856
17.397812 	 4.107452 	 -0.028485 	 0.001587
17.447209 	 4.077179 	 -0.005167 	 -0.003723
17.492528 	 4.119263 	 -0.023425 	 -0.014557
17.541019 	 4.038818 	 -0.009651 	 -0.014130
17.585884 	 4.055725 	 -0.013848 	 -0.013367
17.633015 	 4.167480 	 -0.012751 	 -0.012451
17.678334 	 4.163483 	 0.008948 	 0.010986
17.722746 	 3.968231 	 0.024427 	 0.047913
17.771690 	 4.149139 	 -0.010674 	 0.033630
17.818369 	 4.172455 	 0.001193 	 0.023926
17.863234 	 4.054230 	 -0.001822 	 0.021973
17.906287 	 4.151489 	 0.003164 	 0.024078
17.955231 	 4.164642 	 0.016256 	 0.041595
18.003722 	 4.155914 	 -0.018280 	 0.019440
18.050400 	 4.196838 	 -0.014679 	 -0.000214
18.095718 	 4.227753 	 -0.008565 	 -0.001831
18.140131 	 4.064392 	 0.001087 	 0.013062
18.189528 	 4.050781 	 -0.012570 	 0.005493
18.232581 	 4.174744 	 0.010482 	 0.021545
18.279712 	 4.200958 	 -0.013753 	 0.013397
18.328656 	 4.179657 	 -0.023148 	 -0.009949
18.376694 	 4.090790 	 -0.009236 	 -0.010864
18.422466 	 4.294281 	 -0.018919 	 -0.013855
18.465971 	 4.263672 	 0.014701 	 0.014740
18.513556 	 4.192383 	 0.020869 	 0.047699
18.559781 	 4.244904 	 0.001289 	 0.044250
18.605553 	 4.170380 	 -0.035005 	 -0.002350
18.651324 	 4.072632 	 -0.020634 	 -0.023987
18.701175 	 4.162537 	 -0.005252 	 -0.011444
18.744681 	 4.039581 	 0.013816 	 0.020203
18.790906 	 4.122223 	 -0.013326 	 0.013855
18.835771 	 4.099487 	 -0.011473 	 0.001129
18.886075 	 4.092316 	 -0.002290 	 0.006592
18.928674 	 4.046967 	 -0.012804 	 0.001404
18.976259 	 4.240479 	 0.022083 	 0.030487
19.023843 	 4.144409 	 0.010844 	 0.047333
19.066896 	 4.121735 	 -0.017545 	 0.020416
19.113574 	 4.055237 	 0.015191 	 0.030609
19.160252 	 4.103882 	 0.024501 	 0.058807
19.211009 	 4.107849 	 0.008320 	 0.059296
19.255875 	 4.212646 	 0.017470 	 0.061951
19.301193 	 4.060486 	 -0.005752 	 0.041504
19.348325 	 4.197205 	 0.004432 	 0.032288
19.395003 	 4.133698 	 -0.004666 	 0.023804
19.440321 	 4.032104 	 -0.004144 	 0.017120
19.487906 	 3.994476 	 -0.013955 	 0.003265
19.534131 	 4.164581 	 0.021795 	 0.031525
19.579449 	 4.085693 	 -0.001811 	 0.035522
19.626128 	 4.080109 	 0.008437 	 0.036621
19.674165 	 4.029694 	 0.019888 	 0.053162
19.719937 	 4.119232 	 0.003356 	 0.049103
19.767068 	 4.174835 	 0.002407 	 0.037689
19.810121 	 4.155853 	 -0.009332 	 0.020355
19.858612 	 4.134277 	 -0.014999 	 0.002808
19.905290 	 4.007629 	 0.003174 	 0.011017
19.950609 	 4.126434 	 0.017492 	 0.038330
19.998647 	 4.179169 	 0.003025 	 0.040741
20.045325 	 4.075470 	 -0.006285 	 0.025574
20.089284 	 4.150604 	 0.005230 	 0.026184
20.140041 	 4.097412 	 0.001651 	 0.029327
20.183093 	 4.183685 	 -0.004197 	 0.021912
20.227959 	 4.247040 	 0.010866 	 0.031219
20.275996 	 4.187103 	 0.023233 	 0.055115
20.322675 	 4.103821 	 0.002376 	 0.049133
20.367993 	 4.004791 	 0.017619 	 0.053925
20.416031 	 4.129547 	 0.021657 	 0.066895
20.461803 	 4.082550 	 0.037657 	 0.091095
20.510747 	 4.192444 	 -0.005891 	 0.064178
20.555612 	 4.152344 	 -0.007723 	 0.031403
20.603197 	 4.123108 	 -0.005763 	 0.017792
20.649875 	 3.929474 	 -0.020602 	 -0.003387
20.696100 	 4.111572 	 0.024821 	 0.028778
20.739153 	 4.119659 	 0.019686 	 0.057159
20.788550 	 4.065643 	 0.007840 	 0.054321
20.832962 	 4.039520 	 0.010013 	 0.050934
20.879187 	 4.029358 	 0.030871 	 0.072205
20.927225 	 4.028778 	 -0.007009 	 0.051300
20.970731 	 4.015198 	 0.003313 	 0.036133
21.018768 	 4.178986 	 -0.005113 	 0.025177
21.067712 	 4.081696 	 -0.013689 	 0.007935
21.111218 	 4.210083 	 0.017279 	 0.028656
21.158803 	 4.037354 	 -0.003036 	 0.029602
21.204121 	 4.050781 	 0.003792 	 0.028137
21.250346 	 3.977203 	 0.017534 	 0.045013
21.297478 	 4.114410 	 0.026781 	 0.068939
21.343703 	 4.083466 	 0.034312 	 0.091370
21.391740 	 3.981567 	 -0.004080 	 0.063629
21.435699 	 4.224915 	 -0.022232 	 0.016510
21.483737 	 4.088348 	 -0.005838 	 0.002411
21.529962 	 4.103577 	 -0.001055 	 0.009827
21.572108 	 4.124390 	 -0.004463 	 0.012939
21.619693 	 4.005096 	 -0.003622 	 0.013580
21.667278 	 4.006622 	 0.005167 	 0.023193
21.715315 	 4.048676 	 0.001619 	 0.026733
21.759274 	 4.218292 	 0.018163 	 0.044006
21.805952 	 4.075562 	 -0.013135 	 0.026001
21.854897 	 4.132477 	 -0.009364 	 0.007568
21.902481 	 4.156952 	 0.002631 	 0.015350
21.945534 	 4.200348 	 -0.005784 	 0.014984
21.993118 	 4.084473 	 -0.008991 	 0.006683
22.041156 	 4.061371 	 0.013571 	 0.024506
22.087381 	 4.093597 	 0.013305 	 0.043732
22.132700 	 4.017578 	 -0.003665 	 0.033630
22.175299 	 4.084534 	 -0.016277 	 0.009125
22.226056 	 4.164673 	 -0.013646 	 -0.003845

 Z Turning Point (V) = 0.012909 
 Turning Time Delay (ms) = 0 
 SEN (V) =  
 App. Driving Voltage (mVrms) = 0.005000 
 App. Vias. Voltage (V) = 0.000000 
 App. Del Z (Bit) = -10 
 App. Delay Time (ms) = 100 
 App. Velocity (nm/s) = -0.453193 
 Ret. Driving Voltage (mVrms) = 0.005000 
 Ret. Vias. Voltage (V) = 0.000000 
 Ret. Del Z (Bit) = -10 
 Ret. Delay Time (ms) = 100 
 Ret. Velocity (nm/s) = -0.453193 
  
 Data Array Size = 1096 
 Frequency (Hz) = sen.
 
