5.707425 	 7.199127 	 0.003995 	 0.034668
5.663466 	 7.215271 	 0.004719 	 0.034241
5.615428 	 7.197845 	 0.004804 	 0.035919
5.567844 	 7.209686 	 0.004527 	 0.036377
5.525697 	 7.199310 	 0.003611 	 0.035187
5.476300 	 7.191589 	 0.004964 	 0.034393
5.429169 	 7.200623 	 0.004091 	 0.035004
5.386569 	 7.202942 	 0.005571 	 0.036285
5.337172 	 7.202820 	 0.003057 	 0.035797
5.291853 	 7.215546 	 0.004506 	 0.034973
5.244722 	 7.208435 	 0.004932 	 0.036407
5.198497 	 7.208801 	 0.003633 	 0.035431
5.152725 	 7.213379 	 0.005657 	 0.036255
5.105594 	 7.220337 	 0.004218 	 0.035736
5.059369 	 7.208832 	 0.004091 	 0.035767
5.010878 	 7.197327 	 0.005369 	 0.034790
4.965559 	 7.199249 	 0.004985 	 0.036804
4.919334 	 7.213501 	 0.003984 	 0.035431
4.869937 	 7.199280 	 0.005923 	 0.035980
4.826431 	 7.207397 	 0.004517 	 0.036072
4.781113 	 7.213867 	 0.004080 	 0.036102
4.732622 	 7.203369 	 0.004432 	 0.036133
4.690475 	 7.204468 	 0.004421 	 0.036041
4.641078 	 7.202850 	 0.005838 	 0.037537
4.594853 	 7.200836 	 0.002993 	 0.035095
4.547722 	 7.195770 	 0.004250 	 0.034821
4.502403 	 7.213318 	 0.003089 	 0.032715
4.453912 	 7.211365 	 0.006882 	 0.036591
4.411313 	 7.195679 	 0.005507 	 0.038971
4.362369 	 7.206238 	 0.005774 	 0.039795
4.316597 	 7.199310 	 0.005017 	 0.038849
4.271278 	 7.197754 	 0.006935 	 0.040070
4.224600 	 7.203461 	 0.004730 	 0.039276
4.180641 	 7.210419 	 0.004517 	 0.035980
4.130338 	 7.209473 	 0.004964 	 0.035767
4.081393 	 7.195190 	 0.003952 	 0.036011
4.040154 	 7.195648 	 0.007286 	 0.039001
3.993022 	 7.215973 	 0.005614 	 0.039429
3.945891 	 7.196350 	 0.005380 	 0.038605
3.897853 	 7.203339 	 0.006839 	 0.040009
3.852988 	 7.199463 	 0.004112 	 0.037109
3.806310 	 7.210663 	 0.004080 	 0.036346
3.763257 	 7.200867 	 0.005614 	 0.037689
3.715672 	 7.208588 	 0.005273 	 0.038391
3.667181 	 7.203369 	 0.006168 	 0.038788
3.621410 	 7.205383 	 0.007191 	 0.041779
3.572012 	 7.205658 	 0.005582 	 0.038910
3.526241 	 7.193542 	 0.005731 	 0.039124
3.478656 	 7.198669 	 0.006360 	 0.040955
3.434697 	 7.210327 	 0.004645 	 0.039490
3.388019 	 7.209595 	 0.006328 	 0.039459
3.342247 	 7.199646 	 0.006221 	 0.040314
3.297835 	 7.201843 	 0.006083 	 0.040253
3.246172 	 7.197357 	 0.005635 	 0.039825
3.201306 	 7.203491 	 0.006445 	 0.040497
3.155081 	 7.193146 	 0.006977 	 0.041504
3.107497 	 7.203674 	 0.005028 	 0.043945
3.063991 	 7.197876 	 0.005060 	 0.040497
3.015500 	 7.197845 	 0.004549 	 0.038818
2.970181 	 7.206543 	 0.006210 	 0.039612
2.923503 	 7.190125 	 0.004698 	 0.038544
2.874559 	 7.201477 	 0.006530 	 0.040192
2.831960 	 7.208954 	 0.006892 	 0.040771
2.784828 	 7.201477 	 0.006083 	 0.040985
2.737697 	 7.205597 	 0.005625 	 0.040619
2.689659 	 7.203674 	 0.006392 	 0.041077
2.642075 	 7.186615 	 0.008032 	 0.042480
2.598116 	 7.196381 	 0.006914 	 0.043243
2.554156 	 7.196503 	 0.007169 	 0.044067
2.506119 	 7.193451 	 0.007574 	 0.043610
2.458987 	 7.201538 	 0.008075 	 0.044067
2.412762 	 7.208801 	 0.006157 	 0.044983
2.366991 	 7.202972 	 0.006338 	 0.044189
2.320766 	 7.201630 	 0.007361 	 0.044067
2.274088 	 7.186127 	 0.006115 	 0.040405
2.228316 	 7.188507 	 0.006690 	 0.041534
2.181184 	 7.196259 	 0.005561 	 0.040436
2.136772 	 7.196503 	 0.006892 	 0.041412
2.087375 	 7.187775 	 0.007073 	 0.043121
2.045229 	 7.202545 	 0.006828 	 0.042450
1.994925 	 7.192108 	 0.007958 	 0.044739
1.953685 	 7.199646 	 0.008139 	 0.045868
1.903835 	 7.187622 	 0.008352 	 0.046234
1.859875 	 7.189606 	 0.009364 	 0.047882
1.808212 	 7.186432 	 0.008565 	 0.046967
1.763800 	 7.186432 	 0.007670 	 0.046143
1.718481 	 7.203003 	 0.006530 	 0.044403
1.669991 	 7.186066 	 0.008490 	 0.044678
1.626485 	 7.192505 	 0.008575 	 0.046997
1.578447 	 7.098206 	 0.034515 	 0.074493
1.529956 	 7.031128 	 0.042248 	 0.105957
1.485544 	 7.013397 	 0.043410 	 0.123199
1.440225 	 7.003540 	 0.039947 	 0.127716
1.389922 	 7.006714 	 0.037689 	 0.125671
1.344150 	 6.999664 	 0.037348 	 0.123688
1.296565 	 6.989380 	 0.037146 	 0.123413
1.255779 	 6.984894 	 0.041705 	 0.128540
1.206381 	 6.973694 	 0.043441 	 0.133514
1.158797 	 6.965576 	 0.047532 	 0.139618
1.116197 	 6.969391 	 0.050419 	 0.149780
1.066800 	 6.957367 	 0.053050 	 0.156525
1.019215 	 6.969391 	 0.050941 	 0.158844
0.972990 	 6.969421 	 0.053008 	 0.160858
0.928125 	 6.953278 	 0.050440 	 0.159668
0.880087 	 6.942261 	 0.049119 	 0.156464
0.833862 	 6.929413 	 0.053125 	 0.159790
0.790356 	 6.919220 	 0.059325 	 0.169006
0.744585 	 6.939606 	 0.053253 	 0.168701
0.694734 	 6.926666 	 0.050813 	 0.164093
0.647603 	 6.917175 	 0.058323 	 0.170044
0.602737 	 6.867950 	 0.061743 	 0.178802
0.556966 	 6.867401 	 0.064065 	 0.186798
0.510287 	 6.830902 	 0.065024 	 0.190613
0.464516 	 6.827637 	 0.068635 	 0.197479
0.416478 	 6.801270 	 0.066867 	 0.199524
0.370253 	 6.747192 	 0.070531 	 0.205078
0.324934 	 6.726166 	 0.076252 	 0.215240
0.279163 	 6.681274 	 0.074537 	 0.218506
0.236110 	 6.563110 	 0.070670 	 0.216431
0.184900 	 6.513275 	 0.071426 	 0.213928
0.137315 	 6.400604 	 0.067761 	 0.210907
0.091997 	 6.064056 	 0.092049 	 0.231720
0.046678 	 5.969940 	 0.090143 	 0.249512
0.000000 	 5.661102 	 0.111874 	 0.279297
0.047131 	 5.954010 	 0.087298 	 0.275879
0.091997 	 6.026093 	 0.095299 	 0.273376
0.139581 	 6.277863 	 0.082185 	 0.261963
0.183540 	 6.460083 	 0.074483 	 0.241638
0.232031 	 6.586456 	 0.068901 	 0.225983
0.280069 	 6.537109 	 0.073983 	 0.221619
0.324481 	 6.624939 	 0.066920 	 0.212677
0.370706 	 6.715546 	 0.065780 	 0.206116
0.416478 	 6.765259 	 0.065141 	 0.200836
0.463609 	 6.800323 	 0.066600 	 0.199158
0.511647 	 6.822388 	 0.059484 	 0.192657
0.556966 	 6.845276 	 0.059154 	 0.186432
0.604097 	 6.854462 	 0.062478 	 0.186523
0.649416 	 6.876251 	 0.055884 	 0.181793
0.697000 	 6.918457 	 0.053849 	 0.175171
0.741866 	 6.917358 	 0.052539 	 0.169617
0.788544 	 6.934906 	 0.052177 	 0.164825
0.835675 	 6.940704 	 0.050057 	 0.161713
0.881900 	 6.953857 	 0.046275 	 0.153870
0.927672 	 6.958160 	 0.047181 	 0.150482
0.975710 	 6.958282 	 0.048288 	 0.151245
1.018762 	 6.957642 	 0.051474 	 0.154510
1.069066 	 6.958160 	 0.047852 	 0.154114
1.116650 	 6.973480 	 0.045412 	 0.150299
1.162875 	 6.960266 	 0.046797 	 0.147919
1.205475 	 6.962402 	 0.047010 	 0.148621
1.255325 	 6.972443 	 0.049002 	 0.151642
1.299284 	 6.978546 	 0.046456 	 0.149231
1.348682 	 6.986481 	 0.042802 	 0.144592
1.392187 	 6.991699 	 0.046232 	 0.144501
1.439772 	 6.987946 	 0.048384 	 0.146942
1.481465 	 6.991791 	 0.044741 	 0.144897
1.532222 	 6.994507 	 0.044198 	 0.144043
1.580713 	 7.012665 	 0.039457 	 0.137024
1.622406 	 7.017365 	 0.040363 	 0.133179
1.671803 	 7.036407 	 0.042973 	 0.135681
1.719841 	 7.034302 	 0.040917 	 0.134613
1.765613 	 7.042450 	 0.043037 	 0.134247
1.812291 	 7.050720 	 0.045924 	 0.140869
1.859422 	 7.065826 	 0.049599 	 0.147644
1.902928 	 7.071625 	 0.049854 	 0.151367
1.950060 	 7.079041 	 0.053210 	 0.157654
1.994472 	 7.068390 	 0.050792 	 0.159149
2.040244 	 7.080841 	 0.047777 	 0.156952
2.086922 	 7.095306 	 0.046541 	 0.152374
2.133600 	 7.097382 	 0.043868 	 0.144867
2.182091 	 7.104767 	 0.044400 	 0.143768
2.228316 	 7.104309 	 0.038850 	 0.136780
2.274541 	 7.099121 	 0.033151 	 0.125488
2.321672 	 7.109375 	 0.033119 	 0.116302
2.366084 	 7.122528 	 0.027676 	 0.108582
2.415935 	 7.205963 	 0.005635 	 0.078705
2.462160 	 7.190460 	 0.005997 	 0.056976
2.507025 	 7.213470 	 0.006072 	 0.048737
2.553703 	 7.197479 	 0.005422 	 0.043365
2.600381 	 7.206512 	 0.003473 	 0.038361
2.645700 	 7.196198 	 0.006008 	 0.038452
2.691925 	 7.206055 	 0.004591 	 0.037872
2.740416 	 7.195648 	 0.005369 	 0.038940
2.784828 	 7.203400 	 0.004517 	 0.037262
2.833772 	 7.197449 	 0.005571 	 0.038086
2.878638 	 7.196289 	 0.005497 	 0.039551
2.923050 	 7.206207 	 0.004932 	 0.038544
2.967915 	 7.202911 	 0.005550 	 0.039307
3.018219 	 7.197144 	 0.004911 	 0.038300
3.063084 	 7.208710 	 0.004953 	 0.036194
3.111575 	 7.208496 	 0.005944 	 0.038055
3.156441 	 7.192322 	 0.004815 	 0.036896
3.204025 	 7.205719 	 0.005561 	 0.038239
3.248438 	 7.210144 	 0.004858 	 0.037506
3.295569 	 7.192505 	 0.005912 	 0.038849
3.341341 	 7.192444 	 0.003899 	 0.037842
3.388925 	 7.212646 	 0.004123 	 0.036804
3.434697 	 7.210480 	 0.003409 	 0.033417
3.481828 	 7.205505 	 0.005475 	 0.035828
3.527600 	 7.211334 	 0.003771 	 0.036255
3.574731 	 7.211517 	 0.004996 	 0.036743
3.620050 	 7.196198 	 0.004687 	 0.035522
3.667635 	 7.198059 	 0.004314 	 0.035858
3.711140 	 7.199249 	 0.004421 	 0.035675
3.759631 	 7.211273 	 0.004240 	 0.036072
3.805403 	 7.202484 	 0.004708 	 0.035980
3.852534 	 7.206329 	 0.004144 	 0.035675
3.899213 	 7.204498 	 0.002674 	 0.032837
3.947704 	 7.200806 	 0.004570 	 0.034454
3.992116 	 7.205505 	 0.003643 	 0.033722
4.037434 	 7.195557 	 0.005571 	 0.036865
4.087738 	 7.197845 	 0.004485 	 0.035858
4.130791 	 7.200806 	 0.003728 	 0.033386
4.179282 	 7.196411 	 0.005965 	 0.036804
4.226413 	 7.208649 	 0.002429 	 0.035889
4.273544 	 7.202637 	 0.004485 	 0.035126
4.314784 	 7.210632 	 0.003622 	 0.034546
4.362822 	 7.204559 	 0.003920 	 0.035095
4.409047 	 7.208435 	 0.005965 	 0.037811
4.453459 	 7.200287 	 0.005060 	 0.037781
4.501497 	 7.194092 	 0.004272 	 0.039429
4.547269 	 7.202789 	 0.004762 	 0.035278
4.594400 	 7.212341 	 0.004133 	 0.034668
4.641531 	 7.215576 	 0.002578 	 0.033081
4.690022 	 7.206390 	 0.003526 	 0.032562
4.733075 	 7.203857 	 0.005848 	 0.035095
4.778847 	 7.208099 	 0.005689 	 0.038788
4.829604 	 7.205719 	 0.002929 	 0.036560
4.871750 	 7.211029 	 0.004932 	 0.036011
4.922054 	 7.201202 	 0.003547 	 0.036041
4.967372 	 7.209106 	 0.003665 	 0.034668
5.014050 	 7.208527 	 0.003931 	 0.034851
5.058916 	 7.205750 	 0.003473 	 0.033875
5.105141 	 7.214508 	 0.002684 	 0.033356
5.150912 	 7.204437 	 0.004698 	 0.032562
5.198497 	 7.198853 	 0.004027 	 0.034729
5.246535 	 7.209167 	 0.004186 	 0.034454
5.290041 	 7.209503 	 0.002535 	 0.034027
5.336719 	 7.199402 	 0.004900 	 0.034210
5.384756 	 7.205780 	 0.002653 	 0.033966
5.429169 	 7.222809 	 0.004527 	 0.034546
5.477660 	 7.211578 	 0.004133 	 0.035217
5.522072 	 7.213348 	 0.002397 	 0.032043
5.568297 	 7.208618 	 0.004538 	 0.034302
5.618600 	 7.194824 	 0.004847 	 0.033264
5.662106 	 7.199890 	 0.003867 	 0.033539
5.709238 	 7.206268 	 0.001854 	 0.031738
5.753650 	 7.197510 	 0.001545 	 0.029388
5.802594 	 7.208221 	 0.002109 	 0.028931
5.849272 	 7.206635 	 0.002013 	 0.029205
5.893231 	 7.208771 	 0.002120 	 0.029572
5.939909 	 7.210236 	 0.004559 	 0.032074
5.990666 	 7.206421 	 0.004474 	 0.034943
6.033719 	 7.214691 	 0.003505 	 0.033813
6.081757 	 7.210480 	 0.003100 	 0.031921
6.125262 	 7.206451 	 0.003910 	 0.033081
6.173753 	 7.206512 	 0.004527 	 0.035339
6.219072 	 7.202576 	 0.004634 	 0.035553
6.267110 	 7.208557 	 0.002961 	 0.034943
6.311069 	 7.204590 	 0.002610 	 0.033020
6.358653 	 7.207733 	 0.002471 	 0.032043
6.403519 	 7.206421 	 0.002993 	 0.029510
6.449744 	 7.197327 	 0.003963 	 0.032593
6.500047 	 7.205811 	 0.004634 	 0.033661
6.544006 	 7.210541 	 0.003111 	 0.035370
6.589778 	 7.211670 	 0.003963 	 0.033722
6.640082 	 7.199066 	 0.003505 	 0.034485
6.683588 	 7.200287 	 0.003409 	 0.034210
6.730266 	 7.215546 	 0.004080 	 0.034912
6.776491 	 7.208374 	 0.001747 	 0.031921
6.822263 	 7.197632 	 0.003313 	 0.030884

 Z Turning Point (V) = 3.102051 
 Turning Time Delay (ms) = 0 
 SEN (V) =  
 App. Driving Voltage (mVrms) = 0.307000 
 App. Vias. Voltage (V) = 0.000000 
 App. Del Z (Bit) = -10 
 App. Delay Time (ms) = 500 
 App. Velocity (nm/s) = -0.090639 
 Ret. Driving Voltage (mVrms) = 0.307000 
 Ret. Vias. Voltage (V) = 0.000000 
 Ret. Del Z (Bit) = -10 
 Ret. Delay Time (ms) = 500 
 Ret. Velocity (nm/s) = -0.090639 
  
 Data Array Size = 271 
 Frequency (Hz) = sen.
 
