4.733528 	 7.205719 	 0.002578 	 0.031433
4.689569 	 7.224365 	 0.001875 	 0.030457
4.639265 	 7.208710 	 0.001662 	 0.029327
4.594400 	 7.222839 	 0.001129 	 0.028625
4.547269 	 7.221405 	 0.002099 	 0.028229
4.503763 	 7.215668 	 0.003164 	 0.029388
4.453459 	 7.216644 	 0.001981 	 0.028961
4.409953 	 7.199341 	 0.001694 	 0.029846
4.361916 	 7.213531 	 0.001214 	 0.028503
4.315237 	 7.229523 	 0.000629 	 0.027710
4.269466 	 7.210510 	 0.002152 	 0.028564
4.224600 	 7.212616 	 0.002706 	 0.029816
4.178828 	 7.209717 	 0.002131 	 0.030670
4.130791 	 7.213318 	 0.002194 	 0.029755
4.082753 	 7.210663 	 0.002961 	 0.030426
4.036981 	 7.201813 	 0.000937 	 0.029327
3.992569 	 7.220123 	 0.002067 	 0.029510
3.944984 	 7.218597 	 0.002759 	 0.029572
3.900572 	 7.224030 	 0.002290 	 0.033020
3.852081 	 7.197876 	 0.002152 	 0.029816
3.807216 	 7.213654 	 0.001129 	 0.029114
3.759631 	 7.210449 	 0.003036 	 0.030396
3.712953 	 7.215729 	 0.003526 	 0.031036
3.664915 	 7.210541 	 0.001939 	 0.031067
3.619597 	 7.212830 	 0.002450 	 0.029816
3.573372 	 7.205780 	 0.002184 	 0.030701
3.525334 	 7.200928 	 0.001917 	 0.028717
3.477296 	 7.222931 	 0.001438 	 0.028839
3.435150 	 7.203705 	 0.002919 	 0.029083
3.388925 	 7.209229 	 0.002738 	 0.031952
3.342247 	 7.208984 	 0.002152 	 0.030243
3.295569 	 7.220001 	 0.002216 	 0.030212
3.247531 	 7.208832 	 0.000554 	 0.028748
3.204025 	 7.214783 	 0.001715 	 0.028839
3.155534 	 7.202759 	 0.001395 	 0.029602
3.107950 	 7.201782 	 0.002461 	 0.028473
3.060818 	 7.216248 	 0.002109 	 0.029205
3.015500 	 7.203705 	 0.002898 	 0.030640
2.970634 	 7.212219 	 0.004506 	 0.032410
2.924863 	 7.196655 	 0.003515 	 0.034180
2.875465 	 7.219757 	 0.002727 	 0.033295
2.831506 	 7.213623 	 0.002301 	 0.031616
2.785281 	 7.208923 	 0.001971 	 0.029419
2.736790 	 7.214691 	 0.003611 	 0.032013
2.687393 	 7.213379 	 0.001087 	 0.029388
2.642075 	 7.216248 	 0.002290 	 0.028503
2.596303 	 7.212738 	 0.003856 	 0.031281
2.551437 	 7.206512 	 0.003505 	 0.033508
2.505212 	 7.219696 	 0.002216 	 0.031738
2.457175 	 7.202698 	 0.003228 	 0.032379
2.410043 	 7.203339 	 0.001949 	 0.030334
2.365178 	 7.205872 	 0.003633 	 0.033051
2.321219 	 7.215424 	 0.003686 	 0.032898
2.274994 	 7.211975 	 0.002972 	 0.033569
2.229675 	 7.213593 	 0.003228 	 0.033844
2.181184 	 7.212921 	 0.002035 	 0.031616
2.134053 	 7.207428 	 0.004165 	 0.033691
2.087828 	 7.208862 	 0.003846 	 0.033752
2.040244 	 7.212463 	 0.003356 	 0.034760
1.995378 	 7.215088 	 0.002205 	 0.031769
1.946434 	 7.212830 	 0.003164 	 0.032379
1.902928 	 7.205750 	 0.003515 	 0.033386
1.858063 	 7.205719 	 0.002365 	 0.032593
1.805946 	 7.207489 	 0.003398 	 0.033295
1.763347 	 7.206360 	 0.002312 	 0.033020
1.718028 	 7.212616 	 0.002173 	 0.030243
1.670897 	 7.202759 	 0.003313 	 0.031799
1.625578 	 7.206299 	 0.002866 	 0.033203
1.575275 	 7.203400 	 0.003643 	 0.033020
1.530862 	 7.210785 	 0.002194 	 0.033386
1.483731 	 7.215729 	 0.005422 	 0.034088
1.438866 	 7.054840 	 0.038062 	 0.072083
1.392641 	 7.032654 	 0.037945 	 0.097290
1.346416 	 7.013367 	 0.037465 	 0.111816
1.297925 	 7.024292 	 0.036421 	 0.117584
1.256685 	 7.016479 	 0.036134 	 0.118103
1.209100 	 7.000824 	 0.033471 	 0.117340
1.161516 	 6.996155 	 0.029859 	 0.110535
1.114384 	 7.006714 	 0.027068 	 0.102325
1.070879 	 6.995453 	 0.031202 	 0.103271
1.022388 	 6.988647 	 0.032544 	 0.105835
0.975256 	 6.982605 	 0.030403 	 0.106903
0.925859 	 6.994507 	 0.037082 	 0.111267
0.885526 	 6.972565 	 0.033151 	 0.113312
0.835675 	 6.965240 	 0.041098 	 0.120972
0.788544 	 6.943939 	 0.042824 	 0.130188
0.745944 	 6.930695 	 0.047372 	 0.139252
0.698360 	 6.905731 	 0.046722 	 0.144897
0.651228 	 6.873596 	 0.050877 	 0.151611
0.606816 	 6.873505 	 0.050621 	 0.155975
0.558325 	 6.850433 	 0.052230 	 0.158813
0.512100 	 6.836609 	 0.057407 	 0.167450
0.464516 	 6.789429 	 0.056970 	 0.171387
0.420557 	 6.734619 	 0.055415 	 0.173340
0.372972 	 6.702240 	 0.056885 	 0.173462
0.328107 	 6.699646 	 0.059761 	 0.176880
0.278256 	 6.576416 	 0.059932 	 0.179199
0.233844 	 6.466522 	 0.067463 	 0.188660
0.187619 	 6.285889 	 0.069093 	 0.198486
0.140488 	 5.999176 	 0.085136 	 0.219299
0.091997 	 5.677216 	 0.104215 	 0.257446
0.049850 	 5.720215 	 0.099272 	 0.276001
0.000000 	 5.462738 	 0.113302 	 0.295441
0.047131 	 5.876404 	 0.089674 	 0.286499
0.095622 	 5.578247 	 0.125264 	 0.309357
0.140488 	 5.910645 	 0.096257 	 0.303070
0.185806 	 6.324280 	 0.068859 	 0.262238
0.233844 	 6.454529 	 0.066100 	 0.227051
0.281882 	 6.507233 	 0.060219 	 0.204895
0.326294 	 6.619446 	 0.058803 	 0.194214
0.372972 	 6.691376 	 0.062456 	 0.189178
0.418744 	 6.764465 	 0.056118 	 0.183441
0.464516 	 6.792267 	 0.055447 	 0.175598
0.510287 	 6.824646 	 0.052816 	 0.169830
0.560138 	 6.845398 	 0.049599 	 0.163971
0.603644 	 6.863312 	 0.050941 	 0.159546
0.648962 	 6.892578 	 0.051186 	 0.161072
0.698813 	 6.901611 	 0.050451 	 0.159271
0.743678 	 6.903442 	 0.051665 	 0.159790
0.788997 	 6.939392 	 0.049673 	 0.159851
0.833862 	 6.929687 	 0.047362 	 0.153137
0.883713 	 6.945221 	 0.043367 	 0.147339
0.929938 	 6.958466 	 0.036507 	 0.136841
0.975710 	 6.989258 	 0.037721 	 0.126465
1.022388 	 6.993317 	 0.034696 	 0.122833
1.067706 	 6.993378 	 0.038605 	 0.123016
1.117557 	 6.995056 	 0.040587 	 0.126495
1.161063 	 7.001495 	 0.040320 	 0.128601
1.208647 	 6.998535 	 0.046169 	 0.136688
1.256232 	 7.008881 	 0.040501 	 0.135803
1.297925 	 7.015259 	 0.044539 	 0.138123
1.342337 	 7.028381 	 0.043921 	 0.138428
1.390375 	 7.024597 	 0.046222 	 0.142365
1.438412 	 7.048370 	 0.046286 	 0.145172
1.487357 	 7.047791 	 0.045679 	 0.147095
1.533128 	 7.039581 	 0.043761 	 0.143311
1.577994 	 7.041931 	 0.045977 	 0.144196
1.625578 	 7.041138 	 0.043623 	 0.142303
1.669991 	 7.057861 	 0.042163 	 0.138580
1.717122 	 7.052551 	 0.044667 	 0.141296
1.762894 	 7.068024 	 0.042099 	 0.138702
1.810478 	 7.066620 	 0.040384 	 0.136017
1.856250 	 7.072052 	 0.038488 	 0.131317
1.904741 	 7.090424 	 0.034994 	 0.125397
1.947340 	 7.086578 	 0.036943 	 0.121735
1.994925 	 7.101624 	 0.041758 	 0.126007
2.041150 	 7.085693 	 0.038360 	 0.127045
2.087375 	 7.088684 	 0.030051 	 0.114624
2.134959 	 7.110779 	 0.031393 	 0.111877
2.182997 	 7.098724 	 0.027857 	 0.106476
2.225597 	 7.119934 	 0.026632 	 0.099731
2.273634 	 7.123505 	 0.024757 	 0.095490
2.321672 	 7.137451 	 0.025492 	 0.094116
2.368350 	 7.193695 	 0.003590 	 0.070343
2.413669 	 7.216339 	 0.004027 	 0.050842
2.459894 	 7.214264 	 0.004091 	 0.042755
2.504306 	 7.203461 	 0.003579 	 0.037109
2.553703 	 7.214417 	 0.003601 	 0.035339
2.597209 	 7.205627 	 0.004495 	 0.035889
2.648872 	 7.218719 	 0.002898 	 0.034454
2.689659 	 7.204590 	 0.003537 	 0.032440
2.736337 	 7.208344 	 0.004730 	 0.033936
2.786188 	 7.206238 	 0.003185 	 0.033936
2.831506 	 7.215637 	 0.002876 	 0.031921
2.877278 	 7.195648 	 0.003270 	 0.032196
2.922144 	 7.214325 	 0.001694 	 0.031433
2.967462 	 7.213531 	 0.002557 	 0.030701
3.016406 	 7.219940 	 0.001843 	 0.029572
3.060818 	 7.216553 	 0.002003 	 0.029083
3.110216 	 7.196167 	 0.002131 	 0.030701
3.156441 	 7.210510 	 0.002067 	 0.029541
3.204025 	 7.219330 	 0.002557 	 0.029694
3.251157 	 7.208649 	 0.003707 	 0.031219
3.293756 	 7.208832 	 0.002503 	 0.031128
3.339528 	 7.209412 	 0.002589 	 0.032532
3.386659 	 7.212402 	 0.001278 	 0.029541
3.432431 	 7.217224 	 0.003505 	 0.031799
3.480469 	 7.224335 	 0.002621 	 0.031494
3.527600 	 7.212921 	 0.003174 	 0.032257
3.575638 	 7.212738 	 0.004666 	 0.033813
3.619597 	 7.215790 	 0.002088 	 0.033600
3.667635 	 7.214325 	 0.002993 	 0.032318
3.712500 	 7.218689 	 0.002493 	 0.031891
3.759178 	 7.221344 	 0.000991 	 0.028778
3.807216 	 7.215759 	 0.003462 	 0.030731
3.851628 	 7.210480 	 0.001726 	 0.030151
3.901025 	 7.218689 	 0.003025 	 0.029907
3.943625 	 7.212585 	 0.001001 	 0.028717
3.991209 	 7.205383 	 0.002674 	 0.030090
4.037434 	 7.209595 	 0.002152 	 0.031097
4.085472 	 7.221954 	 0.001065 	 0.029114
4.129884 	 7.206696 	 0.002035 	 0.028870
4.177469 	 7.224274 	 0.004474 	 0.032257
4.222334 	 7.216461 	 0.002802 	 0.032745
4.268559 	 7.209229 	 0.002738 	 0.030396
4.318410 	 7.215851 	 0.001864 	 0.028259
4.365088 	 7.220428 	 0.000852 	 0.029327
4.410860 	 7.210419 	 0.002354 	 0.029022
4.456631 	 7.210419 	 0.000288 	 0.027313
4.504216 	 7.212402 	 0.001736 	 0.026794
4.549535 	 7.206024 	 0.002067 	 0.029205
4.594853 	 7.213379 	 0.002642 	 0.028534

 Z Turning Point (V) = 3.836517 
 Turning Time Delay (ms) = 0 
 SEN (V) =  
 App. Driving Voltage (mVrms) = 0.307000 
 App. Vias. Voltage (V) = 0.000000 
 App. Del Z (Bit) = -10 
 App. Delay Time (ms) = 500 
 App. Velocity (nm/s) = -0.090639 
 Ret. Driving Voltage (mVrms) = 0.307000 
 Ret. Vias. Voltage (V) = 0.000000 
 Ret. Del Z (Bit) = -10 
 Ret. Delay Time (ms) = 500 
 Ret. Velocity (nm/s) = -0.090639 
  
 Data Array Size = 202 
 Frequency (Hz) = sen.
 
