7.517450 	 7.221100 	 -0.000735 	 0.021545
7.473491 	 7.229431 	 -0.001129 	 0.021698
7.426813 	 7.213898 	 -0.001321 	 0.021271
7.378322 	 7.223480 	 -0.001161 	 0.020630
7.335269 	 7.218201 	 0.000085 	 0.022583
7.285872 	 7.210449 	 -0.000969 	 0.021851
7.239647 	 7.226776 	 -0.001459 	 0.020569
7.195235 	 7.226410 	 -0.002109 	 0.021332
7.144931 	 7.216400 	 -0.000202 	 0.020752
7.099159 	 7.215851 	 -0.001971 	 0.019592
7.053387 	 7.228271 	 -0.001704 	 0.019958
7.006709 	 7.208435 	 -0.000618 	 0.018768
6.960031 	 7.223846 	 -0.001726 	 0.020538
6.916072 	 7.222321 	 -0.001310 	 0.019318
6.868488 	 7.208801 	 -0.001981 	 0.019104
6.822716 	 7.220306 	 -0.000639 	 0.023010
6.775584 	 7.215210 	 -0.002258 	 0.020386
6.728453 	 7.213104 	 -0.001662 	 0.019226
6.681775 	 7.210510 	 -0.002109 	 0.019775
6.634190 	 7.217133 	 -0.003185 	 0.017273
6.585699 	 7.215820 	 -0.000298 	 0.020691
6.541287 	 7.214386 	 0.000373 	 0.022980
6.496875 	 7.206055 	 -0.000980 	 0.022064
6.450650 	 7.222839 	 -0.000394 	 0.022491
6.404878 	 7.209259 	 0.000032 	 0.022919
6.352309 	 7.217255 	 -0.001204 	 0.021271
6.309256 	 7.222168 	 -0.001161 	 0.020844
6.263937 	 7.217163 	 -0.000895 	 0.022003
6.217259 	 7.227051 	 -0.000692 	 0.021118
6.172394 	 7.226837 	 -0.001108 	 0.021332
6.127075 	 7.205597 	 -0.002503 	 0.018524
6.077225 	 7.216125 	 -0.001310 	 0.016998
6.031000 	 7.230316 	 0.000629 	 0.021027
5.986134 	 7.210327 	 -0.001758 	 0.020752
5.939909 	 7.207336 	 -0.000618 	 0.022339
5.895044 	 7.232513 	 -0.000277 	 0.022308
5.845193 	 7.216064 	 -0.000969 	 0.020508
5.798515 	 7.213196 	 -0.001236 	 0.020874
5.751384 	 7.220642 	 -0.002834 	 0.018433
5.704706 	 7.220062 	 -0.000522 	 0.020050
5.659387 	 7.208954 	 0.000234 	 0.023560
5.614975 	 7.215363 	 -0.001630 	 0.021027
5.567390 	 7.221313 	 -0.000607 	 0.022278
5.521619 	 7.213165 	 -0.001257 	 0.022003
5.474034 	 7.216217 	 0.001236 	 0.023529
5.427356 	 7.213318 	 -0.002791 	 0.022675
5.381584 	 7.232300 	 -0.001172 	 0.021423
5.335359 	 7.214386 	 -0.001715 	 0.020508
5.288681 	 7.219208 	 -0.002131 	 0.019867
5.243362 	 7.215088 	 -0.001087 	 0.018219
5.195325 	 7.221283 	 -0.002578 	 0.019928
5.152725 	 7.218384 	 -0.000021 	 0.019745
5.101968 	 7.209961 	 -0.001257 	 0.021179
5.058009 	 7.219391 	 -0.000639 	 0.022552
5.010878 	 7.224274 	 -0.001236 	 0.022400
4.965559 	 7.217346 	 -0.001257 	 0.021271
4.919334 	 7.221069 	 -0.001609 	 0.020233
4.870844 	 7.213226 	 -0.000586 	 0.021057
4.824165 	 7.215027 	 -0.001619 	 0.021393
4.776581 	 7.221619 	 -0.001630 	 0.021057
4.730809 	 7.219482 	 -0.001214 	 0.019562
4.685037 	 7.222839 	 -0.001438 	 0.019867
4.637906 	 7.213135 	 -0.000149 	 0.021576
4.591681 	 7.222961 	 -0.002855 	 0.018768
4.548175 	 7.211853 	 -0.003111 	 0.017212
4.501044 	 7.213867 	 -0.001140 	 0.017242
4.455272 	 7.222443 	 -0.002344 	 0.017151
4.409500 	 7.213196 	 -0.000490 	 0.020599
4.365994 	 7.213226 	 -0.000607 	 0.021179
4.320222 	 7.212891 	 0.000618 	 0.024017
4.270372 	 7.218170 	 -0.001736 	 0.021515
4.225053 	 7.210175 	 -0.000522 	 0.021210
4.175203 	 7.223328 	 -0.000831 	 0.020050
4.128525 	 7.223206 	 -0.001236 	 0.019653
4.083206 	 7.211090 	 0.000128 	 0.021881
4.040607 	 7.222168 	 -0.001417 	 0.021423
3.993475 	 7.213531 	 -0.001225 	 0.021698
3.946344 	 7.222809 	 -0.000064 	 0.021973
3.897853 	 7.230103 	 0.000277 	 0.023193
3.850722 	 7.223999 	 -0.001300 	 0.022339
3.809029 	 7.225372 	 0.001491 	 0.024170
3.757819 	 7.216980 	 -0.001246 	 0.022522
3.712953 	 7.216278 	 -0.002589 	 0.020782
3.667635 	 7.222992 	 -0.000160 	 0.021027
3.621410 	 7.213257 	 -0.000703 	 0.021149
3.576091 	 7.207916 	 -0.002301 	 0.020599
3.526241 	 7.214508 	 -0.001758 	 0.018280
3.476843 	 7.223175 	 -0.001193 	 0.020233
3.436057 	 7.141205 	 0.009332 	 0.031311
3.392551 	 7.141083 	 0.009854 	 0.040375
3.342247 	 7.148407 	 0.008511 	 0.044525
3.294662 	 7.143524 	 0.009907 	 0.048645
3.247078 	 7.150787 	 0.007542 	 0.047943
3.202213 	 7.143646 	 0.009960 	 0.047333
3.156441 	 7.144470 	 0.008511 	 0.048126
3.107043 	 7.145538 	 0.009289 	 0.046509
3.063538 	 7.147583 	 0.010951 	 0.048767
3.015500 	 7.142609 	 0.011217 	 0.051666
2.971088 	 7.135254 	 0.010045 	 0.050507
2.924409 	 7.142181 	 0.010855 	 0.052002
2.877278 	 7.143585 	 0.010866 	 0.052216
2.830147 	 7.150330 	 0.011910 	 0.053070
2.782109 	 7.127197 	 0.013199 	 0.057404
2.737697 	 7.129700 	 0.012240 	 0.054626
2.691472 	 7.133514 	 0.013390 	 0.059937
2.645247 	 7.123352 	 0.013039 	 0.057526
2.602194 	 7.138123 	 0.012687 	 0.058258
2.552797 	 7.132019 	 0.013486 	 0.059692
2.503853 	 7.113220 	 0.016181 	 0.063019
2.463066 	 7.119904 	 0.011729 	 0.058868
2.412762 	 7.112762 	 0.014743 	 0.060333
2.367897 	 7.117340 	 0.016576 	 0.063049
2.318047 	 7.121979 	 0.012773 	 0.063843
2.272275 	 7.117310 	 0.012496 	 0.061920
2.225143 	 7.119629 	 0.012932 	 0.058289
2.179825 	 7.109100 	 0.011675 	 0.057404
2.136319 	 7.110168 	 0.011579 	 0.056244
2.088734 	 7.106171 	 0.009396 	 0.053772
2.043869 	 7.113312 	 0.012208 	 0.055481
1.995831 	 7.092957 	 0.010354 	 0.054016
1.946887 	 7.098419 	 0.010866 	 0.053802
1.902475 	 7.096130 	 0.011792 	 0.053833
1.857610 	 7.094086 	 0.014413 	 0.056244
1.806853 	 7.100067 	 0.012922 	 0.058502
1.762894 	 7.095734 	 0.013444 	 0.058990
1.714856 	 7.081696 	 0.012421 	 0.057434
1.672710 	 7.088501 	 0.014946 	 0.060791
1.625125 	 7.066254 	 0.013412 	 0.062073
1.579807 	 7.067780 	 0.013390 	 0.060913
1.530862 	 7.054901 	 0.012591 	 0.062500
1.484637 	 7.066406 	 0.011111 	 0.058014
1.438866 	 7.052032 	 0.015830 	 0.059723
1.392641 	 7.035797 	 0.019260 	 0.067566
1.345056 	 7.032074 	 0.017896 	 0.070862
1.301097 	 7.005341 	 0.020187 	 0.073425
1.254419 	 7.019989 	 0.020229 	 0.075684
1.203209 	 7.016174 	 0.025513 	 0.079712
1.160156 	 7.004120 	 0.018386 	 0.079712
1.112119 	 6.985443 	 0.024693 	 0.083069
1.066800 	 6.974457 	 0.018876 	 0.079498
1.019669 	 6.915131 	 0.026557 	 0.085297
0.974350 	 6.892944 	 0.024277 	 0.087738
0.927672 	 6.845123 	 0.025311 	 0.088226
0.884619 	 6.770325 	 0.031170 	 0.096313
0.837035 	 6.677032 	 0.034802 	 0.105713
0.789903 	 6.635284 	 0.037551 	 0.113373
0.740506 	 6.160492 	 0.091400 	 0.175598
0.694281 	 6.470276 	 0.058313 	 0.189545
0.648962 	 6.349854 	 0.062286 	 0.186310
0.602737 	 6.163849 	 0.081461 	 0.207245
0.555153 	 5.925110 	 0.099144 	 0.243866
0.511194 	 5.725861 	 0.119757 	 0.287659
0.461343 	 5.461517 	 0.150948 	 0.349731
0.417384 	 5.344910 	 0.166203 	 0.404266
0.370253 	 5.093506 	 0.193591 	 0.463654
0.324481 	 4.960541 	 0.209687 	 0.519531
0.279616 	 4.602600 	 0.268500 	 0.612976
0.228859 	 4.145325 	 0.370797 	 0.782959
0.187166 	 3.981628 	 0.409743 	 0.943329
0.140941 	 3.726318 	 0.510560 	 1.134857
0.090637 	 3.645325 	 0.544499 	 1.297882
0.045319 	 3.411896 	 0.604538 	 1.448608
0.000000 	 3.164276 	 0.764998 	 1.709473
0.046225 	 3.253906 	 0.701445 	 1.821838
0.091090 	 3.442902 	 0.661071 	 1.806488
0.138222 	 3.523437 	 0.595248 	 1.715027
0.183540 	 3.804108 	 0.494261 	 1.543549
0.232938 	 4.163177 	 0.387639 	 1.315704
0.279163 	 4.383484 	 0.325076 	 1.106415
0.325388 	 4.497681 	 0.326109 	 0.989166
0.371613 	 4.754517 	 0.276415 	 0.885376
0.417838 	 4.978729 	 0.218454 	 0.755005
0.463156 	 5.000702 	 0.237139 	 0.695251
0.508475 	 5.462830 	 0.145430 	 0.577484
0.557419 	 5.628662 	 0.130655 	 0.473419
0.601378 	 5.719238 	 0.130047 	 0.420105
0.651228 	 6.021332 	 0.087693 	 0.350006
0.695187 	 6.160583 	 0.076603 	 0.291351
0.739600 	 6.318054 	 0.063458 	 0.245880
0.788997 	 6.340820 	 0.070872 	 0.226715
0.833862 	 6.557892 	 0.051676 	 0.200134
0.880087 	 6.574524 	 0.045785 	 0.174316
0.930391 	 6.676880 	 0.039244 	 0.154785
0.973444 	 6.663025 	 0.047521 	 0.149780
1.021935 	 6.805145 	 0.032054 	 0.134186
1.067706 	 6.861115 	 0.032384 	 0.122833
1.113931 	 6.920349 	 0.027249 	 0.111633
1.159703 	 6.913361 	 0.024821 	 0.103180
1.208194 	 6.952393 	 0.025982 	 0.097565
1.254872 	 6.967529 	 0.027697 	 0.098602
1.297925 	 6.988129 	 0.020474 	 0.091583
1.347322 	 6.990112 	 0.023617 	 0.088837
1.394000 	 7.019562 	 0.020261 	 0.084503
1.436600 	 7.033569 	 0.019377 	 0.080444
1.484637 	 7.035400 	 0.018706 	 0.078735
1.531769 	 7.047943 	 0.020528 	 0.078796
1.575728 	 7.042755 	 0.019516 	 0.077972
1.624219 	 7.051178 	 0.019494 	 0.077332
1.669991 	 7.046478 	 0.020325 	 0.077026
1.717575 	 7.060364 	 0.018301 	 0.076263
1.765613 	 7.049286 	 0.019931 	 0.077026
1.811385 	 7.049500 	 0.023766 	 0.081421
1.857156 	 7.065094 	 0.026227 	 0.087982
1.902022 	 7.064636 	 0.019771 	 0.083313
1.950060 	 7.074921 	 0.017928 	 0.079041
1.996738 	 7.064606 	 0.019239 	 0.076263
2.042963 	 7.076233 	 0.019430 	 0.077240
2.089188 	 7.072113 	 0.016522 	 0.072540
2.138585 	 7.074432 	 0.016043 	 0.070862
2.181638 	 7.082062 	 0.015958 	 0.068542
2.227863 	 7.086700 	 0.015872 	 0.067688
2.273181 	 7.085541 	 0.016480 	 0.068176
2.321219 	 7.080536 	 0.019047 	 0.070251
2.371069 	 7.090363 	 0.016927 	 0.072510
2.414122 	 7.088928 	 0.019697 	 0.071472
2.460347 	 7.087219 	 0.020677 	 0.074677
2.508838 	 7.098816 	 0.018312 	 0.075470
2.553703 	 7.103058 	 0.014903 	 0.069305
2.597209 	 7.096069 	 0.014967 	 0.067261
2.646153 	 7.090363 	 0.018291 	 0.069000
2.694191 	 7.100983 	 0.017438 	 0.069824
2.737697 	 7.111420 	 0.017843 	 0.071289
2.783015 	 7.095764 	 0.018248 	 0.070251
2.832866 	 7.113037 	 0.015510 	 0.068756
2.878638 	 7.115936 	 0.015542 	 0.067688
2.923503 	 7.113129 	 0.017492 	 0.068207
2.972447 	 7.110016 	 0.016618 	 0.070221
3.014140 	 7.127136 	 0.013380 	 0.065796
3.062178 	 7.114136 	 0.013635 	 0.062653
3.106590 	 7.116577 	 0.017896 	 0.066498
3.155081 	 7.133789 	 0.016874 	 0.068329
3.203119 	 7.122650 	 0.014509 	 0.067139
3.247531 	 7.125488 	 0.016884 	 0.067230
3.299194 	 7.114258 	 0.014179 	 0.066742
3.344060 	 7.126984 	 0.014413 	 0.062775
3.389378 	 7.134949 	 0.013103 	 0.061371
3.434697 	 7.123352 	 0.015542 	 0.063293
3.481828 	 7.126892 	 0.015606 	 0.063324
3.527600 	 7.133240 	 0.014754 	 0.063080
3.575638 	 7.120697 	 0.015350 	 0.063263
3.620503 	 7.129608 	 0.016437 	 0.067230
3.665369 	 7.136200 	 0.015191 	 0.066223
3.712500 	 7.138458 	 0.014413 	 0.064301
3.758272 	 7.137939 	 0.014008 	 0.063843
3.807669 	 7.141449 	 0.011324 	 0.060242
3.852081 	 7.150513 	 0.013635 	 0.060852
3.900119 	 7.146576 	 0.013944 	 0.061981
3.942719 	 7.137177 	 0.012932 	 0.060272
3.991209 	 7.154327 	 0.015840 	 0.062775
4.039247 	 7.149506 	 0.013561 	 0.062805
4.085472 	 7.158997 	 0.014008 	 0.061798
4.131244 	 7.147949 	 0.016022 	 0.064301
4.178375 	 7.149353 	 0.011729 	 0.059662
4.225507 	 7.146210 	 0.013412 	 0.059601
4.269012 	 7.159088 	 0.012986 	 0.057922
4.317503 	 7.164917 	 0.012176 	 0.057159
4.363275 	 7.159424 	 0.009236 	 0.054199
4.409500 	 7.148956 	 0.010024 	 0.053131
4.452100 	 7.160889 	 0.012229 	 0.055237
4.499231 	 7.165283 	 0.009705 	 0.055420
4.547269 	 7.162170 	 0.008117 	 0.050842
4.592134 	 7.157990 	 0.010195 	 0.051147
4.640172 	 7.163269 	 0.009332 	 0.049744
4.686850 	 7.178253 	 0.008000 	 0.047852
4.735341 	 7.161041 	 0.009310 	 0.047943
4.779300 	 7.158264 	 0.007276 	 0.046600
4.824619 	 7.174835 	 0.008000 	 0.045837
4.870844 	 7.169495 	 0.005603 	 0.044373
4.921147 	 7.167877 	 0.006498 	 0.042847
4.963747 	 7.169312 	 0.006977 	 0.044159
5.010425 	 7.167419 	 0.006967 	 0.041412
5.058009 	 7.172089 	 0.005912 	 0.041412
5.105594 	 7.222626 	 -0.002301 	 0.031342
5.150912 	 7.222900 	 -0.000874 	 0.025482
5.196684 	 7.217560 	 -0.001928 	 0.023437
5.243816 	 7.217346 	 -0.001459 	 0.020905
5.287775 	 7.219421 	 0.000224 	 0.021667
5.335359 	 7.220123 	 -0.001150 	 0.022614
5.385210 	 7.212982 	 -0.003483 	 0.018951
5.428716 	 7.222229 	 -0.000703 	 0.019745
5.476753 	 7.216003 	 0.000256 	 0.021851
5.520259 	 7.200256 	 -0.001683 	 0.020599
5.566031 	 7.217163 	 -0.001140 	 0.021179
5.614975 	 7.218201 	 -0.001438 	 0.019348
5.660747 	 7.214142 	 -0.000096 	 0.021149
5.706065 	 7.212646 	 -0.001609 	 0.020233
5.750931 	 7.206146 	 -0.001577 	 0.020264
5.801234 	 7.225189 	 -0.000916 	 0.019958
5.845647 	 7.214172 	 -0.002290 	 0.019806
5.891418 	 7.219299 	 -0.000362 	 0.019775
5.938550 	 7.220245 	 -0.000149 	 0.022369
5.986588 	 7.231110 	 0.000128 	 0.023102
6.030093 	 7.220978 	 -0.001236 	 0.021942
6.078584 	 7.224030 	 -0.000096 	 0.021545
6.124356 	 7.220581 	 -0.000075 	 0.023468
6.171487 	 7.213409 	 -0.000607 	 0.021362
6.221338 	 7.210327 	 -0.000565 	 0.022278
6.266203 	 7.220123 	 -0.001268 	 0.021729
6.311975 	 7.233063 	 -0.000735 	 0.021729
6.355028 	 7.221588 	 0.000213 	 0.024475
6.403519 	 7.221344 	 -0.000597 	 0.022949
6.449290 	 7.206116 	 -0.000831 	 0.022491
6.497781 	 7.226318 	 -0.001278 	 0.022003
6.543553 	 7.219971 	 -0.002099 	 0.018768
6.589778 	 7.213287 	 0.000234 	 0.021515
6.635097 	 7.216034 	 -0.000756 	 0.021484
6.680869 	 7.220367 	 -0.001449 	 0.021637
6.728453 	 7.197357 	 -0.001641 	 0.019775
6.774225 	 7.217468 	 -0.000107 	 0.022491
6.819997 	 7.219971 	 -0.000820 	 0.022125
6.868034 	 7.220154 	 -0.000447 	 0.021851
6.914713 	 7.220306 	 0.000107 	 0.024384
6.961391 	 7.213135 	 0.000320 	 0.024902
7.007162 	 7.215973 	 -0.000735 	 0.025269
7.052934 	 7.223053 	 -0.000692 	 0.022308
7.100066 	 7.217377 	 -0.000266 	 0.024017
7.149916 	 7.211517 	 -0.002067 	 0.020874
7.193875 	 7.220276 	 -0.000607 	 0.021027
7.238287 	 7.212433 	 -0.000905 	 0.021149
7.287231 	 7.212372 	 -0.001374 	 0.022827
7.333003 	 7.222076 	 -0.001598 	 0.020386
7.379681 	 7.219788 	 -0.000820 	 0.020996
7.423640 	 7.217224 	 0.000138 	 0.022003
7.471225 	 7.217255 	 -0.001076 	 0.020691
7.517903 	 7.213013 	 -0.000682 	 0.022156
7.561409 	 7.219452 	 -0.000618 	 0.020782
7.610353 	 7.220398 	 -0.000511 	 0.021973
7.655672 	 7.236359 	 -0.000469 	 0.023132
7.705069 	 7.213562 	 0.000181 	 0.022797
7.752200 	 7.223389 	 -0.001406 	 0.022400
7.796159 	 7.217163 	 -0.001246 	 0.022156
7.843744 	 7.226868 	 -0.000511 	 0.021637
7.888609 	 7.223053 	 0.000181 	 0.024567
7.937553 	 7.205933 	 0.000298 	 0.024384
7.982872 	 7.213226 	 -0.000266 	 0.023621
8.030457 	 7.216003 	 -0.000767 	 0.022583
8.073509 	 7.219696 	 -0.002376 	 0.021973
8.122000 	 7.217316 	 -0.001364 	 0.020813
8.168225 	 7.212341 	 -0.000170 	 0.022034
8.213091 	 7.220062 	 0.000245 	 0.023041
8.259769 	 7.222168 	 -0.002653 	 0.021149
8.306900 	 7.217072 	 -0.000245 	 0.019531
8.353578 	 7.207886 	 -0.000863 	 0.020447
8.400256 	 7.208527 	 -0.001459 	 0.020294
8.446481 	 7.206116 	 0.000213 	 0.023315
8.497691 	 7.226471 	 -0.001779 	 0.020599
8.537572 	 7.213165 	 -0.001374 	 0.021179
8.586969 	 7.212219 	 -0.000117 	 0.020111
8.632288 	 7.215851 	 -0.000810 	 0.020966
8.680779 	 7.212494 	 0.000096 	 0.023499
8.722925 	 7.210083 	 -0.000639 	 0.022156
8.770509 	 7.233826 	 -0.000724 	 0.022858
8.819453 	 7.217102 	 -0.002791 	 0.020782
8.866132 	 7.206940 	 -0.000202 	 0.021851
8.909184 	 7.220123 	 -0.000266 	 0.022278
8.958128 	 7.220032 	 -0.000447 	 0.021545
9.006166 	 7.204559 	 -0.001395 	 0.021759
9.053751 	 7.209229 	 -0.000075 	 0.022797

 Z Turning Point (V) = 2.795105 
 Turning Time Delay (ms) = 0 
 SEN (V) =  
 App. Driving Voltage (mVrms) = 0.300000 
 App. Vias. Voltage (V) = 0.000000 
 App. Del Z (Bit) = -10 
 App. Delay Time (ms) = 1000 
 App. Velocity (nm/s) = -0.045319 
 Ret. Driving Voltage (mVrms) = 0.300000 
 Ret. Vias. Voltage (V) = 0.000000 
 Ret. Del Z (Bit) = -10 
 Ret. Delay Time (ms) = 1000 
 Ret. Velocity (nm/s) = -0.045319 
  
 Data Array Size = 358 
 Frequency (Hz) = sen.
 
