10.721022 	 7.204620 	 -0.000234 	 0.026611
10.674344 	 7.203125 	 0.000138 	 0.022522
10.627213 	 7.206238 	 0.000415 	 0.026337
10.582800 	 7.201538 	 0.000969 	 0.027130
10.534309 	 7.190430 	 0.001076 	 0.028046
10.487178 	 7.197388 	 0.001055 	 0.027313
10.440953 	 7.204041 	 0.000266 	 0.025391
10.392915 	 7.196259 	 -0.000043 	 0.025513
10.348503 	 7.208923 	 -0.000426 	 0.022797
10.303185 	 7.203278 	 0.002120 	 0.025940
10.256053 	 7.200287 	 0.000245 	 0.025757
10.207562 	 7.189056 	 0.001236 	 0.025208
10.164056 	 7.205719 	 0.000820 	 0.024750
10.116472 	 7.202576 	 -0.000266 	 0.026520
10.065715 	 7.206207 	 -0.000064 	 0.023743
10.023569 	 7.195465 	 0.000479 	 0.025452
9.978703 	 7.209351 	 0.002077 	 0.025635
9.930212 	 7.205536 	 0.001097 	 0.027313
9.884441 	 7.198578 	 0.001172 	 0.027649
9.835497 	 7.204254 	 0.000874 	 0.026031
9.787912 	 7.206970 	 0.001566 	 0.025940
9.743953 	 7.196991 	 0.000650 	 0.026184
9.696822 	 7.202454 	 0.001161 	 0.027130
9.653769 	 7.209137 	 0.000341 	 0.025391
9.606638 	 7.200562 	 0.000373 	 0.025360
9.559506 	 7.210205 	 0.001108 	 0.026276
9.513281 	 7.207367 	 -0.000309 	 0.024658
9.468416 	 7.193268 	 0.000682 	 0.025146
9.421284 	 7.204315 	 0.001087 	 0.024719
9.372340 	 7.208771 	 0.001236 	 0.026611
9.329288 	 7.198364 	 -0.000352 	 0.025574
9.281250 	 7.214386 	 0.000277 	 0.024078
9.236838 	 7.203491 	 0.001065 	 0.026642
9.186081 	 7.191498 	 0.000895 	 0.026123
9.141216 	 7.201080 	 0.000298 	 0.024414
9.098163 	 7.195221 	 0.000810 	 0.025269
9.049219 	 7.203583 	 0.000884 	 0.025208
9.002541 	 7.203278 	 0.001438 	 0.025818
8.955409 	 7.206909 	 0.001406 	 0.027252
8.908731 	 7.194611 	 0.001577 	 0.027191
8.863412 	 7.201416 	 0.000852 	 0.029022
8.816281 	 7.195221 	 0.000767 	 0.028351
8.770963 	 7.203186 	 0.001236 	 0.027740
8.723378 	 7.204987 	 0.001587 	 0.029266
8.678059 	 7.201813 	 0.000511 	 0.027496
8.633194 	 7.207184 	 0.000000 	 0.026031
8.585609 	 7.209503 	 -0.000383 	 0.025360
8.538025 	 7.204498 	 0.001001 	 0.024353
8.492253 	 7.196045 	 0.000288 	 0.025330
8.444669 	 7.201508 	 0.000277 	 0.025177
8.397537 	 7.192413 	 0.000778 	 0.025787
8.354485 	 7.212677 	 0.000692 	 0.026001
8.305540 	 7.199188 	 0.000629 	 0.026642
8.258409 	 7.214203 	 0.001129 	 0.025452
8.213091 	 7.205994 	 0.000096 	 0.025452
8.168225 	 7.209290 	 -0.000724 	 0.023895
8.121547 	 7.197449 	 0.001214 	 0.024261
8.071243 	 7.193207 	 0.001609 	 0.028931
8.028644 	 7.203186 	 -0.000671 	 0.025391
7.983778 	 7.202423 	 0.000991 	 0.026001
7.935741 	 7.201477 	 0.001225 	 0.026917
7.886797 	 7.201385 	 0.000543 	 0.025879
7.842384 	 7.209137 	 0.001385 	 0.026489
7.795706 	 7.191040 	 0.001278 	 0.026886
7.747215 	 7.196075 	 -0.000309 	 0.025116
7.704616 	 7.196808 	 0.001459 	 0.026642
7.654765 	 7.200958 	 0.000714 	 0.027496
7.609447 	 7.198608 	 -0.000202 	 0.025055
7.563222 	 7.206512 	 -0.000202 	 0.023682
7.517903 	 7.209167 	 0.000469 	 0.024933
7.473491 	 7.197784 	 0.001033 	 0.025482
7.426813 	 7.199219 	 0.000884 	 0.027252
7.378322 	 7.201538 	 0.001150 	 0.025818
7.330284 	 7.184479 	 0.000575 	 0.026062
7.288138 	 7.213501 	 0.000820 	 0.026764
7.240553 	 7.198547 	 0.000277 	 0.024719
7.192516 	 7.200256 	 0.001023 	 0.024780
7.146744 	 7.204590 	 0.000980 	 0.024841
7.100972 	 7.184540 	 0.001023 	 0.024719
7.054294 	 7.199158 	 0.000937 	 0.026489
7.007616 	 7.203888 	 0.001513 	 0.026154
6.961391 	 7.202881 	 0.001470 	 0.027496
6.914259 	 7.205414 	 0.001672 	 0.028870
6.868941 	 7.200043 	 0.000181 	 0.026672
6.823169 	 7.201385 	 0.000671 	 0.026886
6.775131 	 7.204559 	 0.000138 	 0.024658
6.729359 	 7.208191 	 0.001119 	 0.023804
6.682681 	 7.191467 	 0.001012 	 0.024811
6.636456 	 7.196960 	 0.000309 	 0.026672
6.590685 	 7.200226 	 0.000245 	 0.025696
6.545819 	 7.201508 	 0.000415 	 0.023712
6.497328 	 7.203400 	 0.001726 	 0.025940
6.452463 	 7.204376 	 0.000895 	 0.028229
6.405331 	 7.207214 	 0.001204 	 0.026672
6.358653 	 7.194427 	 0.002067 	 0.029114
6.311522 	 7.201385 	 0.003228 	 0.029663
6.263031 	 7.214539 	 0.000053 	 0.026703
6.222697 	 7.201508 	 0.001257 	 0.028290
6.171941 	 7.193085 	 0.000916 	 0.027496
6.127528 	 7.202576 	 0.001140 	 0.027740
6.078131 	 7.204071 	 0.001523 	 0.028229
6.031453 	 7.209259 	 0.001321 	 0.028320
5.986588 	 7.204407 	 0.000107 	 0.025848
5.941269 	 7.200165 	 0.001001 	 0.026031
5.892325 	 7.209991 	 0.000075 	 0.024475
5.847913 	 7.204407 	 0.001268 	 0.026428
5.801688 	 7.204315 	 0.000043 	 0.025024
5.753650 	 7.202698 	 0.001939 	 0.027252
5.706972 	 7.201508 	 0.000927 	 0.027710
5.662560 	 7.195404 	 0.000607 	 0.026001
5.615881 	 7.200134 	 0.000415 	 0.025879
5.571922 	 7.212250 	 -0.000149 	 0.024170
5.524338 	 7.196045 	 0.001747 	 0.027771
5.475394 	 7.193665 	 0.002546 	 0.028503
5.425090 	 7.203827 	 0.000927 	 0.029022
5.386116 	 7.204102 	 0.002386 	 0.029205
5.335359 	 7.209015 	 0.000213 	 0.023895
5.290947 	 7.209045 	 0.001065 	 0.024200
5.241550 	 7.195557 	 0.000597 	 0.026062
5.196684 	 7.212280 	 0.001129 	 0.024994
5.149100 	 7.204193 	 0.002173 	 0.028503
5.102875 	 7.210266 	 0.001108 	 0.027130
5.057103 	 7.204376 	 0.000181 	 0.026947
5.010425 	 7.197357 	 0.000490 	 0.025238
4.966466 	 7.201874 	 0.001758 	 0.025787
4.917522 	 7.187195 	 0.000320 	 0.026398
4.871297 	 7.199280 	 0.000842 	 0.024933
4.824619 	 7.196167 	 0.002322 	 0.027405
4.781566 	 7.199066 	 0.001502 	 0.029327
4.729903 	 7.200287 	 -0.000192 	 0.026459
4.686850 	 7.198914 	 0.001044 	 0.026855
4.637453 	 7.202972 	 0.001214 	 0.026459
4.596666 	 7.199036 	 0.000160 	 0.023621
4.547269 	 7.195221 	 0.002120 	 0.026428
4.499231 	 7.197235 	 0.000959 	 0.026215
4.453006 	 7.212341 	 0.000692 	 0.024109
4.408141 	 7.190338 	 0.001683 	 0.026093
4.361462 	 7.201294 	 0.000117 	 0.026978
4.315237 	 7.204163 	 0.000660 	 0.027100
4.270825 	 7.203217 	 0.001971 	 0.027222
4.223694 	 7.178192 	 0.000639 	 0.027557
4.177922 	 7.193939 	 0.001395 	 0.028229
4.127618 	 7.194305 	 0.002131 	 0.028290
4.085925 	 7.194336 	 0.001023 	 0.029022
4.037434 	 7.197845 	 0.000948 	 0.028046
3.988943 	 7.195557 	 0.000639 	 0.027435
3.942719 	 7.199310 	 0.001513 	 0.026886
3.900572 	 7.201691 	 0.001438 	 0.026733
3.848456 	 7.194061 	 -0.000064 	 0.025421
3.806763 	 7.195404 	 0.000107 	 0.025513
3.757819 	 7.214355 	 0.000011 	 0.024078
3.709781 	 7.190369 	 0.002184 	 0.025970
3.665369 	 7.197479 	 -0.000671 	 0.024384
3.620503 	 7.200104 	 0.000138 	 0.023499
3.571559 	 7.200409 	 0.001385 	 0.028168
3.525334 	 7.212311 	 0.000650 	 0.026886
3.479109 	 7.207520 	 -0.000788 	 0.025269
3.437416 	 7.206818 	 0.002067 	 0.026886
3.386206 	 7.157776 	 0.012836 	 0.038971
3.339075 	 7.136627 	 0.013081 	 0.049591
3.293303 	 7.126343 	 0.015212 	 0.056427
3.246172 	 7.120117 	 0.013156 	 0.062286
3.200400 	 7.140442 	 0.013412 	 0.058807
3.155988 	 7.124939 	 0.011782 	 0.057495
3.109309 	 7.124176 	 0.015542 	 0.061401
3.063084 	 7.134216 	 0.015020 	 0.062775
3.015047 	 7.128113 	 0.014285 	 0.064453
2.969275 	 7.128113 	 0.014722 	 0.063751
2.922144 	 7.121368 	 0.014850 	 0.063568
2.875919 	 7.117218 	 0.014839 	 0.063019
2.831960 	 7.120514 	 0.019292 	 0.067017
2.785281 	 7.120911 	 0.017257 	 0.069946
2.739510 	 7.106354 	 0.017204 	 0.070129
2.692831 	 7.108582 	 0.021391 	 0.073181
2.644341 	 7.102997 	 0.017353 	 0.073792
2.601288 	 7.098969 	 0.020347 	 0.073151
2.554610 	 7.109497 	 0.023020 	 0.079895
2.507932 	 7.102356 	 0.019675 	 0.078003
2.459441 	 7.107117 	 0.023084 	 0.079437
2.412309 	 7.091278 	 0.024288 	 0.082916
2.370163 	 7.095551 	 0.021220 	 0.081818
2.322578 	 7.049866 	 0.029476 	 0.089722
2.274088 	 7.030609 	 0.029550 	 0.097778
2.228316 	 7.035187 	 0.031692 	 0.101654
2.182091 	 7.038208 	 0.028112 	 0.100647
2.136319 	 7.040863 	 0.028475 	 0.100739
2.086922 	 7.035034 	 0.026610 	 0.096832
2.041603 	 7.032532 	 0.029220 	 0.101440
1.995378 	 7.019287 	 0.027356 	 0.099487
1.950966 	 7.006409 	 0.028666 	 0.098785
1.905194 	 7.011047 	 0.027676 	 0.099854
1.856250 	 7.018311 	 0.029487 	 0.100708
1.810478 	 7.012299 	 0.029050 	 0.100311
1.763800 	 7.002594 	 0.032267 	 0.103027
1.715762 	 6.992920 	 0.030530 	 0.104553
1.669537 	 6.991211 	 0.031660 	 0.107849
1.625578 	 6.995209 	 0.032278 	 0.108734
1.576181 	 6.978180 	 0.035431 	 0.118195
1.533128 	 6.974365 	 0.035910 	 0.119232
1.484637 	 6.968170 	 0.034355 	 0.117493
1.439319 	 6.972290 	 0.037369 	 0.119049
1.395360 	 6.951538 	 0.039308 	 0.123077
1.345963 	 6.954895 	 0.038381 	 0.124756
1.300191 	 6.932343 	 0.040001 	 0.126587
1.249887 	 6.941925 	 0.037987 	 0.127380
1.210913 	 6.919159 	 0.041833 	 0.128876
1.159250 	 6.930969 	 0.039990 	 0.130005
1.113931 	 6.885162 	 0.043516 	 0.134064
1.065440 	 6.902588 	 0.039830 	 0.130920
1.022841 	 6.860321 	 0.044358 	 0.134247
0.975256 	 6.812347 	 0.048917 	 0.142609
0.927672 	 6.792114 	 0.052763 	 0.151917
0.882806 	 6.750122 	 0.052869 	 0.159790
0.837488 	 6.651062 	 0.059048 	 0.169678
0.792169 	 6.611877 	 0.062510 	 0.179413
0.740959 	 6.626190 	 0.068560 	 0.192261
0.697000 	 6.508331 	 0.068422 	 0.197449
0.650775 	 6.445587 	 0.076475 	 0.211304
0.602737 	 6.317139 	 0.087810 	 0.230865
0.560138 	 6.060577 	 0.120300 	 0.279175
0.509381 	 5.750122 	 0.165958 	 0.360657
0.464969 	 5.864868 	 0.138239 	 0.386292
0.419197 	 5.671967 	 0.169942 	 0.427612
0.377957 	 5.365509 	 0.209974 	 0.491272
0.327200 	 5.188507 	 0.247173 	 0.577820
0.278256 	 4.951233 	 0.288814 	 0.673645
0.232031 	 4.730804 	 0.327292 	 0.775482
0.186713 	 4.532959 	 0.359964 	 0.869476
0.139581 	 4.297699 	 0.410074 	 0.978180
0.094716 	 3.947205 	 0.470208 	 1.111664
0.044865 	 3.824371 	 0.513692 	 1.239532
0.000000 	 3.526398 	 0.620293 	 1.422607
0.000906 	 3.508514 	 0.636730 	 1.571472
0.043053 	 3.662872 	 0.559104 	 1.556274
0.091997 	 3.797150 	 0.536382 	 1.500183
0.141394 	 4.030853 	 0.467800 	 1.396027
0.184447 	 4.292603 	 0.454112 	 1.307251
0.232938 	 4.686279 	 0.313603 	 1.116364
0.279616 	 4.938782 	 0.268468 	 0.927826
0.328107 	 5.218262 	 0.220041 	 0.773071
0.371159 	 5.159363 	 0.259754 	 0.727753
0.417838 	 5.570618 	 0.176184 	 0.633698
0.465875 	 5.769928 	 0.144706 	 0.524933
0.511194 	 5.791870 	 0.151129 	 0.469360
0.558325 	 6.044800 	 0.115730 	 0.411133
0.604550 	 6.162201 	 0.108242 	 0.361664
0.651228 	 6.259430 	 0.101882 	 0.329163
0.697000 	 6.395142 	 0.092060 	 0.310425
0.742319 	 6.400787 	 0.087362 	 0.282471
0.789450 	 6.602997 	 0.071841 	 0.254761
0.837035 	 6.648224 	 0.062233 	 0.224152
0.881447 	 6.632812 	 0.066057 	 0.209839
0.928125 	 6.669952 	 0.068028 	 0.207916
0.971631 	 6.746979 	 0.062946 	 0.202454
1.024200 	 6.790009 	 0.052358 	 0.186615
1.066800 	 6.818024 	 0.056235 	 0.179901
1.112119 	 6.828064 	 0.053604 	 0.172668
1.163329 	 6.868927 	 0.059197 	 0.176697
1.209100 	 6.876892 	 0.048789 	 0.168121
1.253966 	 6.889160 	 0.049844 	 0.162506
1.298831 	 6.897064 	 0.049929 	 0.160461
1.345509 	 6.916901 	 0.045977 	 0.153595
1.393547 	 6.929291 	 0.045785 	 0.150696
1.437053 	 6.941162 	 0.042781 	 0.145111
1.485544 	 6.920837 	 0.048384 	 0.148560
1.531769 	 6.944733 	 0.047244 	 0.149536
1.577994 	 6.954498 	 0.046829 	 0.151947
1.626485 	 6.951569 	 0.046030 	 0.149078
1.669991 	 6.973358 	 0.043889 	 0.143616
1.719388 	 6.967224 	 0.043410 	 0.144196
1.761987 	 6.974487 	 0.040555 	 0.138031
1.808665 	 6.980774 	 0.041684 	 0.136139
1.858516 	 6.986969 	 0.043484 	 0.137909
1.903381 	 6.976166 	 0.036230 	 0.131134
1.952779 	 6.995026 	 0.037604 	 0.126648
1.997191 	 7.003113 	 0.036421 	 0.125000
2.043416 	 7.011719 	 0.036262 	 0.121979
2.090094 	 7.007996 	 0.040896 	 0.126404
2.137679 	 7.005219 	 0.036379 	 0.124573
2.181184 	 6.995636 	 0.039915 	 0.125916
2.228769 	 7.016785 	 0.042813 	 0.132751
2.273181 	 7.013855 	 0.036645 	 0.128845
2.320312 	 7.020386 	 0.034376 	 0.123138
2.369710 	 7.018280 	 0.033428 	 0.118744
2.415028 	 7.004974 	 0.039383 	 0.120819
2.460800 	 7.018341 	 0.038403 	 0.124878
2.507025 	 7.020020 	 0.035090 	 0.122589
2.553703 	 7.031219 	 0.038339 	 0.122528
2.602647 	 7.030212 	 0.037476 	 0.122192
2.644794 	 7.030426 	 0.035686 	 0.121521
2.696910 	 7.034058 	 0.040981 	 0.123230
2.737244 	 7.034027 	 0.035835 	 0.122345
2.787094 	 7.037201 	 0.036581 	 0.122528
2.832413 	 7.042267 	 0.035942 	 0.121002
2.877731 	 7.053925 	 0.035164 	 0.120239
2.924409 	 7.033936 	 0.034941 	 0.117371
2.969275 	 7.051910 	 0.036688 	 0.119446
3.016859 	 7.049377 	 0.034461 	 0.118225
3.063084 	 7.043396 	 0.034014 	 0.113770
3.111122 	 7.056030 	 0.034227 	 0.114594
3.157347 	 7.053131 	 0.036517 	 0.116608
3.200400 	 7.053406 	 0.034429 	 0.117645
3.250250 	 7.052429 	 0.033385 	 0.114380
3.294662 	 7.064392 	 0.036123 	 0.116882
3.343153 	 7.124115 	 0.020762 	 0.103638
3.387112 	 7.118439 	 0.020400 	 0.089935
3.431525 	 7.120026 	 0.021912 	 0.085693
3.479562 	 7.128357 	 0.022978 	 0.085907
3.523975 	 7.129852 	 0.022381 	 0.084412
3.573825 	 7.133575 	 0.023148 	 0.083099
3.619597 	 7.121735 	 0.022818 	 0.086029
3.668541 	 7.128510 	 0.022861 	 0.085114
3.711140 	 7.137238 	 0.022679 	 0.084625
3.757365 	 7.133789 	 0.020858 	 0.084229
3.803590 	 7.122864 	 0.022445 	 0.084259
3.852988 	 7.140900 	 0.024150 	 0.087250
3.897400 	 7.133881 	 0.019782 	 0.082916
3.944984 	 7.144257 	 0.022434 	 0.082520
3.992116 	 7.136108 	 0.022861 	 0.083374
4.034262 	 7.140869 	 0.022371 	 0.083832
4.082300 	 7.155121 	 0.020219 	 0.081665
4.129431 	 7.165283 	 0.023159 	 0.084106
4.174297 	 7.150391 	 0.020357 	 0.080902
4.222334 	 7.146637 	 0.021284 	 0.082184
4.270825 	 7.152191 	 0.020581 	 0.082764
4.313425 	 7.148163 	 0.019185 	 0.079437
4.362369 	 7.155090 	 0.022232 	 0.080322
4.408141 	 7.159332 	 0.021369 	 0.082733
4.452553 	 7.141083 	 0.020187 	 0.080719
4.501497 	 7.153168 	 0.018003 	 0.077545
4.546815 	 7.154144 	 0.017705 	 0.073425
4.593494 	 7.152039 	 0.017715 	 0.073883
4.639265 	 7.167969 	 0.015372 	 0.070190
4.685037 	 7.152100 	 0.015468 	 0.066498
4.731715 	 7.174194 	 0.014914 	 0.066956
4.777034 	 7.201508 	 0.000032 	 0.048309
4.823712 	 7.201538 	 -0.000415 	 0.035858
4.872656 	 7.206055 	 0.001076 	 0.030090
4.917522 	 7.211548 	 -0.000394 	 0.027863
4.965106 	 7.201202 	 0.000874 	 0.029175
5.011331 	 7.197357 	 0.000224 	 0.027893
5.058009 	 7.195190 	 0.000543 	 0.025543
5.106953 	 7.196381 	 0.002131 	 0.028778
5.152272 	 7.202881 	 0.002152 	 0.028778
5.200310 	 7.205292 	 -0.000021 	 0.025757
5.246535 	 7.212891 	 0.000149 	 0.025757
5.289587 	 7.193237 	 0.001076 	 0.026367
5.334453 	 7.208435 	 0.000895 	 0.025940
5.383850 	 7.193359 	 0.000298 	 0.026001
5.429169 	 7.205994 	 0.000202 	 0.024689
5.476300 	 7.203827 	 -0.001076 	 0.023865
5.521165 	 7.195435 	 0.000607 	 0.022766
5.567844 	 7.202240 	 -0.000660 	 0.021667
5.616335 	 7.199127 	 -0.000277 	 0.022736
5.660294 	 7.201477 	 0.000991 	 0.023163
5.706972 	 7.207184 	 0.000138 	 0.021454
5.754103 	 7.208405 	 0.000288 	 0.021393
5.799875 	 7.193176 	 0.001917 	 0.025085
5.848366 	 7.198425 	 0.000714 	 0.025665
5.892325 	 7.214203 	 0.000128 	 0.024811
5.940816 	 7.197601 	 0.000117 	 0.025085
5.984322 	 7.201385 	 -0.000149 	 0.026581
6.034172 	 7.200653 	 0.000256 	 0.024536
6.079491 	 7.192963 	 0.001332 	 0.026062
6.127982 	 7.200043 	 0.000671 	 0.023956
6.171034 	 7.203217 	 0.000618 	 0.024261
6.217259 	 7.195435 	 0.000192 	 0.026031
6.263937 	 7.192810 	 0.002013 	 0.025726
6.312428 	 7.204346 	 -0.000181 	 0.025696
6.360013 	 7.194336 	 -0.000565 	 0.023285
6.405331 	 7.199432 	 0.001694 	 0.025787
6.448384 	 7.206970 	 0.000607 	 0.026093
6.498688 	 7.197571 	 0.000629 	 0.026245
6.542194 	 7.204102 	 0.000011 	 0.023895
6.587965 	 7.202057 	 0.001981 	 0.026062
6.635550 	 7.196045 	 0.001012 	 0.027039
6.680869 	 7.200287 	 0.001278 	 0.027161
6.729813 	 7.201294 	 0.001012 	 0.026306
6.775131 	 7.203278 	 0.002439 	 0.027954
6.821356 	 7.205170 	 0.000543 	 0.025208
6.868034 	 7.203339 	 0.000533 	 0.028503
6.915166 	 7.197571 	 0.001140 	 0.076874
6.958672 	 7.206268 	 0.001055 	 0.048859
7.008522 	 7.202393 	 0.000927 	 0.036896
7.057013 	 7.203003 	 -0.000820 	 0.030182
7.100519 	 7.196259 	 -0.000096 	 0.026062
7.145837 	 7.213135 	 0.000383 	 0.025238
7.194781 	 7.209381 	 0.000096 	 0.025360
7.239194 	 7.203156 	 0.000213 	 0.023865
7.288591 	 7.200165 	 0.001949 	 0.025818
7.329378 	 7.201752 	 0.001300 	 0.029663
7.381494 	 7.211334 	 0.000671 	 0.025513

 Z Turning Point (V) = 3.318817 
 Turning Time Delay (ms) = 0 
 SEN (V) =  
 App. Driving Voltage (mVrms) = 0.300000 
 App. Vias. Voltage (V) = 0.000000 
 App. Del Z (Bit) = -10 
 App. Delay Time (ms) = 1000 
 App. Velocity (nm/s) = -0.045319 
 Ret. Driving Voltage (mVrms) = 0.300000 
 Ret. Vias. Voltage (V) = 0.000000 
 Ret. Del Z (Bit) = -10 
 Ret. Delay Time (ms) = 1000 
 Ret. Velocity (nm/s) = -0.045319 
  
 Data Array Size = 392 
 Frequency (Hz) = sen.
 
