8.167772 	 7.217102 	 0.000671 	 0.026825
8.121547 	 7.223267 	 -0.000330 	 0.024658
8.074869 	 7.219025 	 -0.002876 	 0.021362
8.027737 	 7.208191 	 -0.002866 	 0.019135
7.979700 	 7.227295 	 -0.000916 	 0.020355
7.934834 	 7.217041 	 0.000362 	 0.021484
7.887703 	 7.222321 	 -0.004964 	 0.014587
7.841025 	 7.208435 	 -0.003260 	 0.014465
7.795253 	 7.214539 	 -0.001214 	 0.016754
7.752200 	 7.221161 	 0.000341 	 0.021057
7.702350 	 7.225769 	 -0.002333 	 0.019287
7.658391 	 7.213013 	 -0.001971 	 0.019806
7.610806 	 7.219391 	 -0.000213 	 0.021057
7.563222 	 7.222504 	 -0.000692 	 0.021301
7.516997 	 7.226532 	 -0.001236 	 0.022095
7.473944 	 7.215942 	 -0.001566 	 0.020508
7.428172 	 7.212341 	 -0.000874 	 0.023224
7.379228 	 7.218231 	 -0.000096 	 0.022308
7.329378 	 7.222046 	 -0.000724 	 0.022888
7.285872 	 7.219238 	 -0.001609 	 0.020752
7.238287 	 7.222290 	 -0.000373 	 0.022614
7.192969 	 7.222351 	 0.000256 	 0.022919
7.144025 	 7.222443 	 -0.001268 	 0.021484
7.100519 	 7.222961 	 -0.000852 	 0.021973
7.054294 	 7.225281 	 -0.001566 	 0.019501
7.007162 	 7.215942 	 -0.000820 	 0.020966
6.960031 	 7.214111 	 -0.001246 	 0.021149
6.918338 	 7.222656 	 -0.001491 	 0.020813
6.867581 	 7.210236 	 -0.001481 	 0.020264
6.821356 	 7.217010 	 0.000021 	 0.021912
6.776491 	 7.217133 	 -0.001332 	 0.021942
6.729813 	 7.202209 	 -0.002013 	 0.019531
6.681775 	 7.226440 	 -0.001129 	 0.019836
6.634644 	 7.215729 	 -0.001193 	 0.021210
6.591138 	 7.205811 	 -0.000724 	 0.021545
6.542647 	 7.211334 	 -0.001779 	 0.020172
6.495515 	 7.232117 	 -0.000362 	 0.021057
6.449744 	 7.222290 	 -0.000181 	 0.021515
6.405785 	 7.209991 	 -0.001172 	 0.022766
6.359106 	 7.221191 	 -0.001981 	 0.021362
6.312881 	 7.215240 	 -0.003068 	 0.018890
6.267110 	 7.208862 	 -0.001577 	 0.015961
6.219525 	 7.225128 	 -0.000980 	 0.019775
6.171487 	 7.221069 	 -0.001502 	 0.019928
6.126169 	 7.222229 	 -0.002610 	 0.019196
6.079944 	 7.222137 	 -0.002312 	 0.018433
6.033719 	 7.214111 	 -0.000639 	 0.018555
5.987041 	 7.210144 	 -0.001193 	 0.020172
5.941722 	 7.228577 	 -0.000469 	 0.021729
5.894591 	 7.213257 	 -0.001683 	 0.021851
5.846553 	 7.213074 	 -0.001768 	 0.021149
5.798969 	 7.223175 	 -0.001395 	 0.021301
5.755916 	 7.217072 	 -0.000767 	 0.020660
5.708784 	 7.210205 	 -0.002056 	 0.019714
5.666638 	 7.231262 	 -0.001193 	 0.020569
5.616335 	 7.213959 	 -0.001364 	 0.020020
5.571922 	 7.213226 	 -0.001332 	 0.016846
5.525697 	 7.212799 	 -0.001257 	 0.018036
5.477660 	 7.229065 	 -0.001353 	 0.019836
5.432341 	 7.228302 	 -0.001992 	 0.019226
5.384756 	 7.206146 	 -0.000618 	 0.021698
5.339438 	 7.208557 	 -0.001704 	 0.020538
5.290041 	 7.214172 	 -0.000256 	 0.021790
5.242456 	 7.220154 	 -0.001278 	 0.021088
5.198497 	 7.214020 	 -0.001087 	 0.021759
5.155444 	 7.215027 	 -0.001822 	 0.020630
5.104234 	 7.210266 	 -0.001523 	 0.018341
5.062088 	 7.212677 	 -0.001545 	 0.021423
5.014050 	 7.226501 	 -0.001886 	 0.019440
4.972357 	 7.219604 	 -0.000032 	 0.021698
4.919334 	 7.207031 	 -0.000980 	 0.020996
4.877188 	 7.223114 	 -0.000724 	 0.021912
4.828244 	 7.206909 	 -0.002067 	 0.019897
4.781113 	 7.212891 	 -0.000479 	 0.021362
4.737154 	 7.217346 	 -0.000341 	 0.021942
4.688210 	 7.214050 	 -0.000810 	 0.024445
4.640172 	 7.236206 	 -0.003483 	 0.019531
4.597572 	 7.220184 	 -0.000884 	 0.018219
4.548175 	 7.216125 	 -0.001843 	 0.019348
4.502403 	 7.230164 	 -0.000373 	 0.020081
4.453006 	 7.205200 	 -0.002205 	 0.019897
4.409047 	 7.213165 	 -0.002194 	 0.018860
4.364635 	 7.220123 	 -0.002141 	 0.018860
4.316144 	 7.222504 	 -0.002141 	 0.018494
4.270825 	 7.213257 	 -0.002663 	 0.018463
4.222787 	 7.220367 	 -0.000895 	 0.019043
4.178828 	 7.206055 	 -0.000831 	 0.021851
4.129884 	 7.220154 	 -0.002823 	 0.018341
4.085925 	 7.207214 	 -0.001427 	 0.018555
4.037434 	 7.218048 	 -0.001449 	 0.021179
3.990303 	 7.210785 	 -0.001800 	 0.018982
3.945891 	 7.219818 	 -0.001758 	 0.020111
3.898306 	 7.212463 	 -0.000298 	 0.021210
3.853441 	 7.222137 	 -0.002727 	 0.019287
3.806763 	 7.222229 	 0.000660 	 0.019470
3.758725 	 7.213318 	 -0.001960 	 0.019257
3.713406 	 7.228149 	 -0.002131 	 0.019592
3.667181 	 7.217102 	 -0.001214 	 0.020813
3.617331 	 7.222626 	 -0.000575 	 0.019928
3.573825 	 7.217224 	 -0.001768 	 0.019623
3.528506 	 7.209991 	 -0.001843 	 0.019257
3.485454 	 7.219299 	 -0.001917 	 0.017578
3.436057 	 7.226105 	 -0.000746 	 0.020416
3.390738 	 7.222290 	 -0.001704 	 0.020508
3.343153 	 7.187195 	 0.006722 	 0.029510
3.299648 	 7.150330 	 0.011292 	 0.041473
3.252516 	 7.139496 	 0.011814 	 0.047668
3.204932 	 7.146149 	 0.011356 	 0.052094
3.160519 	 7.139313 	 0.011313 	 0.051971
3.112482 	 7.161041 	 0.012773 	 0.054779
3.064897 	 7.142120 	 0.011878 	 0.053406
3.017766 	 7.146301 	 0.011697 	 0.056885
2.971088 	 7.150787 	 0.012336 	 0.056122
2.925316 	 7.138123 	 0.019494 	 0.064941
2.879544 	 7.145172 	 0.013348 	 0.063873
2.835585 	 7.126892 	 0.011835 	 0.057983
2.788907 	 7.129456 	 0.013295 	 0.058441
2.740869 	 7.136169 	 0.013369 	 0.058411
2.693285 	 7.128967 	 0.011409 	 0.055115
2.647966 	 7.117187 	 0.013348 	 0.057770
2.599022 	 7.121185 	 0.014402 	 0.057373
2.554610 	 7.130219 	 0.013561 	 0.060272
2.507478 	 7.118591 	 0.011196 	 0.056335
2.465332 	 7.122101 	 0.012900 	 0.055695
2.415935 	 7.114197 	 0.014168 	 0.056610
2.367897 	 7.117126 	 0.015691 	 0.062256
2.319859 	 7.112946 	 0.012432 	 0.059052
2.277713 	 7.108093 	 0.012410 	 0.058228
2.231488 	 7.112457 	 0.012155 	 0.056915
2.181638 	 7.119751 	 0.011345 	 0.055298
2.137679 	 7.110107 	 0.011974 	 0.056244
2.091907 	 7.098145 	 0.011505 	 0.054962
2.043869 	 7.105225 	 0.012794 	 0.056000
1.995831 	 7.100159 	 0.012996 	 0.058472
1.950060 	 7.081512 	 0.014456 	 0.059418
1.904741 	 7.094116 	 0.013401 	 0.060394
1.858969 	 7.089905 	 0.019441 	 0.066193
1.811385 	 7.089691 	 0.016416 	 0.067352
1.764253 	 7.091431 	 0.014999 	 0.066071
1.718028 	 7.078064 	 0.015414 	 0.064392
1.674069 	 7.064911 	 0.016394 	 0.066528
1.623312 	 7.071350 	 0.014008 	 0.065002
1.579353 	 7.047089 	 0.021050 	 0.069275
1.533128 	 7.058868 	 0.020869 	 0.075775
1.484184 	 7.050873 	 0.016256 	 0.072723
1.438866 	 7.039978 	 0.023798 	 0.079041
1.393094 	 7.025085 	 0.020325 	 0.078217
1.347322 	 7.051819 	 0.018855 	 0.076752
1.301550 	 7.062347 	 0.017928 	 0.074585
1.253059 	 7.040955 	 0.016309 	 0.071716
1.209554 	 7.016174 	 0.021114 	 0.073883
1.161969 	 6.974121 	 0.032160 	 0.088623
1.112572 	 6.966766 	 0.031180 	 0.097351
1.067253 	 6.971466 	 0.031106 	 0.102417
1.021481 	 6.949219 	 0.024416 	 0.096039
0.971631 	 6.938995 	 0.024661 	 0.093323
0.927219 	 6.897614 	 0.028325 	 0.094574
0.882353 	 6.865143 	 0.029156 	 0.097809
0.837488 	 6.823883 	 0.036230 	 0.108276
0.788997 	 6.698669 	 0.039937 	 0.118042
0.743225 	 6.638977 	 0.044326 	 0.129913
0.697000 	 6.515625 	 0.059186 	 0.150543
0.652135 	 6.356110 	 0.062329 	 0.169281
0.604550 	 5.894196 	 0.121738 	 0.242157
0.557419 	 5.690887 	 0.157222 	 0.336304
0.509834 	 5.902649 	 0.107560 	 0.337311
0.463609 	 5.933868 	 0.106654 	 0.320618
0.417838 	 5.626953 	 0.126287 	 0.333160
0.370253 	 5.031281 	 0.200600 	 0.422974
0.325388 	 4.730469 	 0.294386 	 0.591614
0.280975 	 4.791687 	 0.255291 	 0.664551
0.232484 	 4.493805 	 0.311931 	 0.742371
0.188525 	 4.365326 	 0.313720 	 0.801056
0.139128 	 4.028046 	 0.427107 	 0.945587
0.091997 	 3.824310 	 0.447177 	 1.078705
0.043959 	 3.452881 	 0.645444 	 1.353455
0.000000 	 3.216583 	 0.667079 	 1.578705
0.044865 	 3.451263 	 0.632341 	 1.651611
0.093810 	 3.623230 	 0.551732 	 1.586365
0.140941 	 3.977661 	 0.438388 	 1.409760
0.186713 	 4.202393 	 0.377892 	 1.224792
0.234297 	 4.412994 	 0.317055 	 1.052643
0.279163 	 4.620605 	 0.280228 	 0.912994
0.324934 	 4.712555 	 0.299510 	 0.854706
0.372066 	 5.113434 	 0.197404 	 0.729919
0.418744 	 5.261536 	 0.182352 	 0.614960
0.464516 	 5.665863 	 0.122644 	 0.496521
0.510741 	 5.707123 	 0.124711 	 0.421844
0.559232 	 5.915131 	 0.099996 	 0.361298
0.601831 	 6.033813 	 0.084550 	 0.309052
0.651682 	 6.242096 	 0.065194 	 0.257172
0.699266 	 6.087158 	 0.084337 	 0.244263
0.741866 	 6.539948 	 0.045774 	 0.206543
0.789903 	 6.609985 	 0.040896 	 0.169586
0.834315 	 6.663788 	 0.037977 	 0.148163
0.880540 	 6.737610 	 0.033588 	 0.131866
0.929938 	 6.796417 	 0.035079 	 0.127380
0.974350 	 6.870972 	 0.028325 	 0.115448
1.020122 	 6.760284 	 0.035132 	 0.117584
1.067706 	 6.922638 	 0.026365 	 0.109283
1.111212 	 6.949860 	 0.024288 	 0.100525
1.159250 	 6.970215 	 0.022861 	 0.093994
1.204568 	 6.969025 	 0.026632 	 0.093262
1.250793 	 6.992065 	 0.021391 	 0.090393
1.299284 	 6.994843 	 0.027143 	 0.090912
1.345509 	 7.004364 	 0.024096 	 0.091614
1.392641 	 7.023743 	 0.018919 	 0.085114
1.437053 	 7.033997 	 0.020986 	 0.080841
1.484184 	 7.047089 	 0.019931 	 0.081146
1.532675 	 7.055176 	 0.017833 	 0.075592
1.577087 	 7.063141 	 0.018887 	 0.075989
1.623312 	 7.057312 	 0.019249 	 0.076019
1.670444 	 7.065308 	 0.015904 	 0.074097
1.715309 	 7.069244 	 0.019462 	 0.071259
1.764253 	 7.083008 	 0.016874 	 0.070862
1.809119 	 7.071625 	 0.017907 	 0.070129
1.858969 	 7.077179 	 0.014978 	 0.068451
1.902928 	 7.090210 	 0.016011 	 0.068817
1.949153 	 7.070587 	 0.019963 	 0.070526
1.994925 	 7.082184 	 0.015372 	 0.069855
2.043416 	 7.079010 	 0.018386 	 0.066254
2.091000 	 7.092133 	 0.016362 	 0.068420
2.135866 	 7.078888 	 0.015148 	 0.065796
2.182091 	 7.084015 	 0.014509 	 0.065826
2.227409 	 7.088013 	 0.014381 	 0.064819
2.276353 	 7.079224 	 0.014349 	 0.063629
2.321672 	 7.081329 	 0.014445 	 0.063812
2.368803 	 7.094666 	 0.016959 	 0.064758
2.418201 	 7.098175 	 0.013816 	 0.063171
2.460800 	 7.116455 	 0.014051 	 0.062286
2.507478 	 7.077026 	 0.018536 	 0.064850
2.553703 	 7.099884 	 0.015010 	 0.066162
2.601288 	 7.090057 	 0.012932 	 0.062256
2.647966 	 7.110046 	 0.015862 	 0.064178
2.691925 	 7.114014 	 0.012538 	 0.061981
2.736790 	 7.116302 	 0.012378 	 0.058136
2.787547 	 7.109283 	 0.015915 	 0.061890
2.830600 	 7.119995 	 0.015350 	 0.063232
2.879544 	 7.115814 	 0.013454 	 0.063477
2.923050 	 7.119110 	 0.014679 	 0.062134
2.970181 	 7.132416 	 0.013018 	 0.059875
3.019125 	 7.125397 	 0.014424 	 0.061218
3.064444 	 7.117035 	 0.013390 	 0.059540
3.111122 	 7.138153 	 0.016852 	 0.063385
3.155081 	 7.136169 	 0.013721 	 0.062225
3.204932 	 7.130096 	 0.012868 	 0.060760
3.247531 	 7.130280 	 0.014019 	 0.059509
3.295569 	 7.137390 	 0.015425 	 0.062317
3.342700 	 7.139069 	 0.014392 	 0.063049
3.393910 	 7.139771 	 0.018930 	 0.067535
3.433337 	 7.133453 	 0.016746 	 0.067719
3.480016 	 7.134094 	 0.017417 	 0.067291
3.527600 	 7.148193 	 0.021145 	 0.072113
3.572466 	 7.146179 	 0.014179 	 0.068634
3.618690 	 7.147278 	 0.012943 	 0.063232
3.667635 	 7.142609 	 0.014765 	 0.061401
3.711594 	 7.149963 	 0.012954 	 0.059906
3.759178 	 7.153931 	 0.011984 	 0.058197
3.806763 	 7.137207 	 0.018397 	 0.063812
3.852081 	 7.143372 	 0.014434 	 0.063019
3.893321 	 7.148773 	 0.014711 	 0.063232
3.940453 	 7.160797 	 0.012890 	 0.062347
3.989397 	 7.162201 	 0.014019 	 0.060516
4.036981 	 7.161469 	 0.014552 	 0.061096
4.082753 	 7.140747 	 0.014232 	 0.062256
4.130791 	 7.149506 	 0.011697 	 0.060425
4.176563 	 7.167450 	 0.012410 	 0.057739
4.221881 	 7.157532 	 0.009076 	 0.053955
4.266747 	 7.159332 	 0.010109 	 0.050751
4.317050 	 7.149872 	 0.010727 	 0.050751
4.359650 	 7.161224 	 0.009896 	 0.050476
4.405875 	 7.179138 	 0.007723 	 0.048126
4.451193 	 7.180298 	 0.008948 	 0.047943
4.499684 	 7.165344 	 0.011047 	 0.048615
4.545003 	 7.160950 	 0.008948 	 0.049713
4.592134 	 7.164154 	 0.007436 	 0.044952
4.641531 	 7.169800 	 0.007840 	 0.044189
4.685944 	 7.171600 	 0.010109 	 0.047333
4.733981 	 7.176910 	 0.006072 	 0.046204
4.777487 	 7.177704 	 0.008458 	 0.045441
4.828244 	 7.177612 	 0.006040 	 0.043854
4.871750 	 7.181641 	 0.006509 	 0.041260
4.920241 	 7.187408 	 0.008618 	 0.044159
4.965106 	 7.213287 	 -0.000394 	 0.035736
5.011784 	 7.230164 	 -0.003260 	 0.027649
5.054837 	 7.219604 	 -0.000362 	 0.057617
5.104234 	 7.207092 	 -0.001268 	 0.036652
5.148193 	 7.230652 	 -0.002269 	 0.026733
5.197591 	 7.229462 	 -0.002173 	 0.022003
5.244722 	 7.212402 	 0.000288 	 0.022491
5.285056 	 7.223419 	 0.000224 	 0.023621
5.337172 	 7.214172 	 -0.003494 	 0.019531
5.382491 	 7.211517 	 -0.001385 	 0.020172
5.430075 	 7.235565 	 -0.002759 	 0.018585
5.475394 	 7.223022 	 -0.000639 	 0.020721
5.519353 	 7.219971 	 -0.000256 	 0.022583
5.566031 	 7.212524 	 -0.000884 	 0.021149
5.613162 	 7.212494 	 -0.002162 	 0.021454
5.657121 	 7.219360 	 -0.003899 	 0.016998
5.705612 	 7.215179 	 -0.001214 	 0.018372
5.751837 	 7.216278 	 -0.001214 	 0.020386
5.797156 	 7.214050 	 -0.000565 	 0.019409
5.847459 	 7.217438 	 -0.002333 	 0.018860
5.892325 	 7.216003 	 -0.002674 	 0.016632
5.939909 	 7.216339 	 -0.001385 	 0.019318
5.984775 	 7.212128 	 -0.002290 	 0.017761
6.032359 	 7.218811 	 -0.001736 	 0.018066
6.077678 	 7.228546 	 -0.003569 	 0.019379
6.125262 	 7.216736 	 -0.004176 	 0.015747
6.170581 	 7.209473 	 -0.003111 	 0.014832
6.218619 	 7.225311 	 -0.001981 	 0.016449
6.262578 	 7.222656 	 -0.001193 	 0.017365
6.311975 	 7.213226 	 -0.002216 	 0.018707
6.355028 	 7.213989 	 -0.002141 	 0.017517
6.401706 	 7.229248 	 -0.003718 	 0.017090
6.451103 	 7.215240 	 -0.000842 	 0.017853
6.497328 	 7.208313 	 -0.003771 	 0.020813
6.543553 	 7.210114 	 -0.002535 	 0.016052
6.589325 	 7.222443 	 -0.000522 	 0.018982
6.637363 	 7.222504 	 -0.003185 	 0.016907
6.679962 	 7.222412 	 -0.001545 	 0.017700
6.728906 	 7.226105 	 -0.000820 	 0.019318
6.773772 	 7.213074 	 -0.001609 	 0.019012
6.819090 	 7.229645 	 -0.000788 	 0.020782
6.866222 	 7.224274 	 -0.002557 	 0.019104
6.912900 	 7.222961 	 -0.002418 	 0.018402
6.960484 	 7.217102 	 -0.002344 	 0.018829
7.008975 	 7.214294 	 -0.001630 	 0.018646
7.055653 	 7.219421 	 -0.001896 	 0.018738
7.101425 	 7.207428 	 -0.001843 	 0.018097
7.145384 	 7.208923 	 -0.001481 	 0.020416
7.193422 	 7.207062 	 -0.002716 	 0.019104
7.237834 	 7.217377 	 -0.001374 	 0.020966
7.284512 	 7.217285 	 -0.002152 	 0.019714
7.331190 	 7.218201 	 -0.000565 	 0.019684
7.376509 	 7.223145 	 -0.002684 	 0.019531
7.425000 	 7.208984 	 -0.001353 	 0.019257

 Z Turning Point (V) = 2.739410 
 Turning Time Delay (ms) = 0 
 SEN (V) =  
 App. Driving Voltage (mVrms) = 0.300000 
 App. Vias. Voltage (V) = 0.000000 
 App. Del Z (Bit) = -10 
 App. Delay Time (ms) = 1000 
 App. Velocity (nm/s) = -0.045319 
 Ret. Driving Voltage (mVrms) = 0.300000 
 Ret. Vias. Voltage (V) = 0.000000 
 Ret. Del Z (Bit) = -10 
 Ret. Delay Time (ms) = 1000 
 Ret. Velocity (nm/s) = -0.045319 
  
 Data Array Size = 337 
 Frequency (Hz) = sen.
 
