17.776222 	 4.170593 	 -0.000075 	 -0.010071
17.730450 	 4.032379 	 -0.019217 	 -0.012268
17.683772 	 4.124817 	 -0.008597 	 -0.009949
17.638454 	 4.172882 	 -0.014797 	 -0.010559
17.589056 	 4.181824 	 -0.003451 	 -0.001556
17.543285 	 4.116821 	 -0.016437 	 -0.006287
17.497513 	 4.255524 	 -0.020251 	 -0.018036
17.451288 	 4.199432 	 -0.036464 	 -0.041626
17.404610 	 4.113464 	 0.004325 	 -0.015289
17.358385 	 4.109650 	 -0.031553 	 -0.026123
17.309441 	 4.233795 	 -0.018173 	 -0.031189
17.265935 	 4.140839 	 -0.001609 	 -0.010925
17.220163 	 4.116302 	 0.024906 	 0.032104
17.172578 	 4.055817 	 -0.028219 	 0.006897
17.127260 	 4.039398 	 -0.007595 	 -0.004120
17.077409 	 4.240112 	 0.005571 	 0.013641
17.032091 	 4.218719 	 -0.024139 	 -0.004639
16.985866 	 4.159607 	 0.003302 	 0.005554
16.938734 	 4.099640 	 -0.027548 	 -0.012451
16.896588 	 4.173645 	 -0.017545 	 -0.023499
16.843565 	 4.108765 	 -0.014573 	 -0.019226
16.800513 	 4.221100 	 -0.011079 	 -0.014404
16.755194 	 4.081604 	 -0.035527 	 -0.035675
16.710782 	 4.166595 	 -0.017715 	 -0.035675
16.660478 	 4.227753 	 -0.020357 	 -0.032257
16.616066 	 4.169800 	 -0.006530 	 -0.017303
16.570294 	 4.073212 	 -0.002514 	 -0.001495
16.522256 	 4.058838 	 -0.004229 	 0.006195
16.475125 	 4.130554 	 -0.009033 	 0.004822
16.432072 	 3.981018 	 -0.027345 	 -0.017151
16.385394 	 4.219696 	 -0.023713 	 -0.030609
16.337810 	 4.163452 	 0.005912 	 -0.004211
16.294757 	 4.085449 	 -0.036006 	 -0.024597
16.243094 	 4.168579 	 -0.051005 	 -0.065704
16.198228 	 4.195282 	 0.001097 	 -0.035400
16.150644 	 4.051636 	 -0.013508 	 -0.016541
16.103966 	 4.078949 	 -0.020666 	 -0.022156
16.056834 	 4.191711 	 0.001981 	 -0.003632
16.010156 	 4.085693 	 0.012144 	 0.023987
15.966650 	 4.132355 	 0.004304 	 0.032654
15.918159 	 4.197418 	 -0.019356 	 0.008881
15.871028 	 4.179901 	 -0.022786 	 -0.015411
15.828882 	 4.130951 	 0.007499 	 0.003906
15.778578 	 4.290283 	 -0.032661 	 -0.015259
15.735072 	 4.212891 	 0.006988 	 -0.001190
15.690207 	 4.246582 	 -0.040693 	 -0.027557
15.642169 	 4.266388 	 -0.030051 	 -0.049042
15.591412 	 4.075592 	 0.006168 	 -0.015472
15.547906 	 4.172668 	 -0.015872 	 -0.008606
15.498962 	 4.135468 	 -0.038818 	 -0.038422
15.453644 	 4.121857 	 -0.015393 	 -0.035675
15.410138 	 4.236603 	 -0.030754 	 -0.041718
15.362553 	 4.062897 	 -0.024160 	 -0.043518
15.316328 	 4.136810 	 -0.019665 	 -0.037659
15.269650 	 4.083862 	 0.001225 	 -0.010803
15.223425 	 4.181549 	 -0.032746 	 -0.027771
15.175388 	 4.150360 	 0.000192 	 -0.012970
15.128256 	 4.084106 	 0.011569 	 0.019257
15.086110 	 4.009430 	 -0.008511 	 0.016663
15.033994 	 4.221527 	 0.020677 	 0.038635
14.991394 	 4.024078 	 0.008298 	 0.047119
14.941544 	 4.182739 	 0.014818 	 0.052185
14.896225 	 4.149506 	 0.001278 	 0.043854
14.848187 	 4.301697 	 -0.001534 	 0.029144
14.803322 	 4.090576 	 -0.030850 	 -0.006866
14.757097 	 4.159119 	 -0.011867 	 -0.015381
14.709966 	 4.234833 	 -0.032725 	 -0.033600
14.662381 	 4.064545 	 -0.006935 	 -0.022278
14.617969 	 4.106384 	 -0.010248 	 -0.011200
14.573557 	 4.200867 	 -0.018887 	 -0.015991
14.527332 	 4.208618 	 -0.023415 	 -0.025970
14.481107 	 4.166443 	 -0.000107 	 -0.009308
14.434882 	 4.102417 	 -0.025715 	 -0.017914
14.386844 	 4.124023 	 -0.025183 	 -0.032410
14.342885 	 4.072540 	 -0.049812 	 -0.063782
14.295753 	 4.142273 	 -0.054009 	 -0.092621
14.248622 	 4.287628 	 -0.019175 	 -0.071075
14.204210 	 4.186707 	 -0.007446 	 -0.035522
14.156625 	 4.202850 	 -0.021636 	 -0.028961
14.107228 	 4.064148 	 -0.026099 	 -0.036713
14.063722 	 4.144897 	 -0.016970 	 -0.032166
14.015231 	 4.097687 	 -0.004634 	 -0.013489
13.969460 	 4.138702 	 -0.016938 	 -0.013794
13.923235 	 4.231842 	 -0.010972 	 -0.012207
13.873837 	 4.178162 	 -0.009875 	 -0.007843
13.829878 	 4.111084 	 -0.010844 	 -0.006042
13.785013 	 4.136566 	 -0.022232 	 -0.017822
13.736975 	 4.159943 	 -0.007968 	 -0.012756
13.693016 	 4.235809 	 -0.014253 	 -0.011353
13.646791 	 4.091736 	 -0.004932 	 -0.003571
13.598300 	 4.201355 	 -0.008980 	 -0.000366
13.550716 	 4.140320 	 0.006221 	 0.015015
13.503131 	 4.184692 	 -0.010812 	 0.009857
13.460985 	 4.114532 	 -0.022168 	 -0.011047
13.413400 	 4.080994 	 0.005667 	 0.004150
13.366269 	 4.127899 	 -0.020144 	 -0.004517
13.321404 	 4.117645 	 -0.024331 	 -0.022491
13.272459 	 4.229919 	 -0.005465 	 -0.011902
13.227594 	 4.225647 	 -0.048789 	 -0.045685
13.178650 	 4.095490 	 0.008075 	 -0.018860
13.131065 	 4.099457 	 -0.004922 	 0.002838
13.085747 	 4.150482 	 -0.009481 	 0.001404
13.043147 	 4.189606 	 -0.024597 	 -0.014954
12.995563 	 4.141693 	 -0.003377 	 -0.007294
12.947978 	 4.328522 	 -0.034035 	 -0.027344
12.902206 	 4.167206 	 -0.016277 	 -0.030823
12.857794 	 4.178741 	 -0.007936 	 -0.015533
12.810210 	 4.204742 	 -0.004069 	 -0.001770
12.764891 	 4.192566 	 -0.016416 	 -0.007294
12.715494 	 4.149445 	 -0.047809 	 -0.047577
12.671988 	 4.297821 	 -0.009939 	 -0.038300
12.624857 	 4.106812 	 -0.013944 	 -0.022675
12.577725 	 4.237640 	 -0.031553 	 -0.037201
12.530594 	 4.162598 	 -0.020187 	 -0.039551
12.484822 	 4.019531 	 -0.025992 	 -0.040588
12.438144 	 4.271942 	 -0.017417 	 -0.034393
12.390106 	 4.264679 	 -0.040022 	 -0.052277
12.347507 	 4.068787 	 -0.030520 	 -0.058929
12.298109 	 4.152832 	 -0.020176 	 -0.047058
12.255057 	 4.116058 	 0.008448 	 -0.007172
12.208832 	 4.206543 	 -0.031660 	 -0.020233
12.158981 	 4.198486 	 -0.021774 	 -0.031372
12.113663 	 4.050537 	 -0.034323 	 -0.045807
12.066078 	 4.166565 	 -0.011516 	 -0.032959
12.021666 	 4.238922 	 -0.036560 	 -0.045074
11.973175 	 4.122528 	 -0.025055 	 -0.048981
11.926950 	 4.101288 	 -0.004112 	 -0.024170
11.881178 	 4.167572 	 -0.017694 	 -0.018402
11.832687 	 4.068573 	 -0.025843 	 -0.030548
11.788728 	 4.153564 	 -0.027505 	 -0.040100
11.741144 	 4.170654 	 -0.019537 	 -0.035492
11.695372 	 4.148712 	 -0.029636 	 -0.042358
11.650053 	 4.122589 	 -0.029220 	 -0.048492
11.603828 	 4.229645 	 -0.007521 	 -0.029114
11.555338 	 4.144897 	 -0.028773 	 -0.033875
11.510019 	 4.058746 	 -0.015713 	 -0.030762
11.463341 	 4.084686 	 -0.057759 	 -0.068939
11.416209 	 4.125824 	 -0.019271 	 -0.062012
11.369984 	 4.274689 	 -0.059634 	 -0.085602
11.324213 	 4.160583 	 -0.024107 	 -0.075317
11.277534 	 4.046509 	 -0.033407 	 -0.065460
11.231310 	 4.178772 	 -0.025545 	 -0.057587
11.188257 	 4.118378 	 -0.006061 	 -0.029022
11.138860 	 4.086823 	 -0.013923 	 -0.018250
11.094447 	 4.221436 	 -0.024842 	 -0.027252
11.046863 	 4.100739 	 -0.021891 	 -0.033234
11.000185 	 4.139679 	 -0.019750 	 -0.031189
10.954413 	 4.182800 	 -0.003057 	 -0.012207
10.904562 	 4.171570 	 -0.046531 	 -0.042664
10.860150 	 4.259430 	 -0.014168 	 -0.040436
10.814378 	 4.074585 	 -0.002887 	 -0.013916
10.767247 	 4.099548 	 -0.029614 	 -0.026031
10.719209 	 4.047516 	 -0.020336 	 -0.032349
10.675703 	 4.173431 	 -0.001917 	 -0.013031
10.626759 	 4.153595 	 -0.016980 	 -0.011566
10.581894 	 4.167603 	 -0.039852 	 -0.040131
10.534763 	 4.248718 	 0.001459 	 -0.021576
10.488991 	 4.092865 	 -0.008107 	 -0.004822
10.444579 	 4.219482 	 -0.014466 	 -0.008331
10.396088 	 4.263184 	 -0.035154 	 -0.032654
10.349863 	 4.176086 	 -0.032469 	 -0.050140
10.302278 	 4.098236 	 -0.035985 	 -0.060364
10.257413 	 4.248840 	 -0.029380 	 -0.059296
10.208922 	 4.005310 	 -0.021817 	 -0.048370
10.161790 	 4.092590 	 -0.018759 	 -0.036560
10.120551 	 4.092621 	 -0.013582 	 -0.025848
10.072060 	 4.145782 	 -0.034451 	 -0.040527
10.026741 	 4.296661 	 -0.034046 	 -0.055542
9.980516 	 4.023651 	 -0.035069 	 -0.063354
9.932932 	 4.167480 	 0.003228 	 -0.026733
9.883987 	 4.116455 	 -0.017524 	 -0.016571
9.838669 	 4.207672 	 -0.021060 	 -0.024780
9.794710 	 4.027649 	 -0.003079 	 -0.010742
9.745312 	 3.943481 	 -0.015436 	 -0.010468
9.701807 	 4.230560 	 -0.019771 	 -0.019531
9.654675 	 4.147949 	 -0.039585 	 -0.045044
9.603918 	 4.138733 	 -0.052944 	 -0.080353
9.560866 	 4.339478 	 -0.062158 	 -0.109985
9.512375 	 4.026703 	 -0.044113 	 -0.108307
9.467963 	 4.020508 	 -0.034184 	 -0.090027
9.420378 	 4.104523 	 -0.053849 	 -0.098663
9.376872 	 4.075562 	 -0.037966 	 -0.093567
9.328835 	 4.185944 	 -0.045071 	 -0.093506
9.282610 	 3.981049 	 0.006125 	 -0.039673
9.237744 	 4.188843 	 -0.017353 	 -0.020630
9.191066 	 4.210602 	 -0.038669 	 -0.044647
9.143028 	 4.027435 	 -0.046286 	 -0.070435
9.094537 	 4.113525 	 -0.020006 	 -0.058350
9.048766 	 4.336426 	 -0.005092 	 -0.027740
9.004807 	 4.285706 	 -0.047884 	 -0.051849
8.959035 	 4.210876 	 -0.019729 	 -0.051147
8.911903 	 4.181427 	 -0.022871 	 -0.042450
8.866132 	 4.152527 	 -0.041567 	 -0.059418
8.817641 	 4.252197 	 -0.018173 	 -0.050385
8.770056 	 4.128723 	 -0.038499 	 -0.057861
8.726550 	 4.080078 	 -0.040427 	 -0.071869
8.678513 	 4.245453 	 -0.039244 	 -0.076752
8.631834 	 4.278748 	 0.002088 	 -0.035156
8.586516 	 4.133514 	 -0.029156 	 -0.032776
8.539384 	 4.140320 	 -0.044283 	 -0.060364
8.491800 	 4.161499 	 -0.044997 	 -0.079590
8.446935 	 4.134888 	 -0.067740 	 -0.112610
8.399803 	 4.129486 	 -0.040107 	 -0.108887
8.353125 	 4.104767 	 -0.026568 	 -0.080292
8.308713 	 4.194122 	 -0.057130 	 -0.093597
8.262488 	 4.276611 	 -0.055862 	 -0.110016
8.213544 	 4.203949 	 -0.038818 	 -0.100342
8.168225 	 4.165619 	 -0.022903 	 -0.073364
8.122453 	 4.138702 	 -0.015691 	 -0.045654
8.074416 	 4.217804 	 0.005273 	 -0.009430
8.029550 	 4.141754 	 -0.035825 	 -0.027588
7.982419 	 4.128906 	 -0.047031 	 -0.062714
7.938460 	 4.178711 	 -0.048661 	 -0.085510
7.889062 	 4.109650 	 -0.084071 	 -0.132935
7.843291 	 4.197998 	 -0.009886 	 -0.091278
7.796159 	 4.173157 	 -0.038626 	 -0.072571
7.749934 	 4.065857 	 -0.068560 	 -0.107849
7.702350 	 4.244781 	 -0.083655 	 -0.151489
7.656125 	 4.183777 	 -0.045434 	 -0.136536
7.611713 	 4.293945 	 -0.064544 	 -0.134796
7.565034 	 4.268524 	 -0.059175 	 -0.137451
7.518356 	 4.223633 	 -0.059974 	 -0.135406
7.473038 	 4.244202 	 -0.021071 	 -0.094421
7.425453 	 4.100555 	 -0.055298 	 -0.097321
7.381041 	 4.139465 	 -0.042749 	 -0.099823
7.332097 	 4.057648 	 -0.061540 	 -0.113434
7.286325 	 4.098358 	 -0.039564 	 -0.105225
7.238741 	 4.231903 	 -0.072832 	 -0.127380
7.193875 	 4.176910 	 -0.058089 	 -0.134796
7.145384 	 4.097443 	 -0.044901 	 -0.118774
7.101425 	 4.136566 	 -0.065471 	 -0.128143
7.054294 	 4.098663 	 -0.090547 	 -0.167145
7.008975 	 4.068726 	 -0.069221 	 -0.171722
6.960937 	 4.193634 	 -0.059708 	 -0.153473
6.914713 	 4.090515 	 -0.046818 	 -0.129059
6.869847 	 4.057770 	 -0.066046 	 -0.134460
6.820450 	 4.157806 	 -0.044507 	 -0.121216
6.777397 	 4.074310 	 -0.058174 	 -0.120789
6.728453 	 4.128418 	 -0.050398 	 -0.118134
6.682681 	 4.183228 	 -0.063586 	 -0.127747
6.639629 	 4.103638 	 -0.068731 	 -0.143219
6.589778 	 4.102417 	 -0.063735 	 -0.144592
6.542647 	 4.013550 	 -0.065769 	 -0.146942
6.499594 	 4.184479 	 -0.040949 	 -0.123138
6.452010 	 3.988220 	 -0.024863 	 -0.085571
6.405785 	 4.055756 	 -0.063064 	 -0.102234
6.356841 	 4.009399 	 -0.063767 	 -0.125580
6.313788 	 4.088562 	 -0.057024 	 -0.129578
6.268016 	 4.106873 	 -0.041087 	 -0.112396
6.219072 	 4.053253 	 -0.031319 	 -0.088257
6.170128 	 4.030334 	 -0.077818 	 -0.122406
6.124809 	 4.093811 	 -0.069306 	 -0.146759
6.079944 	 4.151764 	 -0.050685 	 -0.135681
6.033719 	 4.126617 	 -0.051101 	 -0.122467
5.987494 	 4.138885 	 -0.055703 	 -0.122772
5.943535 	 4.151642 	 -0.043133 	 -0.110596
5.896404 	 4.107819 	 -0.043324 	 -0.101074
5.843834 	 4.164917 	 -0.071309 	 -0.125641
5.799875 	 4.203918 	 -0.043889 	 -0.119202
5.756822 	 4.099579 	 -0.051846 	 -0.113098
5.706519 	 4.100708 	 -0.091336 	 -0.155304
5.661653 	 4.137421 	 -0.074185 	 -0.170624
5.617241 	 4.228210 	 -0.036081 	 -0.132690
5.567844 	 4.133484 	 -0.070201 	 -0.134796
5.521165 	 4.161560 	 -0.067985 	 -0.147552
5.477206 	 4.179687 	 -0.092955 	 -0.178833
5.430981 	 4.038849 	 -0.055287 	 -0.163147
5.384303 	 4.174500 	 -0.095032 	 -0.182281
5.336719 	 4.120483 	 -0.093871 	 -0.206299
5.290494 	 4.239746 	 -0.071586 	 -0.192993
5.242456 	 4.099640 	 -0.101520 	 -0.208374
5.198950 	 4.000488 	 -0.095586 	 -0.221558
5.150006 	 4.088226 	 -0.088896 	 -0.219116
5.106500 	 4.128845 	 -0.098175 	 -0.225067
5.058916 	 3.999603 	 -0.079256 	 -0.211700
5.009518 	 4.093506 	 -0.107485 	 -0.227356
4.968279 	 4.073669 	 -0.099677 	 -0.237640
4.919334 	 4.212769 	 -0.082441 	 -0.221771
4.873109 	 4.080048 	 -0.088396 	 -0.213318
4.825978 	 4.243530 	 -0.114985 	 -0.240295
4.782472 	 4.155609 	 -0.112726 	 -0.259796
4.731715 	 4.155823 	 -0.079874 	 -0.232910
4.687303 	 4.160278 	 -0.057322 	 -0.184601
4.639719 	 4.085480 	 -0.082931 	 -0.180786
4.593947 	 4.113800 	 -0.088715 	 -0.195862
4.548628 	 4.026184 	 -0.109861 	 -0.226135
4.501950 	 4.146881 	 -0.083677 	 -0.221741
4.455725 	 4.099579 	 -0.093168 	 -0.219391
4.409953 	 4.174835 	 -0.119235 	 -0.249268
4.364182 	 4.119537 	 -0.063969 	 -0.215515
4.316144 	 4.076813 	 -0.123603 	 -0.240051
4.270825 	 4.077301 	 -0.111885 	 -0.262878
4.225507 	 3.981506 	 -0.089908 	 -0.245361
4.178375 	 4.064301 	 -0.075676 	 -0.214966
4.130791 	 4.191315 	 -0.096364 	 -0.215881
4.080940 	 4.024475 	 -0.119853 	 -0.249481
4.038341 	 4.096466 	 -0.087725 	 -0.239777
3.988490 	 4.134827 	 -0.104023 	 -0.240326
3.942265 	 4.034515 	 -0.088310 	 -0.230713
3.898759 	 4.010651 	 -0.129557 	 -0.262726
3.852534 	 4.165558 	 -0.128173 	 -0.292847
3.805856 	 3.921936 	 -0.096023 	 -0.272217
3.759631 	 4.056580 	 -0.106335 	 -0.260620
3.713860 	 4.041809 	 -0.120833 	 -0.274689
3.665822 	 4.144348 	 -0.156274 	 -0.324310
3.620956 	 4.007629 	 -0.123848 	 -0.326508
3.573825 	 3.936951 	 -0.123603 	 -0.313110
3.528960 	 4.203308 	 -0.092039 	 -0.275238
3.481828 	 4.036072 	 -0.132029 	 -0.287415
3.433791 	 4.044922 	 -0.126607 	 -0.303802
3.386659 	 3.934662 	 -0.119906 	 -0.301025
3.342700 	 4.155823 	 -0.111001 	 -0.288544
3.293303 	 4.135559 	 -0.156317 	 -0.328186
3.251610 	 4.076813 	 -0.151289 	 -0.357605
3.201759 	 3.960571 	 -0.141297 	 -0.357330
3.155988 	 4.151489 	 -0.152727 	 -0.365936
3.109309 	 4.165314 	 -0.163529 	 -0.385468
3.063991 	 4.034637 	 -0.124242 	 -0.357574
3.017766 	 4.110504 	 -0.149233 	 -0.355499
2.970634 	 3.988495 	 -0.187774 	 -0.405334
2.924863 	 3.997681 	 -0.151331 	 -0.405243
2.877731 	 3.960266 	 -0.145419 	 -0.383850
2.832413 	 4.081055 	 -0.170623 	 -0.397430
2.783922 	 3.918396 	 -0.151768 	 -0.394928
2.738150 	 4.134552 	 -0.147646 	 -0.382507
2.693738 	 3.927734 	 -0.179412 	 -0.407410
2.645247 	 3.967346 	 -0.168962 	 -0.420685
2.599022 	 4.097626 	 -0.125797 	 -0.377136
2.555063 	 4.107727 	 -0.170836 	 -0.387115
2.509291 	 4.044586 	 -0.170964 	 -0.410553
2.460347 	 3.648163 	 -0.410180 	 -0.670959
2.414122 	 3.663635 	 -0.422068 	 -0.896240
2.367897 	 3.596222 	 -0.393647 	 -0.971649
2.320766 	 3.562469 	 -0.419160 	 -1.021027
2.274994 	 3.686523 	 -0.363468 	 -0.997375
2.226503 	 3.589264 	 -0.402009 	 -1.005157
2.183450 	 3.522156 	 -0.389674 	 -1.011719
2.134053 	 3.632477 	 -0.359910 	 -0.979187
2.089641 	 3.537170 	 -0.369072 	 -0.961456
2.044775 	 3.647278 	 -0.342269 	 -0.929108
1.994472 	 3.646088 	 -0.316842 	 -0.878235
1.950060 	 3.695679 	 -0.320570 	 -0.848236
1.904741 	 3.585937 	 -0.358589 	 -0.876587
1.857610 	 3.639648 	 -0.342429 	 -0.887756
1.812291 	 3.641937 	 -0.309491 	 -0.850677
1.766519 	 3.541351 	 -0.295025 	 -0.806915
1.718028 	 3.709351 	 -0.312495 	 -0.799316
1.670444 	 3.719269 	 -0.288814 	 -0.778168
1.626031 	 3.603363 	 -0.297550 	 -0.768066
1.581619 	 3.730591 	 -0.291211 	 -0.760986
1.531769 	 3.630157 	 -0.282274 	 -0.745392
1.486450 	 3.724365 	 -0.269416 	 -0.721802
1.437506 	 3.765289 	 -0.224803 	 -0.659424
1.391734 	 3.569366 	 -0.233367 	 -0.621338
1.343697 	 3.617310 	 -0.237384 	 -0.612976
1.299284 	 3.584473 	 -0.223929 	 -0.595612
1.255779 	 3.714752 	 -0.210315 	 -0.568726
1.206834 	 3.591400 	 -0.214118 	 -0.555603
1.161063 	 3.668121 	 -0.211061 	 -0.547028
1.113025 	 3.573395 	 -0.235157 	 -0.566803
1.069066 	 3.546478 	 -0.247504 	 -0.598969
1.023294 	 3.608459 	 -0.218560 	 -0.587891
0.976163 	 3.439148 	 -0.187135 	 -0.537659
0.928125 	 3.571411 	 -0.248984 	 -0.568573
0.882353 	 3.594574 	 -0.201985 	 -0.557404
0.834769 	 3.513885 	 -0.213916 	 -0.546448
0.790810 	 3.518127 	 -0.158607 	 -0.487915
0.744585 	 3.441620 	 -0.158075 	 -0.438629
0.697000 	 3.508179 	 -0.186720 	 -0.446289
0.649869 	 3.460388 	 -0.166618 	 -0.440613
0.605003 	 3.477417 	 -0.119576 	 -0.380646
0.558778 	 3.425262 	 -0.123773 	 -0.338715
0.512553 	 3.351959 	 -0.084912 	 -0.281708
0.464516 	 3.323425 	 -0.046786 	 -0.200989
0.417384 	 3.206085 	 0.069604 	 -0.027496
0.372519 	 3.008179 	 0.075250 	 0.102631
0.324028 	 2.982361 	 0.097834 	 0.188385
0.276897 	 2.285095 	 0.579642 	 0.742432
0.232484 	 2.052368 	 0.463635 	 1.061920
0.185353 	 2.262787 	 0.470378 	 1.164520
0.140034 	 1.668213 	 0.603430 	 1.356537
0.091090 	 1.699677 	 0.534997 	 1.424347
0.045772 	 1.230499 	 1.062591 	 1.968384
0.000000 	 0.792511 	 1.307825 	 2.708832
0.046678 	 1.164490 	 0.984507 	 2.783844
0.092450 	 1.254303 	 1.058319 	 2.766785
0.140941 	 1.175537 	 1.059896 	 2.795776
0.185806 	 1.310425 	 0.880825 	 2.622223
0.229765 	 1.583527 	 0.792067 	 2.380066
0.276897 	 1.485382 	 0.751746 	 2.195099
0.324481 	 2.397003 	 0.304527 	 1.627533
0.371613 	 2.393921 	 0.459044 	 1.355713
0.416478 	 2.486969 	 0.382291 	 1.216766
0.466782 	 2.615021 	 0.240856 	 0.973328
0.513007 	 2.701141 	 0.215791 	 0.780640
0.558325 	 2.382721 	 0.563237 	 1.046875
0.602284 	 2.806915 	 0.128556 	 0.850433
0.652135 	 3.020782 	 0.089962 	 0.545013
0.698813 	 3.112366 	 -0.005848 	 0.293762
0.742772 	 3.295563 	 -0.035186 	 0.111450
0.790810 	 3.145050 	 -0.016682 	 0.036255
0.836581 	 3.251312 	 0.020506 	 0.048553
0.882353 	 3.217072 	 -0.001204 	 0.044098
0.927219 	 3.326263 	 -0.072853 	 -0.041656
0.974803 	 3.401642 	 -0.042110 	 -0.074768
1.021935 	 3.410065 	 -0.047639 	 -0.085724
1.069066 	 3.490204 	 -0.074302 	 -0.121643
1.115291 	 3.354370 	 -0.076518 	 -0.150757
1.162875 	 3.409607 	 -0.148200 	 -0.239075
1.206834 	 3.485321 	 -0.092295 	 -0.250580
1.252153 	 3.470551 	 -0.163657 	 -0.305664
1.301097 	 3.555176 	 -0.137749 	 -0.334625
1.346416 	 3.439575 	 -0.135406 	 -0.334656
1.394000 	 3.579315 	 -0.169547 	 -0.369171
1.436147 	 3.410187 	 -0.134916 	 -0.363373
1.484637 	 3.552887 	 -0.167332 	 -0.379639
1.532675 	 3.574921 	 -0.218187 	 -0.453552
1.577541 	 3.476349 	 -0.177654 	 -0.464752
1.623312 	 3.564453 	 -0.234039 	 -0.512939
1.671803 	 3.612610 	 -0.205852 	 -0.528656
1.719841 	 3.584534 	 -0.194507 	 -0.511871
1.762440 	 3.644012 	 -0.205063 	 -0.511658
1.808212 	 3.495880 	 -0.204829 	 -0.515900
1.856703 	 3.516510 	 -0.200408 	 -0.511841
1.902475 	 3.620453 	 -0.215737 	 -0.524170
1.950966 	 3.698517 	 -0.270236 	 -0.596680
1.996284 	 3.643433 	 -0.256367 	 -0.632050
2.042509 	 3.663757 	 -0.240473 	 -0.627258
2.089641 	 3.474304 	 -0.257038 	 -0.636688
2.136319 	 3.665283 	 -0.211285 	 -0.600586
2.181638 	 3.551178 	 -0.220403 	 -0.575836
2.227409 	 3.571777 	 -0.228691 	 -0.576904
2.275447 	 3.604614 	 -0.225431 	 -0.577087
2.323485 	 3.803070 	 -0.255141 	 -0.607513
2.366537 	 3.573120 	 -0.291041 	 -0.669128
2.415028 	 3.582367 	 -0.306381 	 -0.727905
2.462160 	 3.546631 	 -0.267030 	 -0.718689
2.507932 	 3.512695 	 -0.280516 	 -0.712830
2.555969 	 3.649414 	 -0.294077 	 -0.730530
2.599475 	 3.660400 	 -0.280388 	 -0.729401
2.647513 	 3.498413 	 -0.283509 	 -0.726685
2.691472 	 3.626831 	 -0.297145 	 -0.741333
2.737244 	 3.604767 	 -0.320623 	 -0.777679
2.787094 	 3.579315 	 -0.315606 	 -0.798157
2.830147 	 3.628815 	 -0.253405 	 -0.740540
2.878185 	 3.575256 	 -0.293704 	 -0.732819
2.924409 	 3.615692 	 -0.278194 	 -0.728455
2.971088 	 3.678467 	 -0.257762 	 -0.698517
3.017313 	 3.489014 	 -0.309236 	 -0.730865
3.063538 	 3.672394 	 -0.334663 	 -0.795044
3.112482 	 3.652313 	 -0.302961 	 -0.798401
3.158707 	 3.522308 	 -0.329081 	 -0.814056
3.204025 	 3.629364 	 -0.315957 	 -0.819336
3.247531 	 3.617218 	 -0.321710 	 -0.823059
3.296022 	 3.694702 	 -0.342056 	 -0.848053
3.343153 	 3.552704 	 -0.349865 	 -0.875580
3.388472 	 3.671143 	 -0.340469 	 -0.880981
3.434244 	 3.643707 	 -0.368571 	 -0.910797
3.481375 	 3.745361 	 -0.319771 	 -0.882019
3.528506 	 3.570404 	 -0.340427 	 -0.872864
3.576544 	 3.715820 	 -0.341300 	 -0.876129
3.621863 	 3.551025 	 -0.370861 	 -0.909363
3.667635 	 3.617218 	 -0.362115 	 -0.927795
3.713406 	 3.455139 	 -0.356001 	 -0.927002
3.761897 	 3.610626 	 -0.382206 	 -0.950775
3.805856 	 3.544220 	 -0.372321 	 -0.962006
3.849815 	 3.706329 	 -0.394670 	 -0.986023
3.899666 	 3.472809 	 -0.391495 	 -1.001770
3.945891 	 3.499176 	 -0.374323 	 -0.990417
3.989397 	 3.679382 	 -0.390270 	 -0.995728
4.038794 	 3.617218 	 -0.389908 	 -1.001678
4.087285 	 3.595764 	 -0.379074 	 -0.995056
4.133057 	 3.498596 	 -0.366589 	 -0.975891
4.176563 	 3.637268 	 -0.392656 	 -0.988220
4.225053 	 3.324219 	 -0.402755 	 -1.015839
4.273091 	 3.611633 	 -0.427927 	 -1.058105
4.318863 	 3.384827 	 -0.393700 	 -1.050079
4.364182 	 3.560303 	 -0.390867 	 -1.031006
4.409953 	 3.556488 	 -0.449744 	 -1.082397
4.453912 	 3.482849 	 -0.364619 	 -1.041504
4.503763 	 3.465088 	 -0.416028 	 -1.041809
4.548175 	 3.543671 	 -0.428598 	 -1.074188
4.595760 	 3.516541 	 -0.429621 	 -1.097748
4.640625 	 3.513153 	 -0.442308 	 -1.119995
4.688210 	 3.531616 	 -0.362531 	 -1.051910
4.737154 	 3.562225 	 -0.459598 	 -1.091461
4.779753 	 3.399414 	 -0.446271 	 -1.134644
4.829150 	 3.392883 	 -0.436748 	 -1.135986
4.875375 	 3.417389 	 -0.473361 	 -1.173798
4.922507 	 3.423523 	 -0.405578 	 -1.135010
4.967372 	 3.474426 	 -0.482586 	 -1.170563
5.011784 	 3.516541 	 -0.449020 	 -1.182098
5.057556 	 3.456390 	 -0.415751 	 -1.139313
5.104234 	 3.592621 	 -0.432572 	 -1.126068
5.150459 	 3.503021 	 -0.462666 	 -1.158997
5.198497 	 3.459442 	 -0.459512 	 -1.178864
5.245175 	 3.511169 	 -0.430015 	 -1.156708
5.290947 	 3.483521 	 -0.451171 	 -1.156799
5.338531 	 3.439423 	 -0.429440 	 -1.143311
5.384303 	 3.568268 	 -0.429738 	 -1.128326
5.429622 	 3.555023 	 -0.435352 	 -1.128754
5.474940 	 3.527374 	 -0.421269 	 -1.115387
5.521619 	 3.630493 	 -0.455422 	 -1.139893
5.571469 	 3.598389 	 -0.418084 	 -1.125244
5.615428 	 3.729462 	 -0.421781 	 -1.107941
5.661200 	 3.532410 	 -0.387628 	 -1.065674
5.708784 	 3.616913 	 -0.362786 	 -1.007416
5.756369 	 3.701569 	 -0.398739 	 -1.008301
5.800781 	 3.570984 	 -0.389269 	 -1.012726
5.846100 	 3.474304 	 -0.412620 	 -1.035461
5.897310 	 3.677399 	 -0.390686 	 -1.031830
5.942628 	 3.549530 	 -0.393935 	 -1.024628
5.987041 	 3.595825 	 -0.402382 	 -1.032013
6.034172 	 3.600403 	 -0.386510 	 -1.022766
6.078131 	 3.574738 	 -0.368294 	 -0.993469
6.124809 	 3.699860 	 -0.337518 	 -0.938293
6.173300 	 3.662262 	 -0.354850 	 -0.920990
6.220885 	 4.122375 	 -0.019995 	 -0.570068
6.265297 	 4.248840 	 -0.030158 	 -0.290558
6.310162 	 4.192383 	 -0.013231 	 -0.151825
6.358653 	 4.105743 	 -0.040821 	 -0.107758
6.406238 	 4.210449 	 -0.037071 	 -0.094818
6.449744 	 4.183746 	 -0.033950 	 -0.083862
6.495969 	 4.113647 	 -0.052145 	 -0.096497
6.545366 	 4.077576 	 -0.030509 	 -0.086853
6.591138 	 4.077484 	 -0.054126 	 -0.097839
6.641441 	 4.164581 	 -0.097940 	 -0.157990
6.684041 	 4.121155 	 -0.084156 	 -0.188477
6.730266 	 4.149536 	 -0.058632 	 -0.169586
6.774678 	 4.136627 	 -0.082132 	 -0.175201
6.824982 	 4.059723 	 -0.051484 	 -0.157166
6.868488 	 4.042877 	 -0.084678 	 -0.169037
6.915619 	 4.142090 	 -0.075495 	 -0.179260
6.963203 	 4.107666 	 -0.098782 	 -0.203674
7.009882 	 4.066803 	 -0.073961 	 -0.198334
7.054747 	 4.092651 	 -0.085306 	 -0.196869
7.102332 	 4.159607 	 -0.126223 	 -0.244415
7.147197 	 4.115601 	 -0.093797 	 -0.247070
7.192516 	 4.018707 	 -0.071298 	 -0.212524
7.239647 	 4.109467 	 -0.095927 	 -0.213257
7.288138 	 4.005371 	 -0.099357 	 -0.228394
7.333456 	 4.140167 	 -0.076209 	 -0.211548
7.381494 	 4.104828 	 -0.077360 	 -0.196167
7.423640 	 4.153442 	 -0.082217 	 -0.194885
7.472585 	 4.122223 	 -0.072939 	 -0.186127
7.520622 	 4.118408 	 -0.079320 	 -0.184265
7.566394 	 4.089661 	 -0.105600 	 -0.214447
7.613072 	 4.040527 	 -0.078787 	 -0.210266
7.657484 	 4.128723 	 -0.070925 	 -0.188965
7.702350 	 4.125397 	 -0.063799 	 -0.168579
7.751747 	 4.021606 	 -0.066473 	 -0.159058
7.797972 	 4.130554 	 -0.112641 	 -0.205017
7.844197 	 4.133545 	 -0.077828 	 -0.207092
7.889969 	 4.070312 	 -0.094265 	 -0.213257
7.936647 	 4.138702 	 -0.089834 	 -0.214203
7.984232 	 4.047699 	 -0.081322 	 -0.205750
8.031363 	 4.047516 	 -0.083730 	 -0.202484
8.074416 	 4.074860 	 -0.093477 	 -0.211578
8.121547 	 4.143768 	 -0.090750 	 -0.216156
8.168678 	 4.172729 	 -0.070414 	 -0.196198
8.218076 	 4.088043 	 -0.089567 	 -0.198273
8.261128 	 4.143585 	 -0.090579 	 -0.208435
8.308260 	 4.076630 	 -0.085338 	 -0.207794
8.355391 	 4.114594 	 -0.122804 	 -0.246033
8.400256 	 4.109894 	 -0.106388 	 -0.260040
8.450560 	 4.053040 	 -0.079330 	 -0.230896
8.494972 	 4.101074 	 -0.078073 	 -0.206085
8.542104 	 4.044769 	 -0.090089 	 -0.206970
8.586516 	 4.080292 	 -0.085136 	 -0.206604
8.632288 	 4.146454 	 -0.093679 	 -0.213501
8.681232 	 4.264648 	 -0.080971 	 -0.207489
8.725644 	 4.120697 	 -0.097163 	 -0.216156
8.773682 	 3.918518 	 -0.079437 	 -0.208435
8.822173 	 4.013794 	 -0.061104 	 -0.178284
8.864772 	 4.032288 	 -0.054307 	 -0.151398
8.914169 	 4.160400 	 -0.104321 	 -0.187378
8.959035 	 4.083801 	 -0.101541 	 -0.220490
9.003900 	 4.043518 	 -0.079788 	 -0.211945
9.055563 	 4.076904 	 -0.082270 	 -0.201691
9.097710 	 4.160675 	 -0.091655 	 -0.207733
9.144388 	 4.065674 	 -0.106186 	 -0.229614
9.188800 	 4.142120 	 -0.081226 	 -0.219574
9.233212 	 4.058746 	 -0.092923 	 -0.217590
9.283063 	 4.069763 	 -0.046382 	 -0.171600
9.330194 	 4.003815 	 -0.076901 	 -0.164429
9.377325 	 4.179993 	 -0.077871 	 -0.174713
9.423550 	 4.119629 	 -0.083421 	 -0.185944
9.467963 	 4.134399 	 -0.065045 	 -0.174652
9.515547 	 4.168549 	 -0.108806 	 -0.206360
9.560413 	 4.050354 	 -0.052070 	 -0.179657
9.608450 	 4.108307 	 -0.081131 	 -0.174774
9.654222 	 4.145599 	 -0.065397 	 -0.170502
9.702713 	 4.154663 	 -0.077029 	 -0.171478
9.747125 	 4.170593 	 -0.072012 	 -0.172058
9.792897 	 4.156494 	 -0.033684 	 -0.129791
9.840028 	 4.092499 	 -0.086936 	 -0.150665
9.887613 	 4.141937 	 -0.082707 	 -0.178467
9.932478 	 4.135468 	 -0.072023 	 -0.176361
9.980969 	 4.351044 	 -0.056310 	 -0.154938
10.026288 	 4.114532 	 -0.044422 	 -0.126831
10.071153 	 4.110687 	 -0.077839 	 -0.144501
10.118738 	 4.150360 	 -0.054573 	 -0.141846
10.165416 	 4.197174 	 -0.080641 	 -0.158203
10.211641 	 4.068512 	 -0.048981 	 -0.143555
10.258772 	 4.187408 	 -0.075186 	 -0.151550
10.303185 	 4.250427 	 -0.097621 	 -0.188751
10.350316 	 4.054352 	 -0.065205 	 -0.180054
10.397900 	 4.027618 	 -0.078723 	 -0.177643
10.444579 	 4.156769 	 -0.054041 	 -0.156677
10.493976 	 4.262573 	 -0.080545 	 -0.165009
10.536575 	 3.985413 	 -0.059825 	 -0.155731
10.581441 	 4.002197 	 -0.061839 	 -0.146454
10.629025 	 4.021698 	 -0.056747 	 -0.138580
10.679782 	 4.104858 	 -0.077903 	 -0.155029
10.722382 	 4.071259 	 -0.061306 	 -0.153412
10.769060 	 4.112579 	 -0.071447 	 -0.156708
10.816191 	 4.221100 	 -0.047223 	 -0.136932
10.859697 	 4.115845 	 -0.063522 	 -0.135651
10.905469 	 4.047028 	 -0.057535 	 -0.134949
10.953053 	 4.088470 	 -0.046147 	 -0.120605
11.002904 	 4.062439 	 -0.045487 	 -0.108307
11.046410 	 4.065552 	 -0.065109 	 -0.123016
11.093994 	 4.012360 	 -0.053902 	 -0.126251
11.140672 	 4.203705 	 -0.067548 	 -0.137390
11.187804 	 4.089752 	 -0.056534 	 -0.136993
11.235841 	 4.265106 	 -0.046573 	 -0.121185
11.278441 	 4.164703 	 -0.048970 	 -0.113037
11.326932 	 4.089386 	 -0.065024 	 -0.126740
11.370891 	 4.027740 	 -0.066994 	 -0.139557
11.418475 	 4.092743 	 -0.043804 	 -0.123779
11.464247 	 4.134705 	 -0.032565 	 -0.095490
11.507753 	 4.126892 	 -0.052209 	 -0.098816
11.556697 	 4.110718 	 -0.017215 	 -0.071899
11.605188 	 4.224731 	 -0.048011 	 -0.078308
11.649600 	 4.015564 	 -0.021220 	 -0.064758
11.697638 	 4.059723 	 -0.043047 	 -0.070465
11.744769 	 4.129272 	 -0.057024 	 -0.096832
11.792807 	 4.158783 	 -0.065173 	 -0.122101
11.836766 	 4.098389 	 -0.047532 	 -0.119293
11.881631 	 3.992737 	 -0.047756 	 -0.111389
11.929669 	 4.223602 	 -0.089514 	 -0.150421
11.975441 	 4.005127 	 -0.063213 	 -0.157257
12.019853 	 4.100464 	 -0.054765 	 -0.140503
12.067438 	 4.177643 	 -0.024895 	 -0.099915
12.116382 	 4.149597 	 -0.060294 	 -0.106873
12.160341 	 4.031494 	 -0.037476 	 -0.099976
12.209285 	 4.117584 	 -0.038563 	 -0.088013
12.254150 	 4.193787 	 -0.056566 	 -0.102631
12.298563 	 4.108887 	 -0.055767 	 -0.115112
12.346147 	 4.127502 	 -0.016778 	 -0.078918
12.395544 	 4.113495 	 -0.059037 	 -0.092804
12.440863 	 4.164520 	 -0.037433 	 -0.093048
12.486182 	 4.104919 	 -0.039660 	 -0.086578
12.533313 	 4.112732 	 -0.045284 	 -0.090454
12.580444 	 4.107880 	 -0.049471 	 -0.099243
12.627122 	 4.118530 	 -0.069988 	 -0.125732
12.669722 	 3.971893 	 -0.018908 	 -0.091827
12.719572 	 4.026947 	 -0.064981 	 -0.104584
12.763985 	 4.158508 	 -0.061988 	 -0.123901
12.810210 	 4.130432 	 -0.058717 	 -0.130463
12.855528 	 4.183716 	 -0.013795 	 -0.084686
12.905379 	 4.092438 	 -0.054723 	 -0.089355
12.951604 	 4.237793 	 -0.034014 	 -0.085602
12.997829 	 4.048492 	 -0.041918 	 -0.084106
13.043147 	 4.071625 	 -0.060614 	 -0.106415
13.087560 	 4.012665 	 -0.056107 	 -0.118408
13.136504 	 4.013519 	 -0.035111 	 -0.101410
13.181369 	 4.229950 	 -0.050824 	 -0.100677
13.229860 	 4.208466 	 -0.032235 	 -0.086884
13.274272 	 4.135132 	 -0.070084 	 -0.113098
13.320497 	 4.018951 	 -0.064608 	 -0.134369
13.367628 	 4.226074 	 -0.055213 	 -0.132233
13.413400 	 4.017670 	 -0.041801 	 -0.113770
13.459625 	 4.191376 	 -0.039393 	 -0.097992
13.505397 	 4.198547 	 -0.028869 	 -0.078156
13.551169 	 4.131744 	 -0.038051 	 -0.075592
13.599207 	 4.122406 	 -0.060848 	 -0.101135
13.644525 	 4.177399 	 -0.016821 	 -0.076538
13.691203 	 4.075623 	 -0.040704 	 -0.070770
13.739241 	 4.147675 	 -0.015787 	 -0.052490
13.785919 	 4.173553 	 -0.034451 	 -0.054016
13.832144 	 4.163269 	 -0.010823 	 -0.038971
13.879276 	 4.084442 	 -0.029977 	 -0.041504
13.925500 	 4.014496 	 -0.034099 	 -0.054352
13.972179 	 4.078735 	 -0.021199 	 -0.047913
14.017497 	 4.219604 	 -0.052475 	 -0.072296
14.064629 	 4.187622 	 -0.032597 	 -0.074646
14.110854 	 4.285797 	 -0.052773 	 -0.089264
14.155266 	 4.134827 	 -0.060976 	 -0.112915
14.204663 	 4.039337 	 -0.023436 	 -0.087769
14.248622 	 4.291443 	 -0.014967 	 -0.053131
14.293941 	 4.179626 	 -0.074345 	 -0.095520
14.343791 	 4.044464 	 -0.080374 	 -0.145050
14.389563 	 4.157104 	 -0.053370 	 -0.140808
14.435788 	 4.102142 	 -0.014615 	 -0.087799
14.481107 	 4.115540 	 -0.050206 	 -0.084473
14.527332 	 4.158630 	 -0.064246 	 -0.113831
14.573557 	 4.303986 	 -0.010898 	 -0.076569
14.618875 	 4.099335 	 -0.046925 	 -0.076111
14.664647 	 4.115540 	 -0.027771 	 -0.069000
14.715857 	 4.241852 	 -0.052837 	 -0.086426
14.758910 	 4.274506 	 -0.015713 	 -0.064850
14.803322 	 4.158752 	 -0.010876 	 -0.032898
14.850000 	 4.246521 	 -0.063074 	 -0.074554
14.898944 	 4.157837 	 -0.013912 	 -0.061035
14.942450 	 4.254578 	 -0.028070 	 -0.049957
14.989581 	 4.173706 	 -0.035079 	 -0.058502
15.038979 	 4.139526 	 -0.045689 	 -0.075775
15.083391 	 4.174683 	 -0.032224 	 -0.073486
15.135054 	 4.181549 	 -0.019228 	 -0.054901
15.175841 	 4.133423 	 -0.066888 	 -0.090973
15.224785 	 4.186676 	 -0.035527 	 -0.093323
15.270103 	 4.185486 	 -0.029550 	 -0.075165
15.315875 	 4.271606 	 -0.029625 	 -0.064850
15.364366 	 4.180969 	 -0.045689 	 -0.076599
15.408325 	 4.217712 	 -0.061817 	 -0.105042
15.454550 	 4.252716 	 -0.046403 	 -0.107117
15.502135 	 4.125061 	 -0.020730 	 -0.076538
15.545641 	 4.115509 	 -0.043505 	 -0.076141
15.595491 	 4.202728 	 -0.042951 	 -0.084473
15.640356 	 4.189392 	 -0.047521 	 -0.092255
15.688847 	 4.119415 	 -0.012208 	 -0.061584
15.735072 	 4.163269 	 -0.015276 	 -0.036102
15.784470 	 4.241638 	 -0.063415 	 -0.075317
15.827975 	 4.132050 	 -0.006946 	 -0.054840
15.876466 	 4.175598 	 -0.035590 	 -0.051910
15.919519 	 3.988403 	 -0.035612 	 -0.062469
15.966197 	 4.165588 	 -0.021689 	 -0.051666
16.011969 	 4.040771 	 -0.041790 	 -0.063507
16.058194 	 4.217163 	 -0.035953 	 -0.071289
16.106232 	 4.093140 	 -0.044485 	 -0.079956
16.153363 	 4.269043 	 -0.046754 	 -0.089569
16.198228 	 4.060211 	 -0.017896 	 -0.064514
16.244907 	 4.216644 	 -0.036879 	 -0.062012
16.291585 	 4.163086 	 -0.057716 	 -0.090210
16.337357 	 4.106720 	 -0.046733 	 -0.099915
16.385394 	 4.035950 	 -0.014850 	 -0.067749
16.430713 	 4.055573 	 -0.048715 	 -0.075012
16.478751 	 4.139526 	 -0.042078 	 -0.085175
16.524522 	 4.227814 	 -0.024757 	 -0.070312
16.570294 	 4.180481 	 -0.044400 	 -0.076111
16.616519 	 4.256653 	 -0.034547 	 -0.076416
16.663651 	 4.108185 	 -0.020315 	 -0.057312
16.708969 	 4.202545 	 -0.030680 	 -0.053864
16.753835 	 4.139557 	 -0.020347 	 -0.045319
16.802325 	 4.210785 	 -0.026781 	 -0.043884
16.846738 	 4.186432 	 -0.044912 	 -0.065674
16.896135 	 4.132294 	 -0.018514 	 -0.054382
16.940547 	 4.156586 	 -0.050334 	 -0.072906
16.987225 	 4.148621 	 -0.033907 	 -0.076782
17.036623 	 4.216522 	 -0.052912 	 -0.091675
17.078769 	 4.156219 	 -0.050792 	 -0.104095
17.124088 	 4.191254 	 -0.035409 	 -0.092072
17.174391 	 4.149231 	 -0.012368 	 -0.055939
17.218803 	 4.112518 	 -0.023819 	 -0.043549
17.267294 	 4.232483 	 -0.030456 	 -0.049103
17.314879 	 4.155273 	 0.003494 	 -0.018646
17.357932 	 4.173584 	 -0.000096 	 0.005402
17.403703 	 4.241730 	 -0.015414 	 -0.001770
17.451288 	 4.117584 	 -0.015904 	 -0.011475
17.496606 	 4.305756 	 -0.030008 	 -0.030701
17.541925 	 4.246307 	 -0.017236 	 -0.031677
17.591322 	 4.113525 	 -0.028709 	 -0.038452
17.637094 	 4.081299 	 -0.066025 	 -0.085632
17.685132 	 4.309845 	 -0.041077 	 -0.097565
17.729091 	 4.280548 	 -0.017907 	 -0.066101
17.778035 	 4.033386 	 -0.001907 	 -0.026886
17.824260 	 4.143524 	 -0.026877 	 -0.028534
17.869579 	 4.139221 	 -0.024980 	 -0.037537
17.915350 	 4.292877 	 -0.039479 	 -0.056061
17.962482 	 4.126770 	 -0.047479 	 -0.078583
18.008253 	 4.233551 	 0.002940 	 -0.038239
18.052213 	 4.131714 	 -0.050749 	 -0.056641
18.102969 	 4.122711 	 -0.019952 	 -0.056427
18.148288 	 4.060394 	 -0.012698 	 -0.034454
18.193153 	 4.183929 	 -0.053689 	 -0.065063
18.241644 	 4.218536 	 -0.027100 	 -0.067047
18.286057 	 4.147614 	 -0.022360 	 -0.051819
18.335454 	 4.189667 	 0.022488 	 0.003540
18.380772 	 4.089783 	 -0.006125 	 0.016205
18.425185 	 4.130951 	 0.001044 	 0.018097
18.471410 	 4.258636 	 -0.002365 	 0.018250
18.519447 	 4.183655 	 -0.016181 	 0.002594
18.565219 	 4.035706 	 -0.038328 	 -0.034912
18.610538 	 4.130341 	 -0.029508 	 -0.048523
18.659935 	 4.270844 	 -0.035388 	 -0.058319
18.707973 	 4.149200 	 -0.017279 	 -0.045776
18.751025 	 4.203461 	 -0.004559 	 -0.019897
18.799969 	 4.221008 	 -0.040001 	 -0.040741
18.844835 	 4.054077 	 -0.004975 	 -0.027496
18.890607 	 4.117493 	 -0.026632 	 -0.029938
18.938644 	 3.980743 	 -0.015500 	 -0.027344
18.983963 	 4.190552 	 -0.030264 	 -0.037354
19.030641 	 4.203796 	 -0.012282 	 -0.029144
19.072787 	 4.114807 	 -0.013753 	 -0.019531
19.122638 	 4.175690 	 -0.012826 	 -0.016418
19.167957 	 4.234619 	 0.004037 	 0.003723
19.214182 	 4.161530 	 -0.027271 	 -0.012695
19.261766 	 4.145782 	 -0.025694 	 -0.031219
19.306178 	 4.097717 	 -0.016821 	 -0.029266
19.356482 	 4.141724 	 -0.001534 	 -0.009064
19.401801 	 4.139038 	 -0.013806 	 -0.007507
19.449385 	 4.252197 	 -0.013167 	 -0.010559
19.493344 	 4.203430 	 -0.041098 	 -0.040863
19.541835 	 4.098358 	 0.008075 	 -0.014008

 Z Turning Point (V) = -0.272491 
 Turning Time Delay (ms) = 0 
 SEN (V) =  
 App. Driving Voltage (mVrms) = 0.005000 
 App. Vias. Voltage (V) = 0.000000 
 App. Del Z (Bit) = -10 
 App. Delay Time (ms) = 400 
 App. Velocity (nm/s) = -0.113298 
 Ret. Driving Voltage (mVrms) = 0.005000 
 Ret. Vias. Voltage (V) = 0.000000 
 Ret. Del Z (Bit) = -10 
 Ret. Delay Time (ms) = 400 
 Ret. Velocity (nm/s) = -0.113298 
  
 Data Array Size = 805 
 Frequency (Hz) = sen.
 
