32.250078 	 4.173462 	 0.008203 	 0.034760
32.203400 	 4.252380 	 -0.014541 	 0.017487
32.157175 	 4.238129 	 -0.004272 	 0.009399
32.110043 	 4.227631 	 -0.000607 	 0.014160
32.062912 	 4.270813 	 0.026291 	 0.046082
32.018500 	 4.320618 	 -0.034067 	 0.008606
31.970009 	 4.289215 	 0.000788 	 0.003967
31.926050 	 4.278839 	 0.001545 	 0.016724
31.877559 	 4.114685 	 0.009364 	 0.031799
31.834959 	 4.183777 	 -0.007840 	 0.020905
31.785562 	 4.190338 	 -0.020826 	 -0.003265
31.739790 	 4.265808 	 -0.029945 	 -0.028229
31.694019 	 4.218384 	 0.001917 	 -0.009918
31.648247 	 4.155823 	 0.012144 	 0.021790
31.602475 	 4.318115 	 -0.012037 	 0.014404
31.553984 	 4.204376 	 -0.003036 	 0.011627
31.508212 	 4.243988 	 0.007659 	 0.024750
31.461534 	 4.058472 	 0.014296 	 0.042877
31.415762 	 4.127686 	 0.019452 	 0.058960
31.367725 	 4.255859 	 0.001193 	 0.047516
31.325125 	 4.039429 	 -0.011910 	 0.021179
31.276181 	 4.216797 	 0.007542 	 0.025574
31.228596 	 4.257690 	 -0.039021 	 -0.013031
31.181465 	 4.177704 	 -0.008820 	 -0.017792
31.136147 	 4.216461 	 -0.016384 	 -0.014862
31.089922 	 4.160309 	 -0.015020 	 -0.016296
31.042790 	 4.304657 	 -0.032544 	 -0.033844
31.001097 	 4.231628 	 -0.009960 	 -0.025787
30.951247 	 4.139221 	 -0.026877 	 -0.030945
30.902303 	 4.260345 	 -0.033045 	 -0.047089
30.852905 	 4.115509 	 -0.004176 	 -0.023926
30.811665 	 4.143585 	 -0.016192 	 -0.015991
30.764534 	 4.160614 	 0.001161 	 -0.000061
30.716949 	 4.166534 	 0.013721 	 0.027222
30.673444 	 4.118378 	 0.015031 	 0.045990
30.626312 	 4.143646 	 -0.011345 	 0.025360
30.578728 	 4.176819 	 0.015191 	 0.036652
30.532956 	 4.201752 	 -0.004517 	 0.032013
30.486278 	 4.215302 	 -0.001001 	 0.024414
30.439146 	 4.206329 	 0.019484 	 0.042816
30.395187 	 4.273315 	 -0.019175 	 0.019073
30.350775 	 4.263580 	 -0.013284 	 -0.000122
30.299565 	 4.188843 	 -0.017864 	 -0.010651
30.256059 	 4.307159 	 -0.033993 	 -0.034698
30.207115 	 4.152435 	 -0.010908 	 -0.027313
30.162250 	 4.186768 	 0.019015 	 0.014526
30.114665 	 4.210937 	 -0.013433 	 0.013031
30.069347 	 4.247742 	 -0.000927 	 0.012726
30.020856 	 4.191620 	 -0.016096 	 0.001404
29.977350 	 4.203857 	 -0.002716 	 0.003906
29.932938 	 4.257172 	 -0.019121 	 -0.006592
29.881728 	 4.286499 	 -0.019846 	 -0.019043
29.838675 	 4.175873 	 0.000149 	 -0.003418
29.791090 	 4.181610 	 -0.004836 	 0.004730
29.743959 	 4.310730 	 0.011217 	 0.025360
29.698187 	 4.142517 	 -0.009236 	 0.019653
29.652869 	 4.064789 	 0.021944 	 0.039154
29.603018 	 4.093353 	 0.005720 	 0.045715
29.559059 	 4.125031 	 -0.010386 	 0.024353
29.512834 	 4.299774 	 0.022871 	 0.043640
29.464343 	 4.176880 	 -0.003451 	 0.038025
29.417665 	 4.172791 	 -0.014562 	 0.012939
29.372800 	 4.109497 	 0.004506 	 0.017609
29.327481 	 4.119537 	 0.007095 	 0.030243
29.279897 	 4.175690 	 -0.013880 	 0.013947
29.232312 	 4.107544 	 -0.005912 	 0.009857
29.186540 	 4.183868 	 -0.004964 	 0.007812
29.142128 	 4.207794 	 -0.004613 	 0.009308
29.097716 	 4.089630 	 -0.030136 	 -0.016327
29.047865 	 4.206085 	 0.025598 	 0.019440
29.000734 	 4.142059 	 0.004666 	 0.035706
28.954056 	 4.196747 	 0.017875 	 0.049072
28.909190 	 4.166443 	 0.002258 	 0.044556
28.863419 	 4.285370 	 0.005326 	 0.039642
28.815834 	 4.201538 	 0.010024 	 0.044342
28.769156 	 4.167572 	 -0.016352 	 0.019745
28.724290 	 4.165619 	 -0.025321 	 -0.011780
28.675800 	 4.077362 	 0.004197 	 0.001465
28.629121 	 4.197784 	 -0.002173 	 0.012543
28.582443 	 4.262817 	 -0.002418 	 0.014008
28.534859 	 4.201782 	 0.002961 	 0.021179
28.491806 	 4.364105 	 -0.002684 	 0.020691
28.446487 	 4.088562 	 0.014157 	 0.035400
28.398450 	 4.124847 	 0.002248 	 0.035583
28.354491 	 4.240845 	 0.027441 	 0.058228
28.305093 	 4.212585 	 0.008469 	 0.059021
28.258415 	 4.138641 	 0.010972 	 0.054382
28.212643 	 4.217743 	 -0.022509 	 0.017822
28.164606 	 4.192810 	 -0.004698 	 0.007690
28.118834 	 4.160614 	 -0.007542 	 0.005798
28.070343 	 4.221741 	 0.023553 	 0.036255
28.026384 	 4.169739 	 0.001949 	 0.040649
27.979253 	 4.172729 	 -0.001214 	 0.029938
27.932574 	 3.937286 	 0.006253 	 0.031036
27.886803 	 4.191498 	 0.021859 	 0.052063
27.843750 	 4.172760 	 0.015958 	 0.061798
27.792540 	 4.214294 	 0.018663 	 0.066010
27.749034 	 4.246765 	 -0.003505 	 0.045837
27.704169 	 4.238922 	 -0.036922 	 -0.006409
27.656584 	 4.214569 	 -0.006722 	 -0.012146
27.612172 	 4.285645 	 0.009438 	 0.014648
27.559602 	 4.184601 	 0.022434 	 0.045197
27.518362 	 4.080688 	 0.007489 	 0.049744
27.472137 	 4.195374 	 -0.004155 	 0.033691
27.420927 	 4.028564 	 -0.001651 	 0.024689
27.374702 	 4.141937 	 0.009428 	 0.033630
27.329837 	 4.137573 	 0.009598 	 0.041779
27.284972 	 4.262817 	 0.037146 	 0.073700
27.237387 	 4.132416 	 0.003494 	 0.064240
27.191162 	 4.168854 	 -0.018600 	 0.022858
27.141765 	 4.266632 	 0.009726 	 0.024872
27.098259 	 4.212585 	 0.013433 	 0.041046
27.051581 	 4.376099 	 -0.009577 	 0.026642
27.006262 	 4.143677 	 0.003643 	 0.025085
26.959584 	 4.081451 	 -0.006605 	 0.018646
26.915172 	 4.095764 	 -0.033034 	 -0.016846
26.868040 	 4.099854 	 0.001087 	 -0.006042
26.819096 	 4.213684 	 0.009832 	 0.021545
26.776950 	 4.188049 	 0.027079 	 0.054504
26.729819 	 4.169861 	 -0.009012 	 0.038452
26.681328 	 4.194733 	 -0.005955 	 0.020233
26.633743 	 4.203644 	 0.001289 	 0.021301
26.585252 	 4.347717 	 0.008213 	 0.031555
26.542653 	 4.232849 	 0.015617 	 0.046356
26.493256 	 4.154724 	 0.000277 	 0.038635
26.447937 	 4.134430 	 -0.003462 	 0.027527
26.401259 	 4.192322 	 -0.010919 	 0.012482
26.355940 	 4.305450 	 -0.003366 	 0.009918
26.308356 	 4.215759 	 -0.001214 	 0.014923
26.264397 	 4.272797 	 0.009044 	 0.028381
26.216359 	 4.187439 	 -0.023201 	 0.004822
26.170134 	 4.074768 	 -0.002397 	 0.002869
26.124362 	 4.093414 	 0.000980 	 0.014923
26.078137 	 4.117828 	 -0.005539 	 0.014435
26.031459 	 4.197479 	 0.012432 	 0.030365
25.986140 	 4.173126 	 0.010546 	 0.041870
25.935837 	 4.197632 	 0.025140 	 0.062286
25.892784 	 4.231781 	 0.017023 	 0.068390
25.843840 	 4.370605 	 -0.004463 	 0.043945
25.799881 	 4.237488 	 0.009417 	 0.040802
25.750937 	 4.161713 	 -0.021188 	 0.012970
25.707431 	 4.241821 	 -0.044464 	 -0.036957
25.658034 	 4.078918 	 -0.025066 	 -0.047150
25.613622 	 4.310913 	 -0.004485 	 -0.020325
25.566490 	 4.263397 	 0.002706 	 0.003876
25.519812 	 4.192657 	 0.011302 	 0.027374
25.473134 	 4.086731 	 0.006796 	 0.036530
25.426003 	 4.232361 	 0.014583 	 0.046509
25.383403 	 4.183960 	 0.005561 	 0.045105
25.334006 	 4.206818 	 -0.007531 	 0.027466
25.286421 	 4.129730 	 0.018120 	 0.040405
25.242462 	 4.178619 	 -0.005955 	 0.031647
25.193518 	 4.103790 	 -0.008778 	 0.015015
25.150012 	 4.291718 	 -0.006871 	 0.007996
25.102881 	 4.180634 	 0.026024 	 0.040070
25.054843 	 4.016571 	 -0.002099 	 0.038940
25.009978 	 4.258881 	 -0.020634 	 0.008057
24.963300 	 4.218567 	 0.011068 	 0.019745
24.916621 	 4.182678 	 0.029401 	 0.056519
24.870396 	 4.180206 	 -0.003388 	 0.046387
24.825531 	 4.224243 	 0.012964 	 0.046082
24.777493 	 4.155914 	 -0.009428 	 0.027863
24.729456 	 4.086761 	 0.010962 	 0.032837
24.685043 	 4.138672 	 0.008543 	 0.041199
24.635193 	 4.286835 	 -0.029508 	 0.003662
24.593047 	 4.178131 	 0.009950 	 0.012665
24.547275 	 4.105743 	 -0.008650 	 0.014587
24.496065 	 4.209808 	 -0.004815 	 0.011383
24.450746 	 4.214783 	 -0.027697 	 -0.014374
24.404068 	 4.217163 	 0.005699 	 0.001099
24.361015 	 4.202545 	 -0.035548 	 -0.020905
24.316150 	 4.151947 	 -0.004815 	 -0.016846
24.269472 	 4.255737 	 -0.020506 	 -0.017975
24.221887 	 4.185516 	 0.005273 	 0.001862
24.174303 	 4.116516 	 -0.008693 	 0.006378
24.130344 	 4.222198 	 -0.028400 	 -0.018585
24.080040 	 4.170288 	 -0.017726 	 -0.026459
24.036081 	 4.265381 	 0.017012 	 0.011200
23.988950 	 4.169067 	 -0.002056 	 0.021729
23.940005 	 4.249969 	 0.001822 	 0.024384
23.897859 	 4.052795 	 -0.011057 	 0.011749
23.851181 	 4.168549 	 -0.000064 	 0.013794
23.804956 	 4.220978 	 -0.003814 	 0.013855
23.755559 	 4.178528 	 0.004229 	 0.021759
23.709334 	 4.133148 	 0.020900 	 0.045532
23.663562 	 4.308716 	 -0.031234 	 0.008850
23.616884 	 4.155853 	 -0.004155 	 -0.000427
23.573378 	 4.224579 	 0.033737 	 0.046143
23.523981 	 4.177002 	 -0.010951 	 0.035767
23.478662 	 4.123718 	 -0.011121 	 0.012573
23.429265 	 4.193542 	 -0.019888 	 -0.007324
23.387572 	 4.073730 	 -0.003143 	 -0.003326
23.339987 	 4.186981 	 0.020986 	 0.032776
23.291949 	 4.207062 	 0.001044 	 0.036804
23.247537 	 4.337830 	 -0.009928 	 0.019135
23.199953 	 4.085205 	 0.003792 	 0.021027
23.155087 	 4.205231 	 -0.018056 	 0.004578
23.106596 	 4.174408 	 0.000362 	 0.008057
23.059012 	 4.178711 	 0.000788 	 0.016907
23.015053 	 4.180084 	 0.009460 	 0.030365
22.965656 	 4.093658 	 0.011281 	 0.042084
22.919884 	 4.139496 	 0.001449 	 0.037415
22.872752 	 4.217987 	 0.003707 	 0.033447
22.828340 	 4.063141 	 0.002727 	 0.032349
22.782568 	 4.027679 	 0.005241 	 0.034637
22.734077 	 4.195618 	 0.011547 	 0.042847
22.689212 	 4.160370 	 0.011302 	 0.049255
22.641174 	 4.163330 	 -0.012144 	 0.026520
22.596762 	 4.255829 	 0.006125 	 0.026459
22.548724 	 4.225800 	 -0.018386 	 0.007996
22.502046 	 4.231873 	 0.018919 	 0.029327
22.457634 	 4.213104 	 -0.013667 	 0.019348
22.409143 	 4.139374 	 0.005550 	 0.021851
22.365184 	 4.180969 	 -0.035420 	 -0.012024
22.316693 	 4.302734 	 0.023691 	 0.018250
22.270921 	 4.321381 	 -0.037614 	 -0.007385
22.225150 	 4.229492 	 0.004751 	 0.000122
22.178018 	 4.116516 	 0.011590 	 0.025696
22.129980 	 4.068481 	 0.011143 	 0.039642
22.085568 	 4.183990 	 -0.016639 	 0.016724
22.041609 	 4.244873 	 -0.013412 	 -0.000977
21.995384 	 4.101532 	 0.012240 	 0.019379
21.948253 	 4.176514 	 0.000107 	 0.026855
21.900668 	 4.163483 	 -0.008309 	 0.017029
21.853990 	 4.095825 	 0.002354 	 0.019745
21.807765 	 4.273712 	 -0.000437 	 0.020630
21.760181 	 4.206482 	 0.017524 	 0.041290
21.713049 	 4.274628 	 0.007329 	 0.046814
21.669997 	 4.133392 	 0.011558 	 0.048920
21.623318 	 4.161865 	 0.002248 	 0.042023
21.573921 	 4.121857 	 -0.022456 	 0.008942
21.527243 	 4.135590 	 -0.003643 	 0.004242
21.482831 	 4.225739 	 -0.021305 	 -0.008759
21.436153 	 4.141296 	 0.003185 	 0.003540
21.389021 	 4.161530 	 -0.021412 	 -0.005432
21.343250 	 4.234619 	 0.001630 	 0.003296
21.297478 	 4.233826 	 -0.007350 	 0.007294
21.250800 	 4.184570 	 0.006690 	 0.020172
21.201402 	 4.166748 	 -0.021625 	 0.001068
21.155630 	 4.260895 	 0.030903 	 0.036591
21.112125 	 4.223694 	 -0.010003 	 0.031494
21.066806 	 4.168701 	 0.009939 	 0.033722
21.018315 	 4.241852 	 -0.054105 	 -0.024628
20.970277 	 4.129181 	 0.008916 	 -0.011078
20.927678 	 4.252472 	 -0.028251 	 -0.016937
20.879640 	 4.183289 	 -0.016703 	 -0.023132
20.830243 	 4.213287 	 -0.019345 	 -0.024078
20.786737 	 4.117920 	 -0.004953 	 -0.010651
20.740059 	 4.133636 	 0.000831 	 0.006500
20.692474 	 4.158508 	 -0.012836 	 0.001709
20.645343 	 4.204346 	 0.001065 	 0.007019
20.599118 	 4.186310 	 -0.040203 	 -0.025269
20.551080 	 4.223450 	 0.018834 	 0.004883
20.507121 	 4.213928 	 -0.035782 	 -0.014374
20.462256 	 4.175995 	 -0.014307 	 -0.022919
20.415125 	 4.116821 	 0.000426 	 -0.002136
20.368446 	 4.088837 	 -0.037338 	 -0.026825
20.319502 	 4.242065 	 -0.000554 	 -0.015381
20.273277 	 4.109406 	 -0.018376 	 -0.013824
20.229318 	 4.034973 	 0.009470 	 0.008179
20.184000 	 4.212555 	 0.006626 	 0.026917
20.135056 	 4.228241 	 -0.001459 	 0.025879
20.090190 	 4.114746 	 0.017470 	 0.042175
20.042606 	 4.187164 	 -0.019899 	 0.017975
19.997740 	 4.224854 	 -0.004123 	 0.008698
19.952875 	 4.311493 	 0.023841 	 0.040771
19.904837 	 4.240448 	 -0.011654 	 0.028381
19.860878 	 4.230621 	 0.007766 	 0.028442
19.808308 	 4.162994 	 -0.012432 	 0.015472
19.764803 	 4.211121 	 0.015691 	 0.030731
19.718124 	 4.083679 	 0.012655 	 0.047424
19.675072 	 4.259155 	 -0.031969 	 0.006195
19.624315 	 4.239868 	 0.016022 	 0.018219
19.580356 	 4.209717 	 -0.007808 	 0.018982
19.529146 	 4.226776 	 -0.004804 	 0.012421
19.486546 	 4.210785 	 -0.009918 	 0.006378
19.439868 	 4.173401 	 -0.026355 	 -0.016174
19.394550 	 4.119659 	 -0.005007 	 -0.010468
19.347871 	 4.118591 	 0.017204 	 0.023987
19.298927 	 4.260895 	 0.003728 	 0.034790
19.253156 	 4.171417 	 -0.009172 	 0.018921
19.209650 	 4.143890 	 0.018397 	 0.037476
19.161159 	 4.145905 	 0.039085 	 0.080231
19.114481 	 4.142761 	 0.015936 	 0.081360
19.066896 	 4.183685 	 -0.007968 	 0.046936
19.022484 	 4.160522 	 -0.012719 	 0.017731
18.976259 	 4.157471 	 -0.019707 	 -0.005280
18.927768 	 4.195465 	 0.013433 	 0.016602
18.884262 	 4.236847 	 -0.014488 	 0.010345
18.836224 	 4.155670 	 0.000842 	 0.011566
18.786374 	 4.092529 	 0.007180 	 0.026489
18.742868 	 4.226288 	 -0.014413 	 0.012451
18.697096 	 4.203613 	 0.023936 	 0.036926
18.650418 	 4.180573 	 0.004304 	 0.043030
18.606006 	 4.178589 	 -0.002610 	 0.030365
18.561140 	 4.200867 	 -0.006573 	 0.018280
18.509930 	 4.157776 	 0.015212 	 0.035217
18.467331 	 4.156250 	 -0.036134 	 -0.003052
18.418840 	 4.219788 	 -0.030051 	 -0.035339
18.373521 	 4.162750 	 0.042589 	 0.029144
18.327296 	 4.033752 	 0.025524 	 0.069702
18.278352 	 4.157562 	 0.001896 	 0.055634
18.232127 	 4.186584 	 0.008043 	 0.046539
18.186809 	 4.316833 	 -0.020858 	 0.015320
18.138771 	 4.157562 	 0.008820 	 0.020355
18.093452 	 4.175751 	 -0.031905 	 -0.007721
18.046774 	 4.215637 	 -0.001896 	 -0.004822
18.000096 	 4.175812 	 -0.014243 	 -0.005096
17.957950 	 4.132629 	 -0.011814 	 -0.007935
17.910818 	 4.204285 	 0.012442 	 0.016846
17.861421 	 4.284485 	 0.036347 	 0.062225
17.814290 	 4.204803 	 -0.024821 	 0.028076
17.769878 	 4.238464 	 0.020400 	 0.036835
17.725919 	 4.266266 	 0.014147 	 0.052307
17.677881 	 4.069824 	 0.001662 	 0.043701
17.632109 	 4.257843 	 0.005081 	 0.037262
17.579086 	 4.194611 	 -0.023180 	 0.007812
17.534674 	 4.235626 	 0.008128 	 0.015747
17.495247 	 4.155853 	 0.009545 	 0.033752
17.448116 	 4.228546 	 -0.011047 	 0.020538
17.403250 	 4.219513 	 -0.001119 	 0.016418
17.357932 	 4.237793 	 -0.032459 	 -0.014771
17.308534 	 4.154785 	 0.007872 	 0.001129
17.261856 	 4.261719 	 0.015180 	 0.031921
17.216991 	 4.143616 	 0.009715 	 0.043732
17.169859 	 4.136536 	 0.019377 	 0.054199
17.123634 	 4.270660 	 -0.006179 	 0.039154
17.080128 	 4.250427 	 0.004080 	 0.031647
17.031638 	 4.139221 	 -0.001917 	 0.025085
16.983147 	 4.279877 	 0.001150 	 0.024902
16.936922 	 4.219604 	 0.032288 	 0.058044
16.891603 	 4.204010 	 0.025492 	 0.078735
16.846284 	 4.139557 	 -0.003419 	 0.054504
16.800060 	 4.193604 	 -0.027953 	 0.006378
16.750662 	 4.292786 	 0.021582 	 0.027191
16.706250 	 4.177185 	 -0.004527 	 0.029205
16.660025 	 4.090973 	 -0.010770 	 0.012177
16.611987 	 4.324890 	 -0.014392 	 -0.000946
16.565309 	 4.189545 	 0.004059 	 0.011414
16.518631 	 4.185883 	 -0.015755 	 0.002777
16.473766 	 4.216980 	 0.003281 	 0.010437
16.428447 	 4.046417 	 0.019665 	 0.039520
16.379503 	 4.119202 	 -0.003089 	 0.036133
16.333278 	 4.183807 	 0.004485 	 0.033081
16.283427 	 4.246490 	 0.001332 	 0.031311
16.241281 	 4.127563 	 0.010035 	 0.038239
16.191431 	 4.112213 	 0.029476 	 0.065277
16.147925 	 4.135071 	 -0.012464 	 0.040833
16.099887 	 4.216339 	 -0.010386 	 0.013885
16.055022 	 4.322845 	 0.020964 	 0.036713
16.008344 	 4.187775 	 -0.017438 	 0.018951
15.963931 	 4.229553 	 -0.033716 	 -0.021332
15.914534 	 4.255920 	 -0.003345 	 -0.013794
15.871481 	 4.136536 	 -0.031255 	 -0.026947
15.824350 	 4.242004 	 -0.000692 	 -0.012634
15.778125 	 4.152130 	 0.005220 	 0.011993
15.732806 	 4.205414 	 0.000490 	 0.020660
15.686128 	 4.162872 	 -0.008373 	 0.013306
15.637637 	 4.143707 	 0.003792 	 0.018646
15.593678 	 4.232758 	 0.006967 	 0.029541
15.548360 	 4.222687 	 0.000629 	 0.029480
15.498056 	 4.129547 	 0.000309 	 0.026245
15.450925 	 4.282654 	 -0.022626 	 0.001221
15.408778 	 4.127625 	 0.009449 	 0.014191
15.359381 	 4.215637 	 -0.037551 	 -0.016510
15.316782 	 4.233551 	 -0.020986 	 -0.032166
15.264212 	 4.215271 	 -0.004293 	 -0.014832
15.222519 	 4.119476 	 -0.013646 	 -0.010040
15.176294 	 4.191864 	 0.013433 	 0.015656
15.125990 	 4.164642 	 -0.011963 	 0.012268
15.082484 	 4.096405 	 -0.028826 	 -0.016815
15.034900 	 4.170532 	 -0.009321 	 -0.018005
14.986409 	 4.280518 	 -0.008160 	 -0.006958
14.944716 	 4.314209 	 -0.004858 	 0.000916
14.898038 	 4.232666 	 -0.025055 	 -0.015594
14.847281 	 4.251007 	 0.003100 	 -0.001343
14.801056 	 4.204285 	 -0.014860 	 -0.001312
14.754831 	 4.056488 	 0.008256 	 0.014832
14.711325 	 4.079834 	 -0.029050 	 -0.009399
14.666460 	 4.241455 	 0.000256 	 -0.002991
14.619328 	 4.311615 	 0.008746 	 0.020752
14.573103 	 4.263641 	 0.006328 	 0.032410
14.524159 	 4.363495 	 -0.004922 	 0.024536
14.479294 	 4.241638 	 -0.002461 	 0.017944
14.433522 	 4.138916 	 -0.016725 	 0.002502
14.385484 	 4.117828 	 -0.012091 	 -0.006012
14.341072 	 4.149506 	 -0.009300 	 -0.003601
14.294394 	 4.167419 	 -0.028570 	 -0.023254
14.245903 	 4.201630 	 0.005049 	 -0.003967
14.199225 	 4.299591 	 0.007830 	 0.021332
14.151640 	 4.245361 	 -0.030243 	 -0.006622
14.108134 	 4.153015 	 -0.003068 	 -0.005646
14.061456 	 4.126831 	 -0.018152 	 -0.010223
14.012965 	 4.256104 	 -0.003473 	 -0.003052
13.968553 	 4.121368 	 0.004176 	 0.014343
13.924594 	 4.227173 	 0.007617 	 0.027832
13.877463 	 4.223267 	 0.004016 	 0.031891
13.829425 	 4.227448 	 -0.004570 	 0.023926
13.781841 	 4.172668 	 -0.007329 	 0.013672
13.738335 	 4.180603 	 -0.001108 	 0.014221
13.687125 	 4.118225 	 -0.008213 	 0.009949
13.641806 	 4.224915 	 0.010653 	 0.025238
13.597394 	 4.204742 	 -0.013806 	 0.013123
13.551622 	 4.115509 	 -0.001012 	 0.011414
13.504944 	 4.259247 	 0.009811 	 0.028107
13.459625 	 4.100128 	 -0.003611 	 0.024139
13.410681 	 4.217377 	 -0.005902 	 0.015472
13.363550 	 4.203827 	 0.022797 	 0.040985
13.319591 	 4.178680 	 -0.028762 	 0.010254
13.271100 	 4.206787 	 -0.011537 	 -0.006470
13.223062 	 4.200775 	 0.012954 	 0.020416
13.178197 	 4.166595 	 0.001108 	 0.028046
13.131519 	 4.124939 	 -0.017811 	 0.005646
13.085294 	 4.438843 	 -0.010397 	 -0.003296
13.038162 	 4.140442 	 -0.034451 	 -0.029449
12.993750 	 4.196960 	 -0.008970 	 -0.022766
12.945259 	 4.251617 	 -0.024256 	 -0.026398
12.901753 	 4.274414 	 0.001225 	 -0.005981
12.854169 	 4.239532 	 -0.009854 	 0.001343
12.806584 	 4.160583 	 -0.007766 	 0.000946
12.761266 	 4.189911 	 -0.024107 	 -0.014923
12.714134 	 4.180206 	 -0.009481 	 -0.013367
12.668816 	 4.238892 	 0.023084 	 0.027557
12.621231 	 4.193756 	 -0.035282 	 -0.002289
12.575006 	 4.231812 	 -0.024043 	 -0.028046
12.530594 	 4.239502 	 -0.027196 	 -0.037689
12.483463 	 4.173340 	 -0.009332 	 -0.027191
12.434518 	 4.140381 	 -0.029060 	 -0.035187
12.391013 	 4.084351 	 0.012804 	 -0.001923
12.342068 	 4.266357 	 -0.013401 	 0.002716
12.296750 	 4.167480 	 -0.015084 	 -0.006683
12.252338 	 4.300964 	 -0.002248 	 0.000793
12.203847 	 4.126282 	 -0.018067 	 -0.007263
12.158981 	 4.296021 	 -0.004932 	 -0.002655
12.110490 	 4.095581 	 -0.000671 	 0.010193
12.063812 	 4.212952 	 -0.007947 	 0.008575
12.020760 	 4.240723 	 -0.001545 	 0.011017
11.972722 	 4.149536 	 -0.033151 	 -0.016998
11.926044 	 4.246735 	 -0.031148 	 -0.040222
11.879819 	 4.340790 	 -0.046637 	 -0.067596
11.832234 	 4.278198 	 -0.006807 	 -0.045532
11.789182 	 4.235138 	 -0.009023 	 -0.020996
11.738425 	 4.235382 	 0.003899 	 0.003204
11.692200 	 4.155701 	 0.009992 	 0.025970
11.645068 	 4.200653 	 -0.034930 	 -0.007935
11.601562 	 4.086670 	 -0.021753 	 -0.026398
11.552165 	 4.179840 	 -0.026419 	 -0.034973
11.507300 	 4.156403 	 -0.001182 	 -0.014740
11.461075 	 4.141693 	 -0.022189 	 -0.017120
11.416209 	 4.026642 	 0.013433 	 0.010193
11.368172 	 4.215210 	 -0.009470 	 0.012268
11.322853 	 4.204010 	 -0.022711 	 -0.009460
11.277081 	 4.118378 	 -0.021870 	 -0.023682
11.228137 	 4.229706 	 -0.016426 	 -0.024323
11.182819 	 4.260559 	 -0.017854 	 -0.023560
11.133875 	 4.254059 	 -0.034270 	 -0.041199
11.091275 	 4.210114 	 -0.009012 	 -0.029114
11.042331 	 4.136322 	 -0.016767 	 -0.021820
10.997919 	 4.249695 	 -0.038019 	 -0.042969
10.951241 	 4.237823 	 -0.022946 	 -0.046753
10.903203 	 4.152771 	 0.018014 	 0.001190
10.861057 	 4.095612 	 -0.009982 	 0.008850
10.808940 	 4.069885 	 0.018344 	 0.031311
10.764981 	 4.175262 	 0.006466 	 0.040924
10.717397 	 4.187225 	 -0.004101 	 0.028809
10.670265 	 4.167694 	 -0.012709 	 0.010986
10.627666 	 4.068634 	 -0.004101 	 0.008545
10.578268 	 4.295471 	 0.004740 	 0.020111
10.532043 	 4.216675 	 0.004783 	 0.027466
10.486272 	 4.081573 	 -0.011782 	 0.016418
10.439140 	 4.017517 	 -0.025449 	 -0.010101
10.394728 	 4.167542 	 0.024096 	 0.023529
10.348956 	 4.216614 	 -0.012581 	 0.019562
10.301825 	 4.218231 	 0.016192 	 0.032257
10.256053 	 4.234772 	 -0.038168 	 -0.005737
10.207562 	 4.172882 	 -0.005976 	 -0.010956
10.161790 	 4.135559 	 -0.009342 	 -0.005219
10.115112 	 4.269958 	 0.006381 	 0.013550
10.067528 	 4.129578 	 -0.013380 	 0.007019
10.023116 	 4.139557 	 -0.018109 	 -0.009399
9.975531 	 4.118622 	 -0.010706 	 -0.009613
9.928853 	 4.252655 	 -0.011111 	 -0.008270
9.885347 	 4.169952 	 -0.016469 	 -0.012573
9.837762 	 4.333679 	 -0.033950 	 -0.036591
9.792897 	 4.143219 	 -0.040832 	 -0.060669
9.746672 	 4.138641 	 -0.004570 	 -0.034576
9.696822 	 4.102325 	 -0.014999 	 -0.020935
9.651050 	 4.171936 	 -0.028656 	 -0.032593
9.607091 	 4.180481 	 0.001108 	 -0.012054
9.558600 	 4.263611 	 -0.009342 	 -0.002594
9.511469 	 4.209961 	 0.004336 	 0.012085
9.464337 	 4.230621 	 -0.012027 	 0.006866
9.419019 	 4.098480 	 -0.018344 	 -0.008820
9.374153 	 4.127777 	 -0.027505 	 -0.027374
9.328835 	 4.149292 	 -0.034099 	 -0.046906
9.279890 	 4.202240 	 0.048011 	 0.028625
9.235478 	 4.323792 	 -0.021050 	 0.022400
9.188800 	 4.174805 	 -0.028038 	 -0.015839
9.143028 	 4.134644 	 -0.034951 	 -0.041534
9.094537 	 4.180420 	 0.004719 	 -0.013275
9.049672 	 4.187408 	 0.011366 	 0.020081
9.000275 	 4.180511 	 -0.013923 	 0.012054
8.953143 	 4.119843 	 0.000192 	 0.011871
8.906918 	 4.229462 	 -0.013252 	 0.003998
8.861147 	 4.177826 	 -0.008863 	 0.000031
8.814015 	 4.215820 	 -0.008831 	 -0.000366
8.770963 	 4.094574 	 0.006104 	 0.014709
8.724284 	 4.122711 	 -0.031894 	 -0.011108
8.678513 	 4.277924 	 -0.000128 	 -0.005402
8.628662 	 4.215546 	 -0.034291 	 -0.024811
8.584250 	 4.124695 	 -0.009609 	 -0.021545
8.538478 	 4.231140 	 -0.024703 	 -0.026703
8.491347 	 4.189606 	 -0.007872 	 -0.017609
8.444215 	 4.141846 	 -0.021806 	 -0.021301
8.397084 	 4.167419 	 0.006328 	 0.000854
8.349046 	 4.115540 	 -0.017982 	 -0.003143
8.304181 	 4.023468 	 -0.010077 	 -0.006195
8.259315 	 4.066589 	 -0.014615 	 -0.009308
8.211731 	 4.169891 	 -0.007819 	 -0.006805
8.168225 	 4.221039 	 -0.001055 	 0.004974
8.120641 	 4.189758 	 -0.029614 	 -0.016205
8.075322 	 4.125549 	 0.006754 	 0.000458
8.028191 	 4.253479 	 -0.032416 	 -0.018982
7.981512 	 4.083893 	 -0.009577 	 -0.019318
7.933928 	 4.088562 	 -0.012709 	 -0.013336
7.889062 	 4.310913 	 -0.034174 	 -0.034058
7.838759 	 4.159821 	 -0.035356 	 -0.053467
7.797066 	 4.337036 	 -0.023617 	 -0.050354
7.751747 	 4.225800 	 -0.013401 	 -0.033569
7.702803 	 4.213684 	 -0.020826 	 -0.029602
7.654765 	 4.098969 	 -0.000021 	 -0.009491
7.609900 	 4.255859 	 -0.025481 	 -0.018341
7.564128 	 4.166931 	 -0.017257 	 -0.024078
7.518810 	 4.249390 	 0.005475 	 -0.000580
7.470772 	 4.278748 	 -0.016117 	 -0.002197
7.422734 	 4.239349 	 -0.002684 	 0.002472
7.376962 	 4.340576 	 -0.014328 	 -0.002747
7.332550 	 4.169647 	 0.004868 	 0.010559
7.286325 	 4.163391 	 0.013603 	 0.034576
7.236928 	 4.104919 	 -0.049865 	 -0.017303
7.192969 	 4.122437 	 -0.016906 	 -0.030823
7.148557 	 4.129425 	 0.005710 	 -0.000671
7.096893 	 4.134033 	 -0.008852 	 0.004944
7.052481 	 4.137268 	 -0.010493 	 0.000183
7.007162 	 4.071594 	 0.008575 	 0.017029
6.960937 	 4.164368 	 -0.033417 	 -0.011688
6.914259 	 4.159912 	 -0.033971 	 -0.041351
6.864862 	 4.121216 	 -0.022360 	 -0.042755
6.822263 	 4.254852 	 0.004634 	 -0.010559
6.771959 	 4.160675 	 -0.001545 	 0.007812
6.727547 	 4.167511 	 -0.004091 	 0.010010
6.679509 	 4.006439 	 -0.038350 	 -0.024414
6.636909 	 4.124939 	 0.011132 	 -0.001556
6.588419 	 4.134552 	 -0.036784 	 -0.021545
6.543100 	 4.292725 	 0.001960 	 -0.009644
6.496875 	 4.106445 	 -0.020709 	 -0.014618
6.448837 	 4.273712 	 -0.027313 	 -0.030945
6.403972 	 4.157532 	 -0.030989 	 -0.044403
6.355934 	 4.145691 	 -0.021103 	 -0.041412
6.312428 	 4.236572 	 -0.007883 	 -0.023254
6.264391 	 4.168518 	 -0.014860 	 -0.018585
6.217712 	 4.165833 	 -0.017747 	 -0.019745
6.169675 	 4.244812 	 -0.033119 	 -0.037659
6.124809 	 4.207001 	 0.004314 	 -0.012634
6.075412 	 4.262909 	 -0.006147 	 0.002258
6.028281 	 4.126526 	 0.005454 	 0.016998
5.984322 	 4.112885 	 -0.005348 	 0.016693
5.936284 	 4.166351 	 -0.061604 	 -0.046417
5.892325 	 4.187622 	 -0.032491 	 -0.067902
5.844740 	 4.286713 	 -0.014221 	 -0.044983
5.798969 	 4.155457 	 -0.041300 	 -0.056793
5.753197 	 4.089722 	 -0.034184 	 -0.065887
5.706065 	 4.115784 	 -0.034855 	 -0.067139
5.659840 	 4.244659 	 -0.033566 	 -0.067200
5.614069 	 4.259583 	 0.005603 	 -0.024719
5.566484 	 4.122406 	 -0.006882 	 -0.003876
5.520712 	 4.253021 	 -0.038893 	 -0.032837
5.474940 	 4.183105 	 -0.023489 	 -0.042542
5.428262 	 4.212738 	 -0.027207 	 -0.045044
5.380678 	 4.169678 	 -0.025204 	 -0.045288
5.335812 	 4.181091 	 -0.025929 	 -0.044983
5.290494 	 4.094147 	 -0.053487 	 -0.074799
5.243362 	 4.262909 	 -0.031692 	 -0.076111
5.193059 	 4.231964 	 -0.032970 	 -0.069214
5.149100 	 4.126282 	 -0.023436 	 -0.056122
5.103781 	 4.137665 	 -0.018695 	 -0.041321
5.058009 	 4.208160 	 -0.047873 	 -0.063416
5.013144 	 4.131714 	 -0.045838 	 -0.083893
4.963293 	 4.143738 	 -0.047809 	 -0.093475
4.918428 	 4.106384 	 -0.039138 	 -0.089661
4.870844 	 4.307495 	 -0.009097 	 -0.053223
4.824165 	 4.099670 	 -0.026759 	 -0.043457
4.777940 	 4.091766 	 -0.029668 	 -0.048798
4.733075 	 4.127808 	 -0.014030 	 -0.034454
4.684131 	 4.211487 	 -0.054137 	 -0.064758
4.638812 	 4.220886 	 -0.069722 	 -0.112305
4.593040 	 4.173370 	 -0.029380 	 -0.096985
4.546362 	 4.124573 	 -0.044070 	 -0.087250
4.498778 	 4.109436 	 -0.022754 	 -0.068878
4.453006 	 4.296692 	 -0.042824 	 -0.071991
4.404062 	 4.163666 	 -0.021870 	 -0.059692
4.361009 	 4.173340 	 -0.051751 	 -0.076691
4.312065 	 4.141754 	 -0.050781 	 -0.096161
4.266747 	 4.232391 	 -0.043399 	 -0.093964
4.220068 	 4.120544 	 -0.056246 	 -0.105225
4.175656 	 4.150665 	 -0.075879 	 -0.137543
4.128072 	 4.109985 	 -0.036112 	 -0.117065
4.080940 	 4.177246 	 -0.053274 	 -0.110413
4.035622 	 4.145599 	 -0.046648 	 -0.108215
3.992116 	 4.134583 	 -0.057599 	 -0.115448
3.942265 	 4.189667 	 -0.069498 	 -0.134766
3.899666 	 4.165771 	 -0.044049 	 -0.121765
3.848456 	 4.256622 	 -0.033119 	 -0.095581
3.801324 	 4.238678 	 -0.067410 	 -0.114807
3.756912 	 4.184875 	 -0.049993 	 -0.118500
3.708421 	 4.088135 	 -0.036560 	 -0.099060
3.663556 	 4.209991 	 -0.048054 	 -0.096008
3.616425 	 4.230621 	 -0.078680 	 -0.132568
3.571106 	 4.273163 	 -0.074558 	 -0.157104
3.525334 	 4.171783 	 -0.055181 	 -0.145325
3.480469 	 4.118439 	 -0.066611 	 -0.145416
3.431071 	 4.158234 	 -0.065418 	 -0.149292
3.385300 	 4.130707 	 -0.074089 	 -0.158630
3.339981 	 4.118134 	 -0.069061 	 -0.161224
3.292397 	 4.177673 	 -0.064427 	 -0.155029
3.248438 	 4.290527 	 -0.107421 	 -0.196228
3.202213 	 4.207947 	 -0.056672 	 -0.178131
3.153268 	 4.143341 	 -0.060997 	 -0.154175
3.107497 	 4.185608 	 -0.075730 	 -0.160492
3.060818 	 4.186584 	 -0.076987 	 -0.171570
3.013687 	 4.095703 	 -0.073940 	 -0.174042
2.968822 	 4.125275 	 -0.071469 	 -0.170288
2.921690 	 4.303101 	 -0.079415 	 -0.177124
2.873653 	 4.123810 	 -0.083368 	 -0.186462
2.830147 	 4.104919 	 -0.099496 	 -0.209015
2.783015 	 4.113434 	 -0.099624 	 -0.225983
2.737244 	 4.134888 	 -0.099560 	 -0.234039
2.691019 	 4.067535 	 -0.102170 	 -0.239746
2.641621 	 3.999573 	 -0.110532 	 -0.252411
2.596756 	 3.999481 	 -0.051687 	 -0.200287
2.550984 	 4.044617 	 -0.108018 	 -0.211639
2.504306 	 4.210754 	 -0.104492 	 -0.236053
2.457628 	 4.163788 	 -0.129589 	 -0.270935
2.410497 	 4.187592 	 -0.115272 	 -0.282959
2.365631 	 4.123505 	 -0.103906 	 -0.270538
2.316234 	 4.224762 	 -0.098047 	 -0.254639
2.270462 	 4.037506 	 -0.097994 	 -0.244324
2.225597 	 4.054718 	 -0.087725 	 -0.229431
2.179372 	 4.193726 	 -0.128375 	 -0.261444
2.135413 	 4.160553 	 -0.133446 	 -0.296967
2.088734 	 3.992279 	 -0.103299 	 -0.283478
2.040244 	 4.186584 	 -0.108827 	 -0.272369
1.995378 	 3.555267 	 -0.392859 	 -0.565948
1.948700 	 3.605804 	 -0.345455 	 -0.762054
1.900209 	 3.725647 	 -0.343505 	 -0.827576
1.856250 	 3.574615 	 -0.346744 	 -0.860870
1.808665 	 3.772156 	 -0.330711 	 -0.860107
1.761987 	 3.699371 	 -0.342578 	 -0.867371
1.716669 	 3.605377 	 -0.344219 	 -0.878082
1.670897 	 3.800873 	 -0.342855 	 -0.881622
1.620140 	 3.621643 	 -0.279589 	 -0.815674
1.575728 	 3.804810 	 -0.267839 	 -0.750366
1.529050 	 3.752441 	 -0.334994 	 -0.785797
1.485091 	 3.680603 	 -0.309960 	 -0.802612
1.435240 	 3.809021 	 -0.345487 	 -0.836914
1.394000 	 3.616486 	 -0.358536 	 -0.881836
1.343243 	 3.634583 	 -0.320847 	 -0.867157
1.298378 	 3.679352 	 -0.329465 	 -0.852814
1.250340 	 3.554565 	 -0.331627 	 -0.853851
1.204115 	 3.602478 	 -0.346296 	 -0.871277
1.160609 	 3.593170 	 -0.326035 	 -0.862183
1.111665 	 3.676666 	 -0.333737 	 -0.857544
1.063628 	 3.551331 	 -0.292713 	 -0.817505
1.019215 	 3.533661 	 -0.329678 	 -0.820923
0.970724 	 3.642670 	 -0.306562 	 -0.813538
0.926312 	 3.658112 	 -0.255717 	 -0.747009
0.878728 	 3.628265 	 -0.247386 	 -0.689270
0.834315 	 3.623627 	 -0.239578 	 -0.650452
0.785371 	 3.557648 	 -0.308490 	 -0.702362
0.741866 	 3.488739 	 -0.131656 	 -0.568207
0.693828 	 3.563568 	 -0.216600 	 -0.525543
0.649869 	 3.438171 	 -0.219231 	 -0.543823
0.599565 	 3.557556 	 -0.190640 	 -0.523010
0.555153 	 3.477417 	 -0.139060 	 -0.447449
0.508928 	 3.387543 	 -0.099634 	 -0.350677
0.463156 	 3.319458 	 -0.068251 	 -0.259888
0.414665 	 3.165405 	 0.044922 	 -0.086700
0.369347 	 2.838623 	 0.261299 	 0.261139
0.322668 	 2.519623 	 0.284458 	 0.529449
0.274631 	 2.664886 	 0.319984 	 0.695557
0.228406 	 2.476807 	 0.417179 	 0.887054
0.186713 	 2.232147 	 0.447795 	 1.046234
0.135956 	 1.675720 	 0.826837 	 1.527435
0.091090 	 1.708862 	 0.751395 	 1.816803
0.043506 	 1.369415 	 0.923488 	 2.098846
0.000000 	 1.065338 	 0.968560 	 2.339111
0.043959 	 1.279205 	 0.984315 	 2.483826
0.090184 	 1.537384 	 0.936676 	 2.507172
0.139128 	 1.405579 	 0.909267 	 2.470947
0.183087 	 1.617432 	 0.822576 	 2.354980
0.230219 	 1.958679 	 0.590689 	 2.026337
0.274631 	 1.891357 	 0.597731 	 1.792999
0.324481 	 2.349976 	 0.534891 	 1.625183
0.367081 	 2.405609 	 0.499513 	 1.487732
0.416025 	 2.605774 	 0.534337 	 1.446014
0.458624 	 2.492889 	 0.539631 	 1.451050
0.507568 	 2.699493 	 0.455614 	 1.364502
0.555153 	 2.748016 	 0.360379 	 1.192810
0.600925 	 3.152649 	 0.246598 	 0.958282
0.648962 	 2.536804 	 0.514203 	 1.087891
0.694281 	 3.000214 	 0.237863 	 0.962067
0.742772 	 3.102203 	 0.167886 	 0.720947
0.785371 	 3.312012 	 0.073706 	 0.488892
0.833862 	 3.368896 	 0.028783 	 0.299622
0.876009 	 3.417664 	 0.017588 	 0.183197
0.926312 	 3.443542 	 0.086286 	 0.197235
0.972990 	 3.444061 	 -0.067953 	 0.068542
1.017403 	 3.441620 	 0.019963 	 0.040100
1.065894 	 3.394501 	 -0.014008 	 0.028381
1.111665 	 3.629364 	 -0.115901 	 -0.097870
1.155624 	 3.460297 	 -0.113461 	 -0.195831
1.205475 	 3.513123 	 -0.113589 	 -0.235168
1.250340 	 3.591339 	 -0.134181 	 -0.276917
1.300644 	 3.646393 	 -0.166522 	 -0.338226
1.343243 	 3.557617 	 -0.127054 	 -0.337952
1.389922 	 3.558105 	 -0.138857 	 -0.334198
1.437506 	 3.642334 	 -0.153281 	 -0.352875
1.482825 	 3.657745 	 -0.108273 	 -0.320160
1.531316 	 3.585449 	 -0.160109 	 -0.342255
1.576634 	 3.598328 	 -0.178432 	 -0.392273
1.623766 	 3.602386 	 -0.108934 	 -0.349243
1.669084 	 3.641235 	 -0.299052 	 -0.501251
1.715762 	 3.735596 	 -0.334418 	 -0.683014
1.761987 	 3.584473 	 -0.295803 	 -0.738403
1.808212 	 3.737366 	 -0.273709 	 -0.725037
1.852625 	 3.701355 	 -0.294929 	 -0.731567
1.900662 	 3.724518 	 -0.289688 	 -0.739777
1.947340 	 3.638092 	 -0.307915 	 -0.757904
1.994019 	 3.732788 	 -0.324011 	 -0.791809
2.037524 	 3.577301 	 -0.291254 	 -0.780396
2.086469 	 3.687988 	 -0.330765 	 -0.803223
2.134506 	 3.564484 	 -0.337902 	 -0.837708
2.175746 	 3.594757 	 -0.352315 	 -0.869080
2.227409 	 3.712555 	 -0.329550 	 -0.867249
2.273634 	 3.748291 	 -0.331276 	 -0.860016
2.320766 	 3.659302 	 -0.323265 	 -0.846130
2.363365 	 3.714325 	 -0.314296 	 -0.829529
2.412309 	 3.751129 	 -0.294194 	 -0.797516
2.459441 	 3.725311 	 -0.385477 	 -0.869659
2.506119 	 3.706329 	 -0.389908 	 -0.942780
2.551891 	 3.556274 	 -0.348182 	 -0.934753
2.599022 	 3.495209 	 -0.395511 	 -0.964172
2.643887 	 3.691772 	 -0.357151 	 -0.955658
2.690565 	 3.682098 	 -0.341204 	 -0.921539
2.736790 	 3.708679 	 -0.332256 	 -0.888580
2.783015 	 3.658844 	 -0.369295 	 -0.910095
2.830147 	 3.598145 	 -0.338520 	 -0.902405
2.873199 	 3.663971 	 -0.377945 	 -0.928131
2.921690 	 3.721558 	 -0.395469 	 -0.972748
2.970181 	 3.692108 	 -0.358994 	 -0.962128
3.015953 	 3.784729 	 -0.356139 	 -0.940033
3.063084 	 3.686737 	 -0.351974 	 -0.925720
3.107950 	 3.621094 	 -0.414249 	 -0.981689
3.155988 	 3.651581 	 -0.358131 	 -0.973572
3.198587 	 3.652008 	 -0.395245 	 -0.985626
3.250703 	 3.711639 	 -0.386499 	 -0.996399
3.297382 	 3.586456 	 -0.388417 	 -1.001587
3.337262 	 3.473480 	 -0.392145 	 -1.007843
3.385300 	 3.754181 	 -0.402904 	 -1.023346
3.436963 	 3.690399 	 -0.400007 	 -1.033417
3.480016 	 3.725220 	 -0.409253 	 -1.044525
3.527600 	 3.803253 	 -0.389152 	 -1.032654
3.567934 	 3.760895 	 -0.433627 	 -1.065521
3.620050 	 3.591431 	 -0.417158 	 -1.082275
3.663103 	 3.729797 	 -0.379341 	 -1.042206
3.711594 	 3.686157 	 -0.430569 	 -1.064270
3.758272 	 3.576843 	 -0.449243 	 -1.113525
3.802231 	 3.591370 	 -0.402318 	 -1.090485
3.849815 	 3.636414 	 -0.416636 	 -1.079498
3.895587 	 3.769073 	 -0.428812 	 -1.093414
3.942719 	 3.764160 	 -0.440412 	 -1.116455
3.989397 	 3.690735 	 -0.424135 	 -1.114044
4.036981 	 3.591827 	 -0.418095 	 -1.101013
4.084566 	 3.726227 	 -0.395959 	 -1.069611
4.131697 	 3.673309 	 -0.445589 	 -1.098969
4.176109 	 3.666412 	 -0.407868 	 -1.091858
4.221428 	 3.634735 	 -0.461451 	 -1.129333
4.267653 	 3.626373 	 -0.443683 	 -1.150055
4.311612 	 3.651001 	 -0.442394 	 -1.150269
4.362369 	 3.592743 	 -0.425307 	 -1.131836
4.408594 	 3.683258 	 -0.433605 	 -1.125549
4.452553 	 3.685364 	 -0.438665 	 -1.130981
4.501497 	 3.719238 	 -0.439272 	 -1.136566
4.546362 	 3.785889 	 -0.438420 	 -1.138763
4.593040 	 3.684113 	 -0.409562 	 -1.109406
4.640172 	 3.729492 	 -0.402872 	 -1.075806
4.685490 	 3.783295 	 -0.407826 	 -1.065308
4.732169 	 3.779358 	 -0.428822 	 -1.084625
4.777487 	 3.765991 	 -0.401179 	 -1.071533
4.825072 	 3.773468 	 -0.389567 	 -1.042511
4.874922 	 3.863953 	 -0.418159 	 -1.054565
4.918881 	 3.764465 	 -0.400934 	 -1.052612
4.965559 	 3.768158 	 -0.400145 	 -1.046997
5.009972 	 3.779694 	 -0.379777 	 -1.020966
5.057556 	 3.965698 	 -0.118990 	 -0.728333
5.103328 	 4.279694 	 -0.015936 	 -0.384155
5.150006 	 4.173126 	 -0.008469 	 -0.182404
5.198044 	 4.103241 	 -0.029582 	 -0.110077
5.240643 	 4.019135 	 -0.047479 	 -0.102661
5.292307 	 4.219696 	 -0.006988 	 -0.064087
5.333546 	 4.100830 	 -0.001236 	 -0.023773
5.382944 	 4.112671 	 0.005603 	 0.004883
5.428716 	 4.111511 	 -0.005454 	 0.007843
5.473581 	 4.221466 	 -0.008011 	 0.003052
5.523885 	 4.203674 	 -0.021156 	 -0.013367
5.567844 	 4.100616 	 -0.035889 	 -0.041382
5.615428 	 4.240936 	 -0.010504 	 -0.033905
5.661653 	 4.187408 	 -0.030179 	 -0.039581
5.708784 	 4.068604 	 -0.029785 	 -0.050171
5.751837 	 4.301392 	 -0.019228 	 -0.042694
5.800781 	 4.167480 	 -0.041077 	 -0.058167
5.848366 	 4.161621 	 -0.047777 	 -0.080658
5.892778 	 4.194702 	 -0.042504 	 -0.089813
5.937643 	 4.176331 	 0.004027 	 -0.041412
5.983868 	 4.263702 	 -0.009907 	 -0.016693
6.032359 	 4.177124 	 -0.070851 	 -0.074036
6.075412 	 4.224915 	 -0.021774 	 -0.073273
6.127075 	 4.269928 	 -0.014211 	 -0.045410
6.174207 	 4.232697 	 -0.022221 	 -0.038574
6.219525 	 4.140320 	 -0.033535 	 -0.049927
6.265297 	 4.065796 	 -0.023159 	 -0.048157
6.312428 	 4.255707 	 -0.038797 	 -0.059631
6.359106 	 4.144531 	 -0.022189 	 -0.053101
6.402612 	 4.293518 	 -0.031052 	 -0.053589
6.452010 	 4.223541 	 -0.026152 	 -0.052429
6.492796 	 4.196350 	 -0.034238 	 -0.058197
6.541287 	 4.316986 	 -0.018738 	 -0.047546
6.589778 	 4.095551 	 -0.035612 	 -0.054749
6.634190 	 4.137299 	 -0.035569 	 -0.063812
6.683588 	 4.019287 	 0.005028 	 -0.025330
6.729813 	 4.251617 	 -0.011313 	 -0.009216
6.773318 	 4.160797 	 0.006072 	 0.009338
6.819543 	 4.074188 	 -0.022775 	 -0.004791
6.868488 	 4.187317 	 -0.035931 	 -0.036041
6.911993 	 4.152893 	 -0.019984 	 -0.038757
6.961391 	 4.094330 	 -0.031297 	 -0.046631
7.005350 	 4.227814 	 -0.039500 	 -0.062134
7.052028 	 4.053680 	 -0.004549 	 -0.036163
7.100972 	 4.289520 	 -0.056416 	 -0.064545
7.147650 	 4.277527 	 -0.016991 	 -0.057220
7.191609 	 4.208344 	 -0.046914 	 -0.069183
7.237381 	 4.280914 	 -0.051133 	 -0.091003
7.286778 	 4.127594 	 -0.019888 	 -0.070770
7.332097 	 4.234589 	 0.001257 	 -0.025879
7.374696 	 4.120514 	 -0.046786 	 -0.047424
7.424094 	 4.149414 	 -0.010546 	 -0.039520
7.471225 	 4.114655 	 -0.012709 	 -0.022400
7.519263 	 4.183563 	 -0.012783 	 -0.016449
7.562769 	 4.172760 	 -0.023287 	 -0.024933
7.608540 	 4.204102 	 -0.032054 	 -0.042480
7.658391 	 4.216858 	 -0.018962 	 -0.041351
7.702350 	 4.157715 	 -0.055852 	 -0.072449
7.749028 	 4.177063 	 -0.021742 	 -0.064972
7.794800 	 4.092712 	 -0.012794 	 -0.038544
7.841025 	 4.195923 	 -0.017417 	 -0.028839
7.890422 	 4.149536 	 -0.057748 	 -0.068420
7.935741 	 4.182678 	 0.005262 	 -0.036011
7.984685 	 4.371948 	 -0.031681 	 -0.035095
8.027284 	 4.188416 	 -0.042962 	 -0.062073
8.075775 	 4.297363 	 -0.038978 	 -0.072845
8.119281 	 4.101501 	 -0.026887 	 -0.063995
8.168678 	 4.177307 	 -0.041524 	 -0.069916
8.213091 	 4.156494 	 -0.022200 	 -0.059845
8.261128 	 4.058533 	 -0.030616 	 -0.055939
8.307806 	 4.103760 	 -0.031990 	 -0.058380
8.352672 	 4.101440 	 0.009289 	 -0.017578
8.399350 	 4.272736 	 -0.017396 	 -0.009827
8.446481 	 4.129547 	 -0.036443 	 -0.038300
8.490894 	 4.196503 	 -0.014392 	 -0.035431
8.535759 	 4.277740 	 -0.026706 	 -0.038055
8.585156 	 4.210815 	 -0.024032 	 -0.040588
8.631381 	 4.207214 	 -0.019654 	 -0.036255
8.678059 	 4.090393 	 -0.004421 	 -0.017059
8.722925 	 4.222595 	 -0.018163 	 -0.016113
8.769603 	 4.195465 	 0.011590 	 0.010559
8.818547 	 4.171570 	 -0.034547 	 -0.014496
8.863866 	 4.090851 	 -0.024640 	 -0.033478
8.908278 	 4.160187 	 -0.039457 	 -0.053650
8.957675 	 4.197845 	 -0.023191 	 -0.051788
9.001181 	 4.176819 	 -0.037487 	 -0.059601
9.047859 	 4.172699 	 -0.008341 	 -0.037781
9.094084 	 4.120575 	 -0.035548 	 -0.045197
9.141216 	 4.265747 	 0.007084 	 -0.015778
9.188347 	 4.224915 	 -0.021135 	 -0.014648
9.234572 	 4.075012 	 -0.009971 	 -0.013336
9.283969 	 4.247498 	 0.001449 	 0.002808
9.328381 	 4.193970 	 -0.014530 	 -0.000214
9.373247 	 4.284454 	 -0.023063 	 -0.018036
9.418565 	 4.318634 	 -0.041226 	 -0.048187
9.465697 	 4.181213 	 -0.038083 	 -0.065308
9.514188 	 4.167450 	 -0.018876 	 -0.051727
9.559959 	 4.175568 	 -0.015319 	 -0.035919
9.604825 	 4.102722 	 0.010663 	 0.000671
9.652409 	 4.156250 	 -0.038392 	 -0.023102
9.699088 	 4.245575 	 -0.020421 	 -0.034546
9.746219 	 4.286865 	 -0.019303 	 -0.031342
9.795616 	 4.112732 	 0.004879 	 -0.004608
9.834590 	 4.203613 	 0.001864 	 0.014191
9.886707 	 4.169891 	 -0.003569 	 0.015533
9.930212 	 4.261566 	 -0.017492 	 0.000336
9.977344 	 4.220642 	 -0.011814 	 -0.006653
10.021756 	 4.134247 	 0.005135 	 0.010895
10.070700 	 4.225494 	 0.021476 	 0.041473
10.116472 	 4.211426 	 -0.003973 	 0.034973
10.161337 	 4.259735 	 -0.029178 	 -0.003723
10.209375 	 4.241852 	 -0.023457 	 -0.025269
10.254694 	 4.167603 	 -0.045956 	 -0.056519
10.300465 	 4.200897 	 -0.057610 	 -0.091797
10.348956 	 4.224792 	 -0.035122 	 -0.087891
10.397900 	 4.117920 	 -0.005870 	 -0.046448
10.439594 	 4.263611 	 0.001917 	 -0.008911
10.487631 	 4.113708 	 0.016064 	 0.026917
10.532497 	 4.219696 	 -0.008575 	 0.021118
10.581441 	 4.154510 	 -0.008394 	 0.009125
10.627666 	 4.230011 	 -0.009651 	 0.003540
10.674797 	 4.172882 	 -0.014402 	 -0.004150
10.719662 	 4.167450 	 -0.017513 	 -0.013489
10.766794 	 4.124695 	 -0.020783 	 -0.021576
10.811659 	 4.146423 	 0.005177 	 -0.000214
10.858791 	 4.159668 	 -0.017311 	 -0.002594
10.905469 	 4.343323 	 -0.015926 	 -0.012115
10.953053 	 4.247742 	 0.006349 	 0.008057
10.997466 	 4.183594 	 -0.016256 	 0.000732
11.045050 	 4.173248 	 -0.015223 	 -0.009399
11.094447 	 4.175629 	 -0.053775 	 -0.053955
11.136140 	 4.335937 	 -0.021646 	 -0.054413
11.183272 	 4.134888 	 -0.035026 	 -0.057129
11.233122 	 4.106323 	 -0.047170 	 -0.076965
11.274815 	 4.286804 	 -0.026184 	 -0.067841
11.325119 	 4.164795 	 -0.002706 	 -0.031250
11.370438 	 4.282867 	 -0.017470 	 -0.021729
11.414850 	 4.149597 	 -0.010397 	 -0.016510
11.460622 	 4.085693 	 -0.020698 	 -0.021667
11.508659 	 4.053314 	 -0.008543 	 -0.015045
11.555791 	 4.065491 	 -0.038232 	 -0.037720
11.598843 	 4.259094 	 -0.011665 	 -0.032593
11.646881 	 4.196747 	 -0.031990 	 -0.041748
11.695825 	 4.121796 	 -0.020165 	 -0.040924
11.741597 	 4.169647 	 0.001843 	 -0.012329
11.787369 	 4.212494 	 -0.026259 	 -0.021332
11.833594 	 4.211182 	 -0.014892 	 -0.021606
11.882538 	 4.119629 	 0.004144 	 0.002228
11.925591 	 4.152649 	 -0.038818 	 -0.026978
11.971815 	 4.233765 	 0.013699 	 -0.001953
12.017587 	 4.104736 	 0.005039 	 0.022064
12.064265 	 4.219421 	 -0.019185 	 0.003601
12.114116 	 4.275604 	 -0.034760 	 -0.030457
12.159435 	 4.214996 	 0.007244 	 -0.006989
12.207472 	 4.202667 	 0.005625 	 0.018524
12.253697 	 4.104736 	 -0.012496 	 0.011322
12.297203 	 4.239319 	 -0.000660 	 0.012024
12.346147 	 4.234650 	 -0.009523 	 0.008057
12.390559 	 4.126587 	 -0.007958 	 0.003510
12.437238 	 4.009369 	 -0.003579 	 0.006927
12.487088 	 4.206543 	 -0.015436 	 -0.002045
12.531500 	 4.183807 	 -0.021657 	 -0.016998
12.574100 	 4.264618 	 -0.006626 	 -0.009583
12.624403 	 4.169525 	 0.012464 	 0.018890
12.669269 	 4.190491 	 0.021486 	 0.047974
12.715041 	 4.215515 	 -0.014594 	 0.026398
12.761266 	 4.292633 	 0.006487 	 0.024689
12.808397 	 4.209686 	 0.026184 	 0.053650
12.855981 	 4.245483 	 -0.011654 	 0.035645
12.899034 	 4.275543 	 -0.027239 	 -0.004517
12.948885 	 4.103546 	 -0.000320 	 -0.000153
12.994656 	 4.247620 	 -0.008032 	 0.005157
13.041335 	 4.121735 	 -0.003782 	 0.007599
13.085747 	 4.209595 	 -0.014040 	 -0.000153
13.136050 	 4.112457 	 0.003004 	 0.009644
13.177290 	 4.200317 	 -0.011409 	 0.007141
13.228500 	 4.319641 	 -0.003515 	 0.007843
13.271100 	 4.161285 	 -0.032544 	 -0.018829
13.317325 	 4.095703 	 0.022509 	 0.014526
13.365816 	 4.203613 	 -0.022786 	 0.003632
13.410681 	 4.215302 	 -0.032384 	 -0.029510
13.456453 	 4.263733 	 -0.012485 	 -0.026550
13.505850 	 4.144470 	 0.020890 	 0.017548
13.550262 	 4.189880 	 -0.037572 	 -0.009338
13.597847 	 4.270203 	 -0.024022 	 -0.032166
13.644525 	 4.277740 	 -0.004719 	 -0.016327
13.688031 	 4.219543 	 0.001811 	 0.005219
13.736975 	 4.181732 	 -0.010397 	 0.004547
13.781841 	 4.171570 	 -0.012027 	 -0.001740
13.830331 	 4.111877 	 -0.018940 	 -0.012787
13.878369 	 4.277222 	 -0.011409 	 -0.012451
13.920969 	 4.237610 	 -0.010983 	 -0.008362
13.968100 	 4.125061 	 0.004165 	 0.008057
14.013872 	 4.204071 	 -0.027303 	 -0.009521
14.060097 	 4.180756 	 0.026408 	 0.025635
14.105869 	 4.280853 	 -0.019494 	 0.014771
14.155719 	 4.023468 	 -0.023159 	 -0.012543
14.201038 	 4.233185 	 0.008245 	 0.005493
14.247716 	 4.203674 	 -0.016288 	 0.001404
14.291675 	 4.129150 	 -0.025172 	 -0.019989
14.341525 	 4.192474 	 -0.002045 	 -0.008606
14.384125 	 4.156067 	 0.005720 	 0.014130
14.432162 	 4.145966 	 0.002674 	 0.023865
14.480653 	 4.216705 	 -0.012954 	 0.011505
14.526878 	 4.227783 	 -0.039479 	 -0.027802
14.573103 	 4.123444 	 0.001268 	 -0.013763
14.622047 	 4.128906 	 -0.016171 	 -0.010132
14.662834 	 4.188446 	 0.000905 	 0.002533
14.712231 	 4.145508 	 0.005262 	 0.019196
14.759363 	 4.192780 	 -0.019281 	 0.003113
14.804681 	 4.227783 	 -0.034855 	 -0.030151
14.851813 	 4.185638 	 0.003782 	 -0.011322
14.894865 	 4.114655 	 -0.004943 	 0.002869
14.943356 	 4.205688 	 -0.021114 	 -0.009766
14.989128 	 4.156464 	 -0.034174 	 -0.036407
15.037166 	 4.180450 	 -0.004719 	 -0.021057
15.082031 	 4.134949 	 -0.014807 	 -0.014252
15.130522 	 4.237610 	 0.000352 	 0.001007
15.174934 	 4.144684 	 -0.014903 	 -0.001953
15.221613 	 4.049500 	 0.000756 	 0.005829
15.268744 	 4.159607 	 -0.001694 	 0.014526
15.315875 	 4.181366 	 -0.013944 	 0.004883
15.362100 	 4.170441 	 -0.000320 	 0.008209
15.408778 	 4.238617 	 -0.001566 	 0.014404
15.451831 	 4.121613 	 -0.013848 	 0.004425
15.502588 	 4.092316 	 -0.024107 	 -0.016052
15.547453 	 4.178070 	 -0.006637 	 -0.010681
15.594585 	 4.224854 	 0.013039 	 0.018646
15.639903 	 4.199890 	 -0.033833 	 -0.008514
15.686581 	 4.096893 	 -0.013454 	 -0.018646
15.733713 	 4.226715 	 -0.022797 	 -0.024353
15.779485 	 4.133789 	 -0.003611 	 -0.011017
15.824803 	 4.305664 	 -0.003696 	 0.001282
15.870122 	 4.072876 	 -0.024331 	 -0.013733
15.919066 	 4.220825 	 -0.005422 	 -0.009247
15.963478 	 4.135681 	 0.002844 	 0.009308
16.013329 	 4.274658 	 -0.005582 	 0.012207
16.058194 	 4.239532 	 -0.033577 	 -0.019043
16.105325 	 4.117554 	 -0.006125 	 -0.015167
16.151550 	 4.078705 	 -0.015297 	 -0.013245
16.198228 	 4.175781 	 -0.017460 	 -0.018005
16.244907 	 4.128693 	 -0.000650 	 -0.003815
16.292038 	 4.237762 	 -0.013433 	 -0.003937
16.335997 	 4.101074 	 -0.005965 	 -0.000580
16.381316 	 4.327454 	 -0.000778 	 0.009186
16.430713 	 4.183746 	 -0.019409 	 -0.003662
16.476485 	 4.163574 	 -0.004506 	 -0.001007
16.523163 	 4.237793 	 -0.016437 	 -0.006439
16.567122 	 4.244781 	 -0.009982 	 -0.007294
16.615613 	 4.165833 	 0.036453 	 0.041992
16.661385 	 4.240692 	 -0.007638 	 0.038422
16.706250 	 4.189362 	 -0.003973 	 0.021912
16.754288 	 4.251709 	 -0.016469 	 0.003784
16.801419 	 4.101379 	 -0.000096 	 0.007660
16.845378 	 4.286743 	 -0.003462 	 0.011444
16.891150 	 4.197296 	 0.017694 	 0.036194
16.937828 	 4.197540 	 -0.015276 	 0.020142
16.984959 	 4.146454 	 -0.006029 	 0.009247
17.031638 	 4.131897 	 -0.004495 	 0.009949
17.078769 	 4.174683 	 0.029327 	 0.045898
17.125447 	 4.208496 	 -0.013316 	 0.031158
17.174391 	 4.337646 	 -0.005646 	 0.015015
17.218803 	 4.261536 	 -0.021082 	 -0.004547
17.264575 	 4.212982 	 -0.019750 	 -0.019592
17.313066 	 4.216766 	 0.005816 	 0.004333
17.357025 	 4.197723 	 0.008021 	 0.026154
17.402344 	 4.202606 	 -0.003398 	 0.024078
17.449022 	 4.145569 	 -0.016224 	 0.004791
17.494341 	 4.119690 	 0.017960 	 0.026642
17.537846 	 4.160431 	 -0.032448 	 -0.002167
17.586337 	 4.168518 	 -0.009651 	 -0.011810
17.631203 	 4.148590 	 0.000511 	 0.003510
17.676974 	 4.197754 	 -0.004975 	 0.008911
17.723199 	 4.111084 	 -0.032001 	 -0.018616
17.771237 	 4.069550 	 -0.012868 	 -0.022949
17.813383 	 4.249359 	 0.007180 	 0.004669
17.865047 	 4.193787 	 -0.007020 	 0.010010
17.911272 	 4.083160 	 -0.010866 	 0.002594
17.953871 	 4.090820 	 -0.000064 	 0.009521
18.002815 	 4.173279 	 -0.030040 	 -0.015198
18.052213 	 4.229645 	 -0.013433 	 -0.022186
18.094359 	 4.199860 	 0.000820 	 -0.001099
18.142850 	 4.243225 	 0.021252 	 0.034393
18.189075 	 4.300781 	 0.004794 	 0.041290
18.235300 	 4.189667 	 -0.005902 	 0.026489
18.281978 	 4.129425 	 -0.011505 	 0.010925
18.330469 	 4.248749 	 0.001651 	 0.014893
18.372615 	 4.206726 	 -0.004943 	 0.014313
18.417934 	 4.234039 	 -0.029625 	 -0.013947
18.468690 	 4.164520 	 0.013955 	 0.009399
18.510837 	 4.152679 	 -0.012836 	 0.008606
18.559781 	 4.275787 	 0.020357 	 0.032135
18.607819 	 4.160614 	 -0.003153 	 0.031433
18.651324 	 4.172638 	 -0.022083 	 0.002747
18.698003 	 4.253174 	 0.008128 	 0.013641
18.746494 	 4.293762 	 -0.023201 	 -0.002014
18.794531 	 4.141846 	 -0.007169 	 -0.004791
18.841209 	 4.197723 	 0.028208 	 0.036713
18.883356 	 4.195435 	 -0.012112 	 0.028168
18.930487 	 4.281799 	 -0.003611 	 0.016357
18.979884 	 4.146301 	 0.001875 	 0.020599
19.025656 	 4.117676 	 0.029316 	 0.053589
19.072787 	 4.100525 	 -0.005017 	 0.042877
19.116747 	 4.242432 	 -0.021838 	 0.007416
19.160252 	 4.185669 	 -0.018386 	 -0.012115
19.209650 	 4.014557 	 -0.011345 	 -0.011871
19.257687 	 4.118347 	 -0.016799 	 -0.014374
19.301193 	 4.251831 	 -0.002578 	 -0.002655
19.347871 	 4.222656 	 0.014775 	 0.025818
19.394550 	 4.276154 	 -0.010013 	 0.019745
19.441228 	 4.185638 	 -0.004123 	 0.012146
19.488359 	 4.215637 	 -0.004517 	 0.011719
19.535490 	 4.196655 	 0.006828 	 0.022644
19.578996 	 4.239441 	 0.008021 	 0.033997
19.629300 	 4.154449 	 -0.008959 	 0.021790
19.672806 	 4.240387 	 -0.002120 	 0.016205
19.719484 	 4.125458 	 0.017460 	 0.037140
19.767522 	 4.086731 	 -0.019281 	 0.015808
19.812387 	 4.297668 	 -0.015521 	 -0.004761
19.858159 	 4.203461 	 0.010535 	 0.014557
19.904384 	 4.069366 	 -0.007009 	 0.016541
19.950609 	 4.280731 	 0.000011 	 0.018433
19.998193 	 4.182922 	 0.010365 	 0.031372
20.047591 	 4.242462 	 -0.030456 	 -0.000763
20.090643 	 4.193024 	 -0.021582 	 -0.022308
20.139134 	 4.209625 	 -0.017737 	 -0.023926
20.184906 	 4.187103 	 -0.007830 	 -0.013489
20.227505 	 4.015442 	 0.012410 	 0.015991
20.279622 	 4.205719 	 -0.000064 	 0.024597
20.324034 	 4.282562 	 -0.010461 	 0.012024
20.369806 	 4.195984 	 0.004240 	 0.018188
20.415125 	 4.307892 	 -0.010173 	 0.011963
20.463162 	 4.133636 	 0.003217 	 0.017456
20.510747 	 4.203705 	 -0.021252 	 -0.000336
20.554253 	 4.206726 	 -0.014935 	 -0.011627
20.603650 	 4.260101 	 0.020794 	 0.022858
20.647609 	 4.183563 	 -0.009534 	 0.020782
20.694287 	 4.214844 	 -0.026269 	 -0.009216
20.742778 	 4.349915 	 -0.018323 	 -0.020660
20.788097 	 4.126373 	 0.004730 	 0.001068
20.833415 	 4.245148 	 -0.020442 	 -0.006653
20.879187 	 4.233795 	 -0.003036 	 -0.003845
20.925412 	 4.104492 	 -0.038893 	 -0.030670
20.971184 	 4.171692 	 -0.010866 	 -0.028320
21.018315 	 4.208008 	 -0.010333 	 -0.015625
21.066353 	 4.203613 	 0.006924 	 0.009125
21.113031 	 4.283539 	 0.000011 	 0.018097
21.156990 	 4.208527 	 -0.001289 	 0.019012
21.206387 	 4.169678 	 -0.003654 	 0.016144
21.252612 	 4.127594 	 -0.027708 	 -0.009888
21.297931 	 4.177460 	 -0.010898 	 -0.013641
21.345062 	 4.161835 	 -0.030829 	 -0.030457
21.390834 	 4.164764 	 0.027984 	 0.016357
21.439778 	 4.164795 	 -0.002269 	 0.028656
21.485097 	 4.209503 	 -0.015926 	 0.007446
21.528603 	 4.155609 	 -0.023638 	 -0.014618
21.575734 	 4.207550 	 -0.027313 	 -0.031433
21.622412 	 4.209778 	 -0.004698 	 -0.017639
21.669543 	 4.083984 	 0.004751 	 0.007904
21.714409 	 4.088715 	 -0.034973 	 -0.018372
21.764713 	 4.072662 	 0.010706 	 0.001740
21.805952 	 4.252441 	 -0.007063 	 0.009705
21.857162 	 4.183777 	 -0.001321 	 0.012939
21.899309 	 4.172546 	 -0.030978 	 -0.014343
21.947346 	 4.252380 	 -0.019388 	 -0.026367
21.996744 	 4.087463 	 -0.009033 	 -0.016022
22.041156 	 4.189636 	 -0.035345 	 -0.035065
22.087834 	 4.234467 	 -0.025545 	 -0.044189
22.134512 	 4.316895 	 0.035686 	 0.020050
22.178471 	 4.118744 	 -0.009161 	 0.026245

 Z Turning Point (V) = 1.180450 
 Turning Time Delay (ms) = 0 
 SEN (V) =  
 App. Driving Voltage (mVrms) = 0.005000 
 App. Vias. Voltage (V) = 0.000000 
 App. Del Z (Bit) = -10 
 App. Delay Time (ms) = 400 
 App. Velocity (nm/s) = -0.113298 
 Ret. Driving Voltage (mVrms) = 0.005000 
 Ret. Vias. Voltage (V) = 0.000000 
 Ret. Del Z (Bit) = -10 
 Ret. Delay Time (ms) = 400 
 Ret. Velocity (nm/s) = -0.113298 
  
 Data Array Size = 1174 
 Frequency (Hz) = sen.
 
