23.904204 	 4.209717 	 -0.009523 	 0.003601
23.853447 	 4.141602 	 0.010258 	 0.021027
23.809488 	 4.246460 	 0.008288 	 0.035187
23.765529 	 4.341217 	 0.015180 	 0.047668
23.718398 	 4.155182 	 0.005816 	 0.045929
23.673985 	 4.280334 	 -0.009438 	 0.024658
23.622775 	 4.207642 	 -0.001204 	 0.018616
23.576550 	 4.152740 	 0.019686 	 0.041809
23.532591 	 4.138214 	 0.005113 	 0.044830
23.485460 	 4.089417 	 0.000565 	 0.037964
23.439235 	 4.206573 	 -0.001257 	 0.026520
23.391650 	 4.225311 	 0.005614 	 0.030029
23.347691 	 4.156342 	 -0.011686 	 0.016235
23.301013 	 4.143311 	 -0.000266 	 0.014191
23.252975 	 4.147614 	 0.005827 	 0.025024
23.208110 	 4.302734 	 -0.027303 	 -0.002899
23.163698 	 4.228699 	 -0.004144 	 -0.004150
23.113394 	 4.125549 	 0.013614 	 0.022949
23.066716 	 4.144562 	 0.006402 	 0.035553
23.019131 	 4.172455 	 0.026174 	 0.058685
22.974719 	 4.125580 	 -0.025311 	 0.024414
22.930760 	 4.185364 	 -0.025194 	 -0.012207
22.886348 	 4.218597 	 0.050163 	 0.050018
22.835591 	 4.131836 	 0.015894 	 0.072083
22.791632 	 4.195343 	 0.013049 	 0.066711
22.743594 	 4.200836 	 -0.002471 	 0.044861
22.695557 	 4.143616 	 -0.001598 	 0.030060
22.650691 	 4.209595 	 -0.048810 	 -0.024292
22.604013 	 4.179779 	 0.010248 	 -0.006897
22.555522 	 4.138031 	 -0.024150 	 -0.011566
22.511563 	 4.263336 	 0.017097 	 0.014954
22.463525 	 4.160156 	 0.015606 	 0.042145
22.418660 	 4.038849 	 -0.006424 	 0.030670
22.371075 	 4.314423 	 0.005390 	 0.029327
22.325757 	 4.128693 	 -0.016416 	 0.010956
22.278172 	 4.234772 	 -0.030797 	 -0.021423
22.231494 	 4.377502 	 0.005209 	 -0.003326
22.185269 	 4.024750 	 -0.003068 	 0.009338
22.137685 	 4.185669 	 0.011835 	 0.027832
22.096898 	 4.005341 	 0.006200 	 0.036316
22.045688 	 4.201263 	 -0.015713 	 0.014282
22.003088 	 4.293640 	 -0.028038 	 -0.015839
21.953691 	 4.190186 	 -0.033950 	 -0.039856
21.909732 	 4.116608 	 -0.014509 	 -0.035400
21.861241 	 4.204315 	 -0.017204 	 -0.027344
21.818642 	 4.199951 	 -0.034547 	 -0.042786
21.769698 	 4.279938 	 0.011590 	 -0.008850
21.722113 	 4.211700 	 -0.008639 	 0.004578
21.675435 	 4.220581 	 -0.000107 	 0.011353
21.630116 	 4.197571 	 -0.022818 	 -0.004974
21.585704 	 4.130829 	 0.008735 	 0.009979
21.536307 	 4.201599 	 -0.007478 	 0.012604
21.493254 	 4.250366 	 0.019015 	 0.035065
21.442044 	 4.149292 	 -0.001779 	 0.033783
21.398991 	 4.197601 	 0.005752 	 0.034454
21.353220 	 4.292694 	 -0.014061 	 0.015411
21.305182 	 4.303650 	 0.016149 	 0.031281
21.258051 	 4.147430 	 -0.018898 	 0.013245
21.211826 	 4.242706 	 0.007244 	 0.017426
21.164694 	 4.135376 	 0.007883 	 0.032196
21.117563 	 4.199585 	 -0.034834 	 -0.006439
21.075417 	 4.122406 	 -0.002088 	 -0.008362
21.022847 	 4.175415 	 0.009960 	 0.017700
20.980247 	 4.253448 	 0.001065 	 0.024628
20.931303 	 4.175842 	 -0.019207 	 0.004150
20.885078 	 4.123871 	 -0.000032 	 0.006317
20.840213 	 4.169800 	 0.019292 	 0.036774
20.790816 	 4.263855 	 -0.010003 	 0.027008
20.746857 	 4.223389 	 0.031511 	 0.053375
20.700179 	 4.196686 	 0.004314 	 0.053925
20.654860 	 4.283417 	 -0.022168 	 0.015594
20.608182 	 4.171478 	 0.005902 	 0.016937
20.560597 	 4.035248 	 0.028879 	 0.053101
20.516638 	 4.075348 	 0.008032 	 0.056824
20.468600 	 4.150299 	 -0.037593 	 0.002197
20.422375 	 4.151215 	 0.001875 	 0.000275
20.374338 	 4.213776 	 0.012591 	 0.027191
20.331285 	 4.217682 	 0.004953 	 0.035797
20.288232 	 4.199554 	 0.040512 	 0.072845
20.237476 	 4.217987 	 0.005880 	 0.068024
20.191251 	 4.163666 	 0.002983 	 0.048889
20.145932 	 4.158691 	 0.007723 	 0.044586
20.100160 	 4.091309 	 0.006093 	 0.043060
20.056201 	 4.140533 	 0.013816 	 0.049988
20.006804 	 4.055695 	 0.027654 	 0.069000
19.960126 	 4.130402 	 0.023297 	 0.080994
19.915260 	 4.172729 	 -0.009662 	 0.048889
19.866316 	 4.166656 	 -0.010621 	 0.019440
19.819185 	 4.228668 	 0.009790 	 0.027802
19.772960 	 4.303802 	 0.014530 	 0.044678
19.724469 	 4.017761 	 -0.013955 	 0.024567
19.681416 	 4.051056 	 0.026301 	 0.046082
19.638817 	 4.235901 	 -0.001449 	 0.042358
19.586247 	 4.255798 	 -0.031724 	 -0.001099
19.542741 	 4.195770 	 -0.003537 	 -0.003235
19.495610 	 4.205627 	 0.020251 	 0.030823
19.446666 	 4.047638 	 0.000501 	 0.035339
19.399535 	 4.158783 	 -0.016565 	 0.010803
19.356029 	 4.181061 	 -0.017353 	 -0.007111
19.310710 	 4.285828 	 0.010344 	 0.013306
19.262219 	 4.194916 	 0.001204 	 0.023651
19.217807 	 4.153015 	 -0.005081 	 0.018036
19.168863 	 4.110748 	 0.029273 	 0.051239
19.125357 	 4.107819 	 0.017524 	 0.065979
19.077319 	 4.178741 	 0.011974 	 0.061096
19.032907 	 4.173553 	 -0.014328 	 0.029846
18.985776 	 4.133484 	 0.001087 	 0.020782
18.936378 	 4.125763 	 0.008799 	 0.031769
18.891513 	 4.362030 	 0.015713 	 0.047913
18.845288 	 4.148926 	 -0.003025 	 0.037476
18.798157 	 4.255798 	 0.022445 	 0.051880
18.752838 	 4.158752 	 -0.022371 	 0.021393
18.705254 	 4.224915 	 0.010269 	 0.023895
18.659935 	 4.318634 	 0.004783 	 0.032837
18.611444 	 4.280670 	 0.004559 	 0.033997
18.567485 	 4.204254 	 0.033194 	 0.064697
18.519447 	 4.157379 	 0.033726 	 0.089294
18.473222 	 4.119293 	 0.019803 	 0.085663
18.429263 	 4.212646 	 0.017055 	 0.077911
18.380319 	 4.141571 	 -0.000330 	 0.054413
18.333641 	 4.065643 	 0.005124 	 0.041809
18.287416 	 4.169647 	 -0.000511 	 0.032684
18.243910 	 4.156616 	 -0.012187 	 0.014069
18.198138 	 4.211334 	 0.005646 	 0.020630
18.152367 	 4.291748 	 0.007574 	 0.032501
18.101157 	 4.306793 	 0.006988 	 0.037872
18.058104 	 4.206512 	 0.011516 	 0.043915
18.009613 	 4.203461 	 -0.012954 	 0.023071
17.961575 	 4.246735 	 0.013465 	 0.031586
17.917616 	 4.213043 	 0.004357 	 0.036743
17.870485 	 4.132446 	 0.005358 	 0.036926
17.823354 	 4.155762 	 0.009278 	 0.040833
17.780754 	 4.102753 	 0.047894 	 0.085480
17.734076 	 4.251801 	 -0.005944 	 0.063934
17.685585 	 4.278229 	 -0.017044 	 0.020447
17.636641 	 4.118591 	 -0.009065 	 0.005890
17.592229 	 4.146088 	 0.015052 	 0.028320
17.544191 	 4.284332 	 -0.035409 	 -0.005768
17.497513 	 4.202667 	 0.025460 	 0.022980
17.452194 	 4.150360 	 -0.011260 	 0.021667
17.405516 	 4.178619 	 -0.002333 	 0.015717
17.359744 	 4.212585 	 0.001055 	 0.020233
17.315332 	 4.149902 	 0.004570 	 0.026642
17.268201 	 4.149292 	 0.021380 	 0.047424
17.222429 	 4.183838 	 -0.006466 	 0.033630
17.174391 	 4.220734 	 -0.013060 	 0.013519
17.128166 	 4.161804 	 0.007468 	 0.021149
17.080582 	 4.102478 	 0.026461 	 0.052917
17.037529 	 4.167419 	 0.018184 	 0.066101
16.985866 	 4.196472 	 0.000224 	 0.050751
16.941907 	 4.182648 	 0.010738 	 0.047363
16.893869 	 4.183868 	 -0.005965 	 0.032501
16.849004 	 4.223969 	 -0.010706 	 0.013947
16.805045 	 4.084503 	 -0.025183 	 -0.011902
16.755647 	 4.275909 	 -0.022765 	 -0.025208
16.709422 	 4.155640 	 0.018408 	 0.012268
16.664104 	 4.046295 	 0.012155 	 0.037598
16.618332 	 4.169556 	 -0.010876 	 0.023132
16.568481 	 4.079620 	 0.034578 	 0.055267
16.523163 	 4.217834 	 -0.027111 	 0.022339
16.474672 	 4.227539 	 -0.006392 	 0.003235
16.431166 	 4.150543 	 -0.002855 	 0.008270
16.383128 	 4.091400 	 0.011516 	 0.027374
16.339622 	 4.126740 	 0.041151 	 0.073303
16.295210 	 4.278473 	 -0.008256 	 0.053314
16.248985 	 4.127838 	 0.002961 	 0.035614
16.199588 	 4.142914 	 -0.020645 	 0.008789
16.154269 	 4.174530 	 0.002642 	 0.009857
16.105779 	 4.264435 	 -0.023255 	 -0.004364
16.060460 	 4.224670 	 -0.022349 	 -0.022522
16.013782 	 4.251678 	 -0.016022 	 -0.022369
15.968463 	 4.243500 	 -0.010567 	 -0.014496
15.920425 	 4.230713 	 0.002280 	 0.004761
15.877826 	 4.227722 	 -0.013486 	 0.001434
15.828429 	 4.146362 	 -0.008511 	 -0.001831
15.781297 	 4.352509 	 0.021806 	 0.032227
15.735526 	 4.138733 	 -0.022924 	 0.011139
15.690660 	 4.116516 	 -0.016299 	 -0.007233
15.643982 	 4.239838 	 -0.021273 	 -0.020020
15.595038 	 4.186707 	 -0.009428 	 -0.013672
15.551532 	 4.142578 	 0.024970 	 0.027679
15.503494 	 4.216705 	 -0.003409 	 0.031067
15.458176 	 4.129578 	 -0.039692 	 -0.016815
15.413763 	 4.205414 	 -0.009534 	 -0.020477
15.365273 	 4.241608 	 -0.014456 	 -0.015381
15.317235 	 4.249420 	 0.013667 	 0.014404
15.270103 	 4.202393 	 0.056257 	 0.083252
15.223878 	 4.261688 	 -0.039947 	 0.030701
15.178560 	 4.198151 	 0.033907 	 0.045929
15.129163 	 4.274841 	 -0.018940 	 0.027618
15.084297 	 4.175873 	 0.003995 	 0.021820
15.038525 	 4.186615 	 -0.023777 	 0.000031
14.991394 	 4.273621 	 0.015936 	 0.019806
14.945622 	 4.195618 	 0.003153 	 0.031525
14.901210 	 4.132355 	 0.009918 	 0.039062
14.851813 	 4.354614 	 0.015393 	 0.051025
14.807401 	 4.305664 	 -0.002546 	 0.038757
14.760269 	 4.043884 	 -0.027058 	 0.001007
14.713138 	 4.194275 	 -0.017460 	 -0.016174
14.666006 	 4.194305 	 0.021998 	 0.022430
14.622047 	 4.059814 	 -0.030499 	 -0.001190
14.574463 	 4.205688 	 0.005838 	 0.005463
14.525972 	 4.182617 	 0.034877 	 0.054474
14.482013 	 4.137421 	 -0.005081 	 0.045898
14.438054 	 4.235596 	 -0.006903 	 0.023773
14.390016 	 4.243835 	 0.027015 	 0.050446
14.343338 	 4.159973 	 0.010621 	 0.057159
14.295753 	 4.279785 	 -0.018994 	 0.022552
14.251341 	 4.258606 	 0.013497 	 0.029114
14.204663 	 4.205353 	 -0.000107 	 0.031036
14.157532 	 4.207977 	 0.001928 	 0.028809
14.110400 	 4.310699 	 0.005007 	 0.031891
14.062816 	 4.132324 	 -0.014701 	 0.013947
14.017044 	 4.122681 	 0.001172 	 0.014496
13.972179 	 4.086792 	 -0.002067 	 0.017517
13.922781 	 4.237854 	 -0.001300 	 0.018341
13.874290 	 4.196442 	 0.011004 	 0.032440
13.831691 	 4.126617 	 0.006807 	 0.038971
13.785466 	 4.188416 	 -0.001438 	 0.031555
13.738335 	 4.277496 	 -0.023180 	 0.002838
13.690297 	 4.133850 	 -0.017353 	 -0.013550
13.643619 	 4.113495 	 0.005593 	 0.005615
13.597847 	 4.198486 	 0.008224 	 0.025391
13.553435 	 4.209137 	 -0.022307 	 0.003448
13.504491 	 4.310944 	 0.018205 	 0.023041
13.458719 	 4.089417 	 -0.016650 	 0.012451
13.413853 	 4.075378 	 -0.016011 	 -0.005615
13.366269 	 4.089630 	 -0.006083 	 -0.002289
13.319591 	 4.132507 	 -0.018141 	 -0.008759
13.274725 	 4.288696 	 -0.021273 	 -0.020233
13.230313 	 4.189514 	 -0.014051 	 -0.019958
13.181822 	 4.183868 	 -0.000980 	 -0.003601
13.135144 	 4.320465 	 -0.007595 	 0.002441
13.088466 	 4.201416 	 -0.012783 	 -0.002411
13.042694 	 4.251831 	 -0.033694 	 -0.029114
12.996469 	 3.990601 	 -0.020229 	 -0.034943
12.951151 	 4.210846 	 -0.014434 	 -0.026520
12.903566 	 4.183929 	 -0.010472 	 -0.015594
12.857341 	 4.318237 	 -0.026951 	 -0.026428
12.808397 	 4.202332 	 -0.025929 	 -0.039490
12.765344 	 4.311859 	 0.044975 	 0.030640
12.716853 	 4.269897 	 -0.000565 	 0.043915
12.670628 	 4.239502 	 0.012485 	 0.044403
12.623497 	 4.089294 	 -0.003696 	 0.032990
12.577272 	 4.158661 	 -0.006818 	 0.018707
12.531047 	 4.270538 	 -0.012517 	 0.005341
12.486635 	 4.213806 	 -0.024948 	 -0.015717
12.437691 	 4.256653 	 0.004708 	 0.000305
12.393279 	 4.203613 	 0.010099 	 0.026001
12.348413 	 4.295868 	 0.007180 	 0.034882
12.299016 	 4.129395 	 0.020506 	 0.053558
12.254604 	 4.237091 	 0.030360 	 0.076019
12.207472 	 4.163239 	 0.015276 	 0.074921
12.160794 	 4.246521 	 -0.000437 	 0.051971
12.111397 	 4.250824 	 0.001076 	 0.036713
12.067438 	 4.199890 	 -0.023830 	 0.004150
12.020306 	 4.183899 	 -0.006413 	 -0.000885
11.974081 	 4.192688 	 -0.012528 	 -0.003693
11.928310 	 4.266479 	 0.008128 	 0.015381
11.883897 	 4.140533 	 -0.009119 	 0.014984
11.835860 	 4.276001 	 -0.000501 	 0.015442
11.786916 	 4.156433 	 -0.029188 	 -0.010254
11.742957 	 4.238831 	 0.016181 	 0.013336
11.696732 	 4.060333 	 -0.011441 	 0.012573
11.649147 	 4.081909 	 0.011292 	 0.026062
11.602016 	 4.121704 	 -0.005465 	 0.023682
11.558510 	 4.249817 	 0.002653 	 0.023773
11.511378 	 4.172668 	 -0.019548 	 0.004150
11.465154 	 4.180511 	 -0.015265 	 -0.008209
11.418475 	 4.192566 	 -0.006189 	 -0.003204
11.373157 	 4.145630 	 -0.013390 	 -0.004730
11.323759 	 4.176636 	 0.029827 	 0.036469
11.278441 	 4.294495 	 -0.000629 	 0.039581
11.231310 	 4.166504 	 0.003963 	 0.034637
11.185538 	 4.106995 	 -0.015979 	 0.014374
11.140672 	 4.072937 	 -0.007617 	 0.004791
11.093994 	 4.238708 	 -0.015372 	 -0.004730
11.050941 	 4.125458 	 0.025343 	 0.031403
11.001544 	 4.158875 	 0.015361 	 0.052948
10.953960 	 4.179413 	 -0.022530 	 0.019135
10.909094 	 4.169800 	 -0.007318 	 0.004578
10.864682 	 4.263000 	 -0.028837 	 -0.018097
10.813472 	 4.169983 	 -0.015872 	 -0.023071
10.770419 	 4.216217 	 0.004059 	 0.000732
10.723288 	 4.298798 	 0.019409 	 0.035004
10.676157 	 4.229584 	 0.003973 	 0.039703
10.631744 	 4.287476 	 0.029678 	 0.062866
10.583253 	 4.307587 	 -0.016757 	 0.034943
10.537029 	 4.166229 	 0.015319 	 0.037231
10.492163 	 4.300415 	 -0.010003 	 0.025879
10.443219 	 4.087524 	 0.016863 	 0.038300
10.398354 	 4.247406 	 0.022339 	 0.060364
10.349863 	 4.245361 	 -0.009332 	 0.039215
10.306810 	 4.063721 	 -0.021145 	 0.004486
10.255600 	 4.161591 	 0.006104 	 0.012604
10.211641 	 4.240601 	 0.004197 	 0.024963
10.164510 	 4.249786 	 -0.013369 	 0.011963
10.121004 	 4.189758 	 -0.043388 	 -0.032440
10.072513 	 4.201782 	 -0.026419 	 -0.046600
10.028554 	 4.159698 	 -0.019814 	 -0.040161
9.979156 	 4.078339 	 0.013998 	 0.001251
9.931119 	 4.212189 	 -0.001193 	 0.017731
9.890785 	 4.174377 	 -0.034493 	 -0.015778
9.840028 	 4.116821 	 -0.020293 	 -0.029510
9.793350 	 4.175781 	 -0.019888 	 -0.028961
9.748032 	 4.209015 	 -0.012954 	 -0.021973
9.703619 	 4.134857 	 -0.015276 	 -0.018860
9.652409 	 4.158600 	 -0.003388 	 -0.005737
9.608904 	 4.197113 	 0.006690 	 0.015106
9.562679 	 4.033386 	 -0.027281 	 -0.006744
9.515547 	 4.259308 	 0.016895 	 0.016449
9.467509 	 4.093750 	 0.008075 	 0.035522
9.419925 	 4.307373 	 0.001172 	 0.033051
9.375513 	 4.212921 	 -0.001981 	 0.025574
9.327022 	 4.087036 	 0.001097 	 0.024323
9.283969 	 4.253540 	 0.008714 	 0.033325
9.238197 	 4.166840 	 0.024331 	 0.055206
9.191519 	 4.070557 	 -0.022147 	 0.023529
9.145294 	 4.198792 	 -0.022243 	 -0.009735
9.097256 	 4.266632 	 -0.017864 	 -0.018921
9.052391 	 4.192383 	 -0.013774 	 -0.017487
9.008432 	 4.338593 	 -0.029913 	 -0.031830
8.958128 	 4.099701 	 0.022605 	 0.009399
8.910544 	 4.209564 	 0.013614 	 0.039459
8.864772 	 4.026611 	 0.032714 	 0.071259
8.822173 	 4.095947 	 -0.018195 	 0.038452
8.773682 	 4.132721 	 -0.002141 	 0.020294
8.724284 	 4.291626 	 0.009651 	 0.032349
8.678966 	 4.243256 	 -0.010269 	 0.020752
8.633194 	 4.314697 	 0.002248 	 0.020538
8.590141 	 4.197449 	 0.001055 	 0.024353
8.540291 	 4.118591 	 0.005784 	 0.030792
8.494519 	 4.155640 	 -0.002141 	 0.027527
8.449200 	 4.164795 	 -0.014871 	 0.008514
8.400710 	 4.248840 	 -0.009523 	 0.000366
8.355844 	 4.145508 	 -0.008884 	 0.000336
8.307806 	 4.180359 	 -0.023276 	 -0.015076
8.261581 	 4.146851 	 0.005689 	 0.003143
8.217622 	 4.155731 	 -0.006061 	 0.009369
8.166866 	 4.169800 	 0.009215 	 0.023560
8.125172 	 4.059967 	 0.000362 	 0.026825
8.076682 	 4.140747 	 -0.041279 	 -0.019135
8.029097 	 4.296753 	 -0.035505 	 -0.048950
7.983325 	 4.144775 	 -0.001619 	 -0.025452
7.938913 	 4.246155 	 0.021476 	 0.023987
7.889969 	 4.237518 	 -0.014189 	 0.016602
7.843744 	 4.144592 	 0.027388 	 0.042847
7.796159 	 4.128571 	 0.001012 	 0.042908
7.750388 	 4.129303 	 -0.031127 	 -0.000641
7.706429 	 4.229828 	 -0.001001 	 -0.001343
7.662016 	 4.173523 	 -0.023787 	 -0.013062
7.613072 	 4.128845 	 -0.031883 	 -0.035980
7.565034 	 4.185730 	 -0.000479 	 -0.017151
7.521529 	 4.134583 	 -0.037636 	 -0.035278
7.474397 	 4.201752 	 -0.012389 	 -0.030670
7.428172 	 4.229553 	 -0.013380 	 -0.019714
7.378775 	 4.204468 	 -0.007830 	 -0.009399
7.331190 	 4.254486 	 -0.016394 	 -0.011993
7.289044 	 4.212982 	 -0.002514 	 -0.001892
7.239194 	 4.152771 	 -0.003057 	 0.007416
7.197501 	 4.067535 	 0.004964 	 0.019531
7.148557 	 4.187897 	 -0.011910 	 0.010681
7.104144 	 4.127716 	 -0.033481 	 -0.021484
7.058372 	 4.132050 	 -0.020922 	 -0.032684
7.008522 	 4.154388 	 -0.034057 	 -0.045685
6.962297 	 4.128784 	 -0.005827 	 -0.028442
6.916978 	 4.157532 	 -0.019761 	 -0.021942
6.870300 	 4.124481 	 -0.027995 	 -0.034241
6.823622 	 4.197540 	 -0.018855 	 -0.033417
6.777397 	 4.135895 	 -0.022871 	 -0.033356
6.730266 	 4.288818 	 -0.033066 	 -0.045837
6.684947 	 4.202881 	 -0.003611 	 -0.023560
6.640082 	 4.287628 	 -0.002482 	 -0.001343
6.590685 	 4.109924 	 -0.018663 	 -0.007904
6.544460 	 4.183044 	 0.006242 	 0.007599
6.495515 	 4.218658 	 0.000149 	 0.019318
6.453369 	 4.102570 	 -0.000245 	 0.021484
6.404878 	 4.092773 	 -0.021167 	 -0.000580
6.360013 	 4.243591 	 -0.007585 	 -0.004150
6.312428 	 4.199860 	 -0.018866 	 -0.012085
6.265750 	 4.183716 	 -0.022307 	 -0.023041
6.219072 	 4.143463 	 -0.016639 	 -0.023804
6.175566 	 4.154602 	 -0.022285 	 -0.028534
6.127075 	 4.220978 	 -0.000245 	 -0.009827
6.080850 	 4.219635 	 -0.032480 	 -0.025116
6.035532 	 4.120819 	 -0.031670 	 -0.044678
5.983868 	 4.129608 	 -0.010354 	 -0.032532
5.943988 	 4.211243 	 -0.033481 	 -0.040375
5.893684 	 4.244171 	 -0.027228 	 -0.048096
5.848366 	 4.191711 	 -0.009055 	 -0.029663
5.803047 	 4.117920 	 0.001417 	 -0.002625
5.756822 	 4.289917 	 -0.000756 	 0.010132
5.709691 	 4.156036 	 -0.001012 	 0.014069
5.661200 	 4.312531 	 -0.024299 	 -0.006836
5.615881 	 4.113464 	 -0.020932 	 -0.022858
5.566937 	 4.245026 	 0.002695 	 -0.003143
5.522978 	 4.174255 	 -0.045764 	 -0.035461
5.479472 	 4.163727 	 -0.027313 	 -0.050201
5.431888 	 4.309479 	 -0.002024 	 -0.022827
5.388382 	 4.152710 	 -0.012336 	 -0.011230
5.337172 	 4.222443 	 -0.037401 	 -0.034943
5.289587 	 4.247650 	 0.003334 	 -0.015076
5.246535 	 4.176880 	 -0.009097 	 -0.001129
5.198950 	 4.158844 	 -0.026706 	 -0.019836
5.151819 	 4.181885 	 0.008203 	 0.001373
5.108766 	 4.091553 	 -0.029103 	 -0.013092
5.060275 	 4.153351 	 -0.014978 	 -0.020599
5.015863 	 4.267487 	 -0.018546 	 -0.021820
4.966466 	 4.223663 	 -0.005571 	 -0.011169
4.917975 	 4.158752 	 -0.002961 	 0.002106
4.874469 	 4.272980 	 -0.018642 	 -0.006653
4.828244 	 4.187592 	 -0.026110 	 -0.025146
4.782019 	 4.281952 	 -0.013582 	 -0.022736
4.734888 	 4.253632 	 -0.031596 	 -0.035675
4.688210 	 4.236542 	 -0.043143 	 -0.060486
4.641985 	 4.209808 	 -0.021199 	 -0.053558
4.595306 	 4.151733 	 -0.046435 	 -0.067871
4.547722 	 4.143524 	 0.000533 	 -0.036255
4.503763 	 4.137848 	 -0.043324 	 -0.048523
4.458897 	 4.111633 	 -0.019441 	 -0.045898
4.412219 	 4.031738 	 -0.023755 	 -0.040222
4.363275 	 4.205902 	 -0.027708 	 -0.044312
4.313878 	 4.235382 	 -0.014243 	 -0.033966
4.272185 	 4.157532 	 -0.027963 	 -0.037476
4.223241 	 4.177399 	 0.000703 	 -0.014252
4.177922 	 4.225189 	 -0.020666 	 -0.016052
4.131697 	 4.148956 	 -0.032086 	 -0.036865
4.085925 	 4.209869 	 -0.051708 	 -0.071869
4.039700 	 4.186676 	 -0.018919 	 -0.060394
3.992116 	 4.119598 	 -0.049386 	 -0.073792
3.946344 	 4.215485 	 -0.029039 	 -0.071320
3.899666 	 4.108337 	 -0.043974 	 -0.077484
3.852534 	 4.339539 	 -0.015478 	 -0.056000
3.804950 	 4.117859 	 0.000639 	 -0.017853
3.759631 	 4.209900 	 -0.038094 	 -0.034546
3.712047 	 4.157501 	 -0.011537 	 -0.030579
3.668541 	 4.203705 	 -0.034834 	 -0.039429
3.619597 	 4.069611 	 -0.043761 	 -0.065491
3.573825 	 3.998230 	 -0.036368 	 -0.072601
3.527600 	 4.158600 	 -0.045636 	 -0.085449
3.482735 	 4.017517 	 -0.020773 	 -0.067169
3.432431 	 4.218353 	 -0.036709 	 -0.064026
3.387112 	 4.086609 	 -0.015478 	 -0.045959
3.343153 	 4.115753 	 -0.028006 	 -0.042938
3.295116 	 4.208679 	 -0.070105 	 -0.090271
3.248438 	 4.132294 	 -0.054680 	 -0.113647
3.203119 	 4.081665 	 -0.047884 	 -0.111328
3.158253 	 4.202789 	 -0.067016 	 -0.126099
3.109309 	 4.179901 	 -0.061157 	 -0.136627
3.064897 	 4.225677 	 -0.087426 	 -0.164581
3.015500 	 4.199860 	 -0.018589 	 -0.115631
2.971541 	 4.152466 	 -0.072310 	 -0.122833
2.926222 	 4.101318 	 -0.059229 	 -0.134399
2.878185 	 4.233704 	 -0.039159 	 -0.112823
2.828334 	 4.259521 	 -0.087703 	 -0.146088
2.783922 	 4.185699 	 -0.070041 	 -0.161469
2.737244 	 4.220734 	 -0.074707 	 -0.166321
2.694191 	 4.227661 	 -0.079447 	 -0.175812
2.644794 	 4.166565 	 -0.068518 	 -0.170349
2.598116 	 4.118256 	 -0.076667 	 -0.172577
2.551437 	 4.034729 	 -0.065663 	 -0.166077
2.504306 	 4.256531 	 -0.106953 	 -0.200256
2.463519 	 4.238068 	 -0.074462 	 -0.199524
2.413216 	 4.111572 	 -0.059229 	 -0.170441
2.365631 	 4.125732 	 -0.066068 	 -0.157593
2.322578 	 4.156464 	 -0.076486 	 -0.165039
2.274994 	 4.158661 	 -0.083368 	 -0.180542
2.226956 	 4.086609 	 -0.076806 	 -0.180603
2.180278 	 4.145782 	 -0.082164 	 -0.187225
2.135413 	 4.061829 	 -0.082867 	 -0.191254
2.088734 	 4.011871 	 -0.123837 	 -0.235718
2.042509 	 3.737396 	 -0.338658 	 -0.498138
1.997191 	 3.625275 	 -0.370904 	 -0.735321
1.949606 	 3.652618 	 -0.315212 	 -0.796173
1.902475 	 3.637207 	 -0.354829 	 -0.842102
1.857156 	 3.697449 	 -0.296197 	 -0.819641
1.811385 	 3.673248 	 -0.361625 	 -0.854980
1.764253 	 3.691620 	 -0.312815 	 -0.847076
1.718935 	 3.688354 	 -0.325204 	 -0.837189
1.673163 	 3.824615 	 -0.333886 	 -0.846069
1.629204 	 3.594971 	 -0.302471 	 -0.820709
1.577994 	 3.712585 	 -0.343239 	 -0.838898
1.533128 	 3.738770 	 -0.350877 	 -0.872559
1.487357 	 3.768188 	 -0.307883 	 -0.845947
1.442944 	 3.769714 	 -0.321199 	 -0.829742
1.395813 	 3.739410 	 -0.347266 	 -0.855530
1.347322 	 3.684631 	 -0.290604 	 -0.818329
1.299284 	 3.615356 	 -0.334717 	 -0.825897
1.257138 	 3.729706 	 -0.282242 	 -0.791565
1.209100 	 3.569000 	 -0.256814 	 -0.728333
1.162422 	 3.711945 	 -0.315222 	 -0.750977
1.118010 	 3.784454 	 -0.229426 	 -0.695435
1.069519 	 3.455627 	 -0.235818 	 -0.642548
1.021935 	 3.588684 	 -0.275605 	 -0.662506
0.976616 	 3.702850 	 -0.248601 	 -0.659637
0.930391 	 3.721497 	 -0.230672 	 -0.629242
0.884166 	 3.572510 	 -0.197415 	 -0.571716
0.837488 	 3.559448 	 -0.203572 	 -0.539551
0.790356 	 3.689575 	 -0.160354 	 -0.482056
0.747304 	 3.584198 	 -0.181745 	 -0.462158
0.697906 	 3.639648 	 -0.148487 	 -0.426392
0.651228 	 3.551025 	 -0.143406 	 -0.391876
0.602284 	 3.556885 	 -0.196999 	 -0.430176
0.557872 	 3.480530 	 -0.103608 	 -0.371307
0.511647 	 3.515289 	 -0.093946 	 -0.296600
0.464969 	 3.268524 	 -0.027654 	 -0.190033
0.418744 	 3.309418 	 0.036315 	 -0.047882
0.373425 	 3.162201 	 0.119523 	 0.127625
0.326747 	 3.069824 	 0.079085 	 0.197754
0.281429 	 3.159790 	 -0.031042 	 0.098480
0.235204 	 2.833344 	 0.206310 	 0.259460
0.185353 	 2.726776 	 0.307084 	 0.532410
0.140488 	 2.606598 	 0.293928 	 0.681305
0.092903 	 2.405609 	 0.406473 	 0.860199
0.045319 	 2.123810 	 0.459875 	 1.042480
0.000000 	 1.800690 	 0.645817 	 1.341583
0.047585 	 1.974884 	 0.516355 	 1.414825
0.094263 	 2.222198 	 0.429248 	 1.304565
0.140488 	 2.243256 	 0.388971 	 1.181763
0.185806 	 2.619873 	 0.205276 	 0.917938
0.232031 	 2.689117 	 0.200387 	 0.721344
0.277350 	 2.918091 	 0.209101 	 0.640808
0.323122 	 2.891052 	 0.226901 	 0.625671
0.371159 	 2.811737 	 0.279440 	 0.680359
0.419650 	 3.187042 	 0.093882 	 0.531860
0.464516 	 3.269135 	 0.066227 	 0.362091
0.512553 	 3.185272 	 0.086361 	 0.294952
0.558325 	 3.342072 	 0.019654 	 0.205109
0.604550 	 3.394562 	 0.041748 	 0.160278
0.653041 	 3.533112 	 -0.019793 	 0.083862
0.697906 	 3.444916 	 -0.010429 	 0.033234
0.743678 	 3.502350 	 0.006360 	 0.032196
0.790810 	 3.574829 	 -0.023159 	 0.006958
0.837488 	 3.544373 	 -0.046744 	 -0.040771
0.883713 	 3.662903 	 -0.087181 	 -0.114014
0.929938 	 3.477295 	 -0.082750 	 -0.159027
0.976163 	 3.511475 	 -0.151054 	 -0.249115
1.022841 	 3.650238 	 -0.148679 	 -0.314697
1.068159 	 3.634125 	 -0.179273 	 -0.374695
1.116650 	 3.623230 	 -0.162719 	 -0.397369
1.161516 	 3.627930 	 -0.157979 	 -0.397583
1.207288 	 3.670349 	 -0.168759 	 -0.405975
1.258498 	 3.615448 	 -0.236851 	 -0.486389
1.298831 	 3.567657 	 -0.255259 	 -0.568970
1.348682 	 3.553467 	 -0.225570 	 -0.582275
1.393094 	 3.470398 	 -0.195306 	 -0.544525
1.440678 	 3.667664 	 -0.221192 	 -0.543396
1.487357 	 3.675262 	 -0.224995 	 -0.556335
1.535394 	 3.667694 	 -0.261512 	 -0.602478
1.579353 	 3.661987 	 -0.270609 	 -0.647949
1.626485 	 3.692291 	 -0.330200 	 -0.734070
1.673616 	 3.541687 	 -0.332533 	 -0.799255
1.720747 	 3.760162 	 -0.336368 	 -0.832550
1.762440 	 3.755463 	 -0.319398 	 -0.832428
1.809572 	 3.638123 	 -0.342589 	 -0.850250
1.859422 	 3.644318 	 -0.337699 	 -0.863251
1.904741 	 3.761536 	 -0.326834 	 -0.855133
1.949606 	 3.761353 	 -0.325992 	 -0.846161
1.997191 	 3.745422 	 -0.354680 	 -0.873199
2.038431 	 3.669434 	 -0.356203 	 -0.898163
2.088734 	 3.827576 	 -0.351676 	 -0.905853
2.134053 	 3.777710 	 -0.354328 	 -0.909607
2.182091 	 3.670074 	 -0.377700 	 -0.936554
2.229222 	 3.725037 	 -0.352677 	 -0.932800
2.274994 	 3.665497 	 -0.409040 	 -0.979034
2.320766 	 3.714386 	 -0.358057 	 -0.969666
2.366084 	 3.634796 	 -0.377466 	 -0.965210
2.413216 	 3.773651 	 -0.389493 	 -0.984192
2.460347 	 3.748383 	 -0.394819 	 -1.002533
2.504306 	 3.638519 	 -0.380651 	 -0.998627
2.549625 	 3.769379 	 -0.406143 	 -1.018036
2.599022 	 3.658600 	 -0.406207 	 -1.037689
2.643887 	 3.830322 	 -0.399219 	 -1.038239
2.691925 	 3.544037 	 -0.425158 	 -1.062469
2.740416 	 3.705780 	 -0.430622 	 -1.090027
2.785281 	 3.560516 	 -0.445121 	 -1.120209
2.831053 	 3.685425 	 -0.452524 	 -1.147766
2.876825 	 3.593719 	 -0.443288 	 -1.153107
2.923956 	 3.594330 	 -0.439784 	 -1.148346
2.970181 	 3.646179 	 -0.443278 	 -1.148132
3.016859 	 3.537170 	 -0.446452 	 -1.153473
3.064444 	 3.584717 	 -0.449680 	 -1.158752
3.110669 	 3.576691 	 -0.410819 	 -1.123260
3.155534 	 3.675385 	 -0.466437 	 -1.149414
3.202213 	 3.601593 	 -0.425967 	 -1.143463
3.246625 	 3.622955 	 -0.436577 	 -1.134094
3.295569 	 3.690552 	 -0.432636 	 -1.129944
3.342700 	 3.747681 	 -0.449073 	 -1.143799
3.389832 	 3.666199 	 -0.440231 	 -1.147400
3.434244 	 3.605804 	 -0.412012 	 -1.115967
3.480469 	 3.687439 	 -0.414420 	 -1.092834
3.530772 	 3.722351 	 -0.448231 	 -1.119812
3.573372 	 3.792084 	 -0.428439 	 -1.124146
3.620050 	 3.799072 	 -0.432721 	 -1.121765
3.664009 	 3.822357 	 -0.419831 	 -1.109619
3.714313 	 3.702301 	 -0.430431 	 -1.110138
3.760538 	 3.773285 	 -0.425957 	 -1.110046
3.802231 	 3.570618 	 -0.442916 	 -1.125793
3.854347 	 3.617218 	 -0.404385 	 -1.099640
3.895134 	 3.719055 	 -0.390963 	 -1.057281
3.946797 	 3.772461 	 -0.396832 	 -1.040131
3.988037 	 3.877411 	 -0.367985 	 -1.003143
4.036981 	 4.195557 	 -0.018749 	 -0.612488
4.085472 	 4.061615 	 -0.001843 	 -0.276642
4.130338 	 4.279572 	 -0.012890 	 -0.132446
4.177922 	 4.199860 	 0.002631 	 -0.055511
4.224600 	 4.170502 	 -0.023436 	 -0.040588
4.268106 	 4.185028 	 0.025023 	 0.007477
4.317050 	 4.311981 	 0.007830 	 0.031097
4.361916 	 4.158203 	 0.011665 	 0.038971
4.408594 	 4.178131 	 -0.028847 	 0.002380
4.457538 	 4.195679 	 -0.015116 	 -0.013672
4.503763 	 4.140747 	 -0.018120 	 -0.020386
4.549081 	 4.153534 	 -0.009918 	 -0.015564
4.594853 	 4.146240 	 -0.016426 	 -0.016693
4.640172 	 4.175201 	 -0.012773 	 -0.015045
4.687303 	 4.199524 	 -0.004964 	 -0.005585
4.732622 	 4.227875 	 -0.006637 	 0.000488
4.782019 	 4.156036 	 -0.027122 	 -0.019775
4.828244 	 4.275726 	 0.004378 	 -0.004395
4.871750 	 4.207031 	 -0.034142 	 -0.024139
4.920241 	 4.297607 	 -0.027580 	 -0.041718
4.966919 	 4.216736 	 -0.017215 	 -0.036652
5.012238 	 4.235443 	 0.006200 	 -0.005219
5.060275 	 4.212402 	 -0.008437 	 0.002441
5.107407 	 4.263580 	 -0.011270 	 -0.002197
5.151366 	 4.217682 	 -0.045742 	 -0.041656
5.198950 	 4.158600 	 -0.022094 	 -0.048126
5.245175 	 4.192017 	 -0.015436 	 -0.034363
5.290494 	 4.172699 	 0.005646 	 -0.003357
5.338985 	 4.260803 	 -0.003633 	 0.007812
5.385663 	 4.163422 	 0.010535 	 0.024933
5.430528 	 4.123474 	 -0.051058 	 -0.026703
5.478113 	 4.205231 	 -0.008948 	 -0.029694
5.524791 	 4.219940 	 -0.002940 	 -0.007660
5.571469 	 4.274445 	 0.020357 	 0.027863
5.616335 	 4.223511 	 -0.033556 	 -0.002014
5.663013 	 4.294159 	 -0.003707 	 -0.007111
5.706519 	 4.312531 	 -0.005241 	 0.002411
5.755463 	 4.210663 	 -0.017151 	 -0.006653
5.802594 	 4.122620 	 -0.022541 	 -0.021362
5.846553 	 4.157684 	 -0.017119 	 -0.024719
5.895044 	 4.138794 	 -0.032203 	 -0.039368
5.941269 	 4.138672 	 0.001268 	 -0.016663
5.987947 	 4.176483 	 0.008128 	 0.014069
6.035532 	 4.113922 	 -0.003057 	 0.018616
6.079944 	 4.172699 	 -0.012091 	 0.005951
6.128435 	 4.215546 	 0.011505 	 0.021851
6.174207 	 4.195618 	 -0.008884 	 0.017059
6.221338 	 4.206055 	 -0.025939 	 -0.011017
6.265750 	 4.215637 	 -0.031937 	 -0.035370
6.311069 	 4.187561 	 -0.006882 	 -0.023895
6.358653 	 4.163513 	 0.003760 	 0.003784
6.406238 	 4.149200 	 -0.007947 	 0.006714
6.451103 	 4.156494 	 -0.035782 	 -0.025391
6.497328 	 4.131256 	 0.001300 	 -0.011536
6.544006 	 4.157593 	 -0.000959 	 0.006470
6.589778 	 4.219513 	 -0.012272 	 0.002441
6.636003 	 4.163330 	 -0.001555 	 0.007202
6.682681 	 4.269043 	 0.025087 	 0.041260
6.729813 	 4.286835 	 -0.025012 	 0.015594
6.775584 	 4.140991 	 0.028272 	 0.037720
6.821356 	 4.227905 	 0.021359 	 0.063110
6.868034 	 4.212555 	 -0.017779 	 0.031128
6.916072 	 4.190704 	 0.008735 	 0.028656
6.962297 	 4.118561 	 0.009726 	 0.039307
7.008069 	 4.209076 	 -0.021806 	 0.011505
7.052934 	 4.241241 	 -0.020272 	 -0.012451
7.101878 	 4.163086 	 -0.003526 	 -0.004883
7.148557 	 4.137604 	 -0.010887 	 -0.002655
7.191609 	 4.192627 	 0.014520 	 0.020172
7.240553 	 4.117615 	 0.013092 	 0.041016
7.286325 	 4.212738 	 -0.009747 	 0.025421
7.332550 	 4.225586 	 0.008224 	 0.027924
7.378775 	 4.163513 	 -0.012219 	 0.015411
7.426813 	 4.292267 	 -0.009310 	 0.004486
7.473038 	 4.070587 	 -0.055085 	 -0.047089
7.519716 	 4.214905 	 -0.009151 	 -0.040649
7.565941 	 4.255768 	 -0.024735 	 -0.034943
7.612619 	 4.161591 	 -0.006381 	 -0.020264
7.657484 	 4.163544 	 -0.000096 	 0.000122
7.706429 	 4.213776 	 -0.024480 	 -0.013824
7.754013 	 4.233612 	 -0.036091 	 -0.041565
7.797519 	 4.232544 	 0.011547 	 -0.008575
7.840118 	 4.272614 	 0.009087 	 0.022339
7.892235 	 4.242523 	 -0.024118 	 0.001923
7.937100 	 4.211426 	 0.020975 	 0.025116
7.981059 	 4.232361 	 -0.027526 	 0.003815
8.029097 	 4.147552 	 -0.002013 	 0.000641
8.075775 	 4.148773 	 -0.009161 	 0.003235
8.122000 	 4.215546 	 -0.005539 	 0.004456
8.168678 	 4.164856 	 -0.022158 	 -0.009857
8.216263 	 4.169159 	 -0.018600 	 -0.020142
8.261128 	 4.084747 	 0.032011 	 0.029144
8.309166 	 4.146637 	 0.014999 	 0.054993
8.354031 	 4.203308 	 0.007510 	 0.050415
8.396631 	 4.085846 	 0.000746 	 0.038757
8.446935 	 4.210907 	 -0.023180 	 0.005951
8.495425 	 4.202454 	 -0.009715 	 -0.005188
8.539384 	 4.292969 	 -0.001907 	 0.005371
8.586516 	 4.183472 	 0.016970 	 0.033569
8.630928 	 4.079956 	 -0.029487 	 0.003601
8.676700 	 4.136383 	 -0.002844 	 -0.000824
8.725644 	 4.246735 	 -0.006946 	 0.003174
8.772322 	 4.262787 	 0.025811 	 0.039581
8.819907 	 4.122528 	 -0.009587 	 0.030365
8.864319 	 4.131866 	 0.010621 	 0.032806
8.912810 	 4.169922 	 0.003792 	 0.036621
8.957675 	 4.348267 	 -0.030232 	 -0.000946
9.005260 	 4.311768 	 -0.014733 	 -0.014679
9.049672 	 4.192566 	 -0.016341 	 -0.017365
9.094991 	 4.026398 	 0.010685 	 0.010010
9.142122 	 4.242645 	 -0.030626 	 -0.010529
9.190613 	 4.183624 	 -0.002109 	 -0.006256
9.231853 	 4.074615 	 -0.008458 	 -0.000214
9.279437 	 4.065857 	 -0.004794 	 0.004181
9.330194 	 4.186676 	 -0.007425 	 0.004242
9.373247 	 4.224884 	 0.001960 	 0.014252
9.422644 	 4.170288 	 0.032661 	 0.054321
9.464790 	 4.201202 	 0.002940 	 0.052734
9.515094 	 4.130615 	 0.011878 	 0.049866
9.558600 	 4.279724 	 -0.015936 	 0.022522
9.609357 	 4.245209 	 -0.007425 	 0.007629
9.651956 	 4.271729 	 0.025343 	 0.040924
9.700900 	 4.146515 	 -0.040757 	 -0.001373
9.747578 	 4.281586 	 -0.013848 	 -0.018951
9.795163 	 4.197327 	 -0.026323 	 -0.028992
9.839575 	 4.049438 	 0.006189 	 -0.004822
9.885347 	 4.290466 	 -0.013145 	 -0.000977
9.932932 	 4.128387 	 -0.032618 	 -0.027130
9.979156 	 4.171936 	 -0.003388 	 -0.016327
10.025835 	 4.133423 	 -0.023297 	 -0.020477
10.072966 	 4.177216 	 0.000842 	 -0.005005
10.119191 	 4.173492 	 -0.026578 	 -0.016907
10.166322 	 4.203979 	 -0.022339 	 -0.028137
10.211641 	 4.183716 	 0.000138 	 -0.008881
10.260132 	 4.192566 	 0.020954 	 0.031281
10.305450 	 4.097046 	 -0.004570 	 0.029999
10.353941 	 4.193726 	 -0.022221 	 0.001007
10.396088 	 4.131805 	 -0.003611 	 0.000824
10.443219 	 4.331390 	 0.027186 	 0.040405
10.489897 	 4.192841 	 -0.013785 	 0.027191
10.538841 	 4.141724 	 0.014733 	 0.034576
10.581441 	 4.290314 	 -0.014349 	 0.018890
10.630838 	 4.226776 	 -0.014370 	 0.001526
10.675703 	 4.127747 	 -0.027100 	 -0.020020
10.722382 	 4.305573 	 0.004272 	 -0.002411
10.770872 	 4.055695 	 0.017854 	 0.032349
10.812566 	 4.239594 	 0.010557 	 0.046204
10.860150 	 4.287567 	 0.000607 	 0.037659
10.907281 	 4.205566 	 0.001875 	 0.030762
10.953053 	 4.198547 	 -0.001960 	 0.025665
11.001544 	 4.108612 	 -0.043953 	 -0.022552
11.048676 	 4.134094 	 0.003270 	 -0.012604
11.091275 	 4.092621 	 0.009428 	 0.018005
11.138406 	 4.210724 	 0.003814 	 0.028687
11.186897 	 4.261749 	 -0.013358 	 0.012970
11.231310 	 4.171265 	 0.002716 	 0.016296
11.277988 	 4.100464 	 -0.005497 	 0.015503
11.322853 	 4.106567 	 0.008213 	 0.025909
11.371797 	 4.270020 	 -0.014264 	 0.012726
11.416209 	 4.147369 	 0.000863 	 0.013733
11.467873 	 4.261658 	 0.002258 	 0.020538
11.510019 	 4.051697 	 0.007254 	 0.029755
11.556697 	 4.206696 	 0.011505 	 0.041901
11.602922 	 4.153351 	 -0.004197 	 0.031830
11.650053 	 4.177673 	 0.016629 	 0.043091
11.697185 	 4.136719 	 0.018898 	 0.058746
11.742503 	 4.181458 	 -0.009864 	 0.035980
11.790088 	 4.343658 	 -0.010802 	 0.012177
11.834500 	 4.212738 	 -0.005838 	 0.007385
11.880272 	 4.216827 	 0.011366 	 0.026367
11.932388 	 4.079651 	 -0.014520 	 0.013672
11.975441 	 4.242737 	 0.021636 	 0.035645
12.020306 	 4.260620 	 0.001012 	 0.038025
12.067438 	 4.265839 	 0.037423 	 0.069244
12.111397 	 4.189789 	 0.000096 	 0.058533
12.155809 	 4.159943 	 -0.012069 	 0.025970
12.205659 	 4.309662 	 0.021454 	 0.042542
12.255510 	 4.153748 	 -0.004165 	 0.036438
12.299469 	 4.204193 	 -0.004634 	 0.022522
12.345694 	 4.233643 	 -0.028187 	 -0.008545
12.393279 	 4.174835 	 -0.004932 	 -0.007690
12.441769 	 4.263092 	 0.002748 	 0.010468
12.481197 	 4.151672 	 0.026930 	 0.047485
12.533313 	 4.155884 	 0.029678 	 0.075317
12.580444 	 4.208801 	 0.004783 	 0.063751
12.626669 	 4.164795 	 0.007659 	 0.052979
12.671535 	 4.194855 	 -0.021114 	 0.016113
12.716853 	 4.220764 	 -0.007169 	 0.004059
12.764438 	 4.227875 	 -0.021636 	 -0.010071
12.810210 	 4.267822 	 0.000724 	 0.000366
12.857794 	 4.103333 	 -0.016852 	 -0.004852
12.907191 	 4.196899 	 -0.021327 	 -0.018219
12.950697 	 4.223114 	 -0.002567 	 -0.007751
12.991484 	 4.265778 	 0.013220 	 0.021973
13.040881 	 4.130615 	 -0.024853 	 0.001587
13.088919 	 4.235596 	 -0.013358 	 -0.010681
13.134238 	 4.137360 	 0.003004 	 0.005737
13.180916 	 4.112549 	 0.002610 	 0.019012
13.227594 	 4.212830 	 -0.002386 	 0.019012
13.270647 	 4.245483 	 0.001332 	 0.021912
13.320044 	 4.183868 	 0.010205 	 0.034851
13.369894 	 4.153656 	 -0.016735 	 0.014374
13.415666 	 4.289520 	 -0.013412 	 -0.001770
13.460532 	 4.181976 	 -0.037977 	 -0.032623
13.506757 	 4.124969 	 -0.022626 	 -0.040497
13.552528 	 4.313995 	 0.008480 	 -0.005463
13.599207 	 4.376495 	 -0.010674 	 0.001831
13.646338 	 4.021454 	 -0.002099 	 0.007141
13.690297 	 4.281982 	 0.004048 	 0.019562
13.736522 	 4.236420 	 0.033524 	 0.057770
13.787732 	 4.226471 	 0.012037 	 0.063690
13.829878 	 4.156403 	 -0.003015 	 0.042938
13.877916 	 4.134094 	 -0.022275 	 0.007812
13.925047 	 4.173248 	 -0.003409 	 0.003113
13.969913 	 4.107971 	 -0.011430 	 0.000824
14.014325 	 4.122620 	 0.028826 	 0.038147
14.061909 	 4.151794 	 0.000746 	 0.041901
14.110400 	 4.086670 	 -0.012570 	 0.018372
14.154359 	 4.185760 	 0.028155 	 0.044983
14.204210 	 4.140747 	 0.008575 	 0.053619
14.250888 	 4.153015 	 0.000266 	 0.040527
14.294394 	 4.260590 	 -0.003419 	 0.027466
14.341978 	 4.091431 	 0.000352 	 0.024811
14.389110 	 4.189819 	 -0.033172 	 -0.010345
14.433522 	 4.252380 	 0.023755 	 0.018890
14.482919 	 4.104523 	 0.012687 	 0.044403
14.528691 	 4.140717 	 -0.005326 	 0.032013
14.574916 	 4.051666 	 0.024352 	 0.050018
14.620688 	 4.333649 	 0.008895 	 0.053925
14.669179 	 4.131989 	 -0.009609 	 0.029999
14.712231 	 4.196808 	 -0.010823 	 0.010071
14.759816 	 4.233368 	 -0.014999 	 -0.002411
14.805135 	 4.098694 	 -0.015191 	 -0.009796
14.851360 	 4.144806 	 0.014232 	 0.016693
14.898038 	 4.260651 	 0.013614 	 0.039185
14.946529 	 4.266876 	 -0.004421 	 0.031616
14.994566 	 4.169952 	 0.014882 	 0.040894
15.038979 	 4.089447 	 -0.018323 	 0.017944
15.086563 	 4.228394 	 0.002322 	 0.016327
15.132335 	 4.192566 	 0.000011 	 0.021698
15.177654 	 4.158600 	 0.011462 	 0.033722
15.223425 	 4.165710 	 -0.000224 	 0.032288
15.270557 	 4.166779 	 0.022584 	 0.049774
15.318594 	 4.206909 	 -0.002035 	 0.042145
15.360287 	 4.330200 	 0.014125 	 0.044800
15.407872 	 4.057739 	 0.010546 	 0.049194
15.453644 	 4.109497 	 -0.036997 	 0.000427
15.502135 	 4.271851 	 -0.003526 	 -0.006104
15.547906 	 4.256165 	 -0.029135 	 -0.021362
15.590506 	 4.199493 	 0.008618 	 0.000397
15.642169 	 4.207794 	 0.004517 	 0.021637
15.688847 	 4.178589 	 -0.002237 	 0.021423
15.735526 	 4.240631 	 -0.007084 	 0.013733
15.779485 	 4.221649 	 0.039159 	 0.056824
15.828429 	 4.334686 	 0.012964 	 0.069916
15.873294 	 4.257568 	 0.000767 	 0.050476
15.919972 	 4.207947 	 0.007340 	 0.043396
15.965744 	 4.194458 	 -0.030562 	 0.002960
16.014235 	 4.211548 	 -0.023383 	 -0.024078
16.057288 	 4.256714 	 0.027505 	 0.021759
16.105779 	 4.247559 	 -0.006839 	 0.025330
16.151097 	 4.213837 	 -0.030275 	 -0.009155
16.198682 	 4.283630 	 0.013593 	 0.010590
16.242641 	 4.145721 	 0.025470 	 0.049316
16.293398 	 4.186707 	 -0.015148 	 0.027985
16.336450 	 4.141815 	 0.017076 	 0.036804
16.384941 	 4.187561 	 -0.002631 	 0.033020
16.430260 	 4.247925 	 -0.004836 	 0.021912
16.475125 	 4.134552 	 -0.026237 	 -0.006714
16.526335 	 4.277496 	 -0.017779 	 -0.019836
16.569841 	 4.214874 	 -0.002546 	 -0.006287
16.616066 	 4.260773 	 -0.007734 	 0.000244
16.663197 	 4.180115 	 0.002216 	 0.012115
16.708516 	 4.313049 	 0.029348 	 0.050049
16.754741 	 4.226715 	 0.000948 	 0.048706
16.800513 	 4.250763 	 -0.002983 	 0.031525
16.846284 	 4.082825 	 -0.007894 	 0.017487
16.893869 	 4.104675 	 0.002983 	 0.020935
16.939188 	 4.254608 	 0.026493 	 0.050812
16.984959 	 4.408234 	 0.006392 	 0.052673
17.032544 	 4.237823 	 0.021476 	 0.062073
17.081941 	 4.245422 	 -0.022307 	 0.026733
17.127713 	 4.232666 	 0.018184 	 0.036957
17.173032 	 4.191620 	 0.006711 	 0.045776
17.218803 	 4.106567 	 -0.006477 	 0.028900
17.267294 	 4.074799 	 -0.012304 	 0.008423
17.311707 	 4.139679 	 0.001545 	 0.013855
17.358838 	 4.254822 	 -0.002546 	 0.016174
17.404156 	 4.049469 	 0.002908 	 0.023499
17.452647 	 4.249603 	 0.007649 	 0.032715
17.497060 	 4.109161 	 -0.005987 	 0.023895
17.544644 	 4.279266 	 -0.010535 	 0.009918
17.590416 	 4.216675 	 0.009012 	 0.022308
17.635735 	 4.230804 	 0.001619 	 0.028748
17.684225 	 4.186676 	 -0.005603 	 0.020905
17.729091 	 4.309784 	 0.016948 	 0.037903
17.776675 	 4.256470 	 0.003324 	 0.040192
17.821088 	 4.276764 	 0.007936 	 0.041870
17.872298 	 3.983856 	 -0.012378 	 0.021515

 Z Turning Point (V) = 2.618011 
 Turning Time Delay (ms) = 0 
 SEN (V) =  
 App. Driving Voltage (mVrms) = 0.005000 
 App. Vias. Voltage (V) = 0.000000 
 App. Del Z (Bit) = -10 
 App. Delay Time (ms) = 400 
 App. Velocity (nm/s) = -0.113298 
 Ret. Driving Voltage (mVrms) = 0.005000 
 Ret. Vias. Voltage (V) = 0.000000 
 Ret. Del Z (Bit) = -10 
 Ret. Delay Time (ms) = 400 
 Ret. Velocity (nm/s) = -0.113298 
  
 Data Array Size = 901 
 Frequency (Hz) = sen.
 
