22.837404 	 4.065796 	 -0.016213 	 0.038910
22.790273 	 4.029572 	 0.012336 	 0.035767
22.744501 	 4.179840 	 0.025044 	 0.060150
22.699635 	 4.127625 	 0.035207 	 0.087097
22.654317 	 4.165283 	 0.015478 	 0.082703
22.605826 	 4.304840 	 0.020719 	 0.079041
22.558241 	 4.354828 	 0.012261 	 0.069458
22.512923 	 4.197357 	 0.014232 	 0.064056
22.466245 	 4.222168 	 0.040959 	 0.090210
22.417754 	 4.166534 	 -0.000053 	 0.069824
22.374248 	 4.287598 	 0.017002 	 0.061523
22.327116 	 4.304382 	 -0.008597 	 0.038605
22.281798 	 4.280731 	 0.002450 	 0.030151
22.234213 	 4.187531 	 0.026152 	 0.055298
22.186176 	 4.193512 	 0.024331 	 0.074036
22.141310 	 4.292664 	 -0.001119 	 0.054626
22.095538 	 4.200653 	 0.010173 	 0.047668
22.049313 	 4.146637 	 0.002653 	 0.041901
22.001276 	 4.121887 	 -0.019888 	 0.011383
21.954144 	 4.298553 	 0.018962 	 0.029633
21.910185 	 4.236511 	 0.022307 	 0.058289
21.863507 	 4.155884 	 -0.014168 	 0.032104
21.815469 	 4.133728 	 -0.002450 	 0.018921
21.771964 	 4.099640 	 0.005337 	 0.026733
21.723473 	 4.104706 	 0.045242 	 0.074921
21.674982 	 4.092834 	 -0.028570 	 0.035461
21.629210 	 4.284576 	 0.014392 	 0.032349
21.580719 	 4.306824 	 0.008863 	 0.043121
21.536760 	 4.163727 	 0.017097 	 0.053345
21.490535 	 4.275848 	 -0.000053 	 0.044098
21.442497 	 4.342072 	 -0.028283 	 0.003967
21.400804 	 4.162506 	 -0.016128 	 -0.013947
21.354126 	 4.249634 	 -0.017460 	 -0.017975
21.306995 	 4.259552 	 -0.010717 	 -0.012726
21.260316 	 4.155304 	 0.015020 	 0.017548
21.213185 	 4.155609 	 -0.016288 	 0.009857
21.165147 	 4.123322 	 -0.002109 	 0.008759
21.120282 	 4.133545 	 0.013710 	 0.030426
21.074510 	 4.025421 	 0.004559 	 0.037262
21.028285 	 4.114624 	 0.013497 	 0.045593
20.977982 	 4.097565 	 -0.003025 	 0.035156
20.937648 	 4.138397 	 -0.007510 	 0.018585
20.889610 	 4.179749 	 -0.018855 	 -0.002197
20.844292 	 4.277313 	 0.002322 	 0.005920
20.797160 	 4.280273 	 -0.019888 	 -0.004639
20.747763 	 4.231598 	 0.011089 	 0.014008
20.701538 	 4.154266 	 0.012634 	 0.035980
20.658032 	 4.343048 	 0.016927 	 0.051819
20.610901 	 4.255768 	 -0.017449 	 0.024689
20.564223 	 4.115967 	 -0.018642 	 -0.003479
20.513919 	 4.115234 	 0.029114 	 0.034088
20.469054 	 4.112366 	 0.003260 	 0.043427
20.424641 	 4.180542 	 0.032139 	 0.066986
20.377963 	 4.222504 	 0.016906 	 0.074310
20.333551 	 4.272705 	 0.018589 	 0.072815
20.284607 	 4.124847 	 -0.022403 	 0.030426
20.237929 	 4.146759 	 0.022253 	 0.041016
20.191704 	 4.229553 	 0.007041 	 0.048706
20.143213 	 4.031860 	 -0.029572 	 0.006378
20.098801 	 4.145538 	 0.008788 	 0.012787
20.050763 	 4.289856 	 0.012528 	 0.035217
20.004085 	 4.136536 	 -0.037849 	 -0.005615
19.957407 	 4.150543 	 0.009747 	 0.004395
19.914807 	 4.154266 	 0.043175 	 0.064819
19.864957 	 4.220490 	 -0.002855 	 0.056427
19.819185 	 4.295776 	 -0.024565 	 0.011200
19.773413 	 4.260620 	 -0.003494 	 0.004181
19.725829 	 4.157593 	 -0.012336 	 0.000885
19.681416 	 4.119171 	 0.025492 	 0.034241
19.632472 	 4.218567 	 0.001268 	 0.039581
19.586247 	 4.281891 	 -0.029572 	 0.000031
19.544101 	 4.128723 	 0.039649 	 0.042358
19.495610 	 4.196747 	 0.016245 	 0.065430
19.447572 	 4.280151 	 0.000415 	 0.049042
19.401347 	 4.329773 	 -0.017545 	 0.015991
19.355576 	 4.285553 	 -0.042983 	 -0.031830
19.311163 	 4.074432 	 0.002653 	 -0.015717
19.264938 	 4.098816 	 0.016895 	 0.025177
19.216447 	 4.168976 	 0.029870 	 0.062347
19.170676 	 4.128632 	 -0.028773 	 0.022064
19.124904 	 4.015320 	 0.020336 	 0.032562
19.078226 	 4.386444 	 -0.009310 	 0.026337
19.030641 	 4.269928 	 -0.011441 	 0.008698
18.985776 	 4.120148 	 -0.017428 	 -0.005249
18.935472 	 4.137665 	 0.008682 	 0.012146
18.891966 	 4.276031 	 0.008480 	 0.030884
18.843022 	 4.195404 	 0.007766 	 0.038025
18.794984 	 4.112488 	 0.011260 	 0.045013
18.753745 	 4.159821 	 0.033588 	 0.072632
18.707066 	 4.274445 	 0.004325 	 0.063721
18.657669 	 4.283295 	 0.034184 	 0.079376
18.611897 	 4.201416 	 -0.016362 	 0.045227
18.566579 	 4.124725 	 -0.005390 	 0.020142
18.518541 	 4.160278 	 0.009950 	 0.030090
18.474129 	 4.069672 	 0.007233 	 0.038849
18.426997 	 4.069763 	 0.034323 	 0.068481
18.382585 	 4.182343 	 0.017279 	 0.075745
18.333641 	 4.216339 	 -0.022924 	 0.030273
18.290588 	 4.302643 	 -0.043761 	 -0.028137
18.243457 	 4.212585 	 0.010301 	 -0.006378
18.196779 	 4.067200 	 -0.014520 	 -0.000214
18.147835 	 4.128143 	 0.003100 	 0.010773
18.104329 	 4.269806 	 -0.009119 	 0.010681
18.058557 	 4.256683 	 0.001939 	 0.015778
18.010519 	 4.113861 	 0.020293 	 0.041748
17.962482 	 4.169281 	 -0.009310 	 0.029907
17.915350 	 4.198517 	 -0.002610 	 0.019318
17.870938 	 4.154755 	 0.025098 	 0.046692
17.822900 	 4.139404 	 0.017151 	 0.062286
17.778035 	 4.161743 	 0.000980 	 0.049469
17.728638 	 4.081879 	 -0.004421 	 0.030609
17.683772 	 4.102417 	 0.017854 	 0.044037
17.639813 	 4.326508 	 0.010088 	 0.050385
17.592229 	 4.117828 	 0.031926 	 0.073730
17.544644 	 4.177582 	 -0.012346 	 0.046204
17.498872 	 4.166504 	 0.006786 	 0.034424
17.453554 	 4.135284 	 -0.009523 	 0.020630
17.407782 	 4.048492 	 -0.031489 	 -0.014862
17.360197 	 4.233643 	 -0.007457 	 -0.013733
17.312613 	 4.272949 	 0.031404 	 0.036774
17.267747 	 3.988251 	 -0.021806 	 0.019257
17.219257 	 4.151917 	 0.006860 	 0.018738
17.175298 	 4.106567 	 0.004272 	 0.028107
17.128166 	 4.169891 	 0.000320 	 0.027863
17.079222 	 4.251984 	 0.000469 	 0.025299
17.032091 	 4.142365 	 0.021604 	 0.046936
16.987679 	 4.350647 	 0.012804 	 0.056549
16.940094 	 4.303925 	 -0.015436 	 0.027435
16.895682 	 4.191681 	 -0.019164 	 -0.000824
16.849457 	 4.299774 	 -0.006988 	 -0.003296
16.800513 	 4.150269 	 0.006051 	 0.014343
16.756100 	 4.012848 	 0.026429 	 0.049896
16.709875 	 4.132355 	 0.017790 	 0.064575
16.664104 	 4.240387 	 -0.007361 	 0.040741
16.617426 	 4.177643 	 0.027857 	 0.056122
16.572560 	 4.221283 	 0.014349 	 0.064514
16.524976 	 4.138580 	 -0.006818 	 0.039886
16.476031 	 4.216461 	 0.015574 	 0.044403
16.432072 	 4.198395 	 0.005561 	 0.044586
16.384941 	 4.332520 	 0.001630 	 0.036163
16.337810 	 4.209534 	 0.016064 	 0.046753
16.294757 	 4.064575 	 0.006818 	 0.048279
16.245360 	 4.190277 	 -0.022083 	 0.014221
16.198228 	 4.162750 	 0.032469 	 0.043701
16.149738 	 4.246460 	 0.001033 	 0.046783
16.106685 	 4.183685 	 0.023265 	 0.058502
16.060007 	 4.241882 	 -0.009694 	 0.038391
16.015594 	 4.121765 	 0.020538 	 0.047821
15.966650 	 4.272675 	 0.006381 	 0.050598
15.920425 	 4.130798 	 -0.001619 	 0.036469
15.873747 	 4.186523 	 -0.023393 	 0.004333
15.827975 	 4.182617 	 -0.015404 	 -0.010742
15.779938 	 4.121765 	 0.028613 	 0.032288
15.735979 	 4.178619 	 0.003292 	 0.042664
15.687941 	 4.309753 	 -0.016799 	 0.015594
15.641263 	 4.299957 	 0.009737 	 0.023010
15.596851 	 4.059814 	 0.012208 	 0.040344
15.547000 	 4.303802 	 0.009246 	 0.045868
15.503041 	 4.327759 	 0.034078 	 0.073090
15.456816 	 4.186554 	 0.015553 	 0.075531
15.409232 	 4.109497 	 -0.031031 	 0.020355
15.363007 	 4.255890 	 0.015020 	 0.024811
15.317688 	 4.143280 	 0.043804 	 0.076508
15.272369 	 4.163727 	 -0.004197 	 0.061096
15.226598 	 4.142609 	 -0.007574 	 0.030853
15.179013 	 4.179657 	 -0.001907 	 0.021362
15.134148 	 4.143616 	 -0.006711 	 0.014282
15.083391 	 4.283051 	 0.015127 	 0.032654
15.038525 	 4.179687 	 -0.023787 	 0.008972
14.995926 	 4.099518 	 -0.017087 	 -0.010925
14.947888 	 4.103546 	 0.009577 	 0.009674
14.901210 	 4.310394 	 -0.013295 	 0.006561
14.850906 	 4.107910 	 0.013135 	 0.024323
14.806494 	 4.152374 	 0.000447 	 0.029846
14.759816 	 4.160645 	 0.001779 	 0.027802
14.713138 	 4.255859 	 -0.015255 	 0.010101
14.667366 	 4.079163 	 0.021156 	 0.033356
14.620688 	 4.118256 	 -0.015553 	 0.020966
14.575369 	 4.162811 	 0.009971 	 0.025513
14.525519 	 4.220367 	 0.008298 	 0.037384
14.480653 	 4.198914 	 0.015265 	 0.050079
14.435788 	 4.139740 	 0.001545 	 0.044159
14.389110 	 4.197479 	 -0.016746 	 0.015411
14.341978 	 4.189819 	 0.014892 	 0.028259
14.295753 	 4.162079 	 -0.025087 	 0.006104
14.251341 	 4.192535 	 0.016927 	 0.023437
14.204663 	 4.324829 	 0.007265 	 0.038452
14.159344 	 4.075470 	 0.037018 	 0.071350
14.112666 	 4.158722 	 0.017790 	 0.078369
14.064175 	 4.160431 	 0.065908 	 0.123566
14.018857 	 4.082733 	 0.006764 	 0.102325
13.969913 	 4.211395 	 -0.041375 	 0.017883
13.923688 	 4.126526 	 -0.011377 	 -0.008484
13.879729 	 4.157593 	 -0.016842 	 -0.013092
13.832144 	 4.213867 	 0.017044 	 0.017365
13.786372 	 4.214813 	 0.001204 	 0.028656
13.739694 	 4.236694 	 -0.023201 	 0.003418
13.693922 	 4.294556 	 0.014594 	 0.020111
13.646338 	 4.211731 	 0.035282 	 0.065765
13.601472 	 4.342987 	 -0.000053 	 0.056854
13.553888 	 4.292816 	 0.013529 	 0.051575
13.510382 	 4.297058 	 -0.032128 	 0.007568
13.461891 	 4.216827 	 0.002205 	 0.006165
13.417479 	 4.269928 	 0.011015 	 0.028412
13.368535 	 4.235535 	 0.012176 	 0.043091
13.323669 	 4.276001 	 0.005603 	 0.043976
13.276991 	 4.188629 	 -0.008341 	 0.025726
13.230313 	 4.267456 	 0.005049 	 0.026215
13.181369 	 4.174530 	 0.002258 	 0.028717
13.136050 	 4.186554 	 -0.037604 	 -0.011963
13.091638 	 4.256744 	 0.007649 	 -0.000244
13.043600 	 4.201447 	 -0.015393 	 -0.000031
12.996016 	 4.068787 	 0.003238 	 0.009644
12.950244 	 4.194214 	 0.017193 	 0.036835
12.904472 	 4.336792 	 -0.013944 	 0.021851
12.858701 	 4.068024 	 0.002961 	 0.020844
12.812022 	 4.251740 	 0.013710 	 0.037781
12.765797 	 4.064880 	 -0.011547 	 0.022888
12.718666 	 4.284302 	 -0.023649 	 -0.006866
12.673347 	 4.294647 	 -0.018088 	 -0.018799
12.623497 	 4.064575 	 0.002152 	 -0.001526
12.579085 	 4.127930 	 0.005049 	 0.018982
12.536032 	 4.225159 	 0.029220 	 0.054138
12.486635 	 4.126740 	 0.020304 	 0.070038
12.439050 	 4.149506 	 0.003377 	 0.055634
12.393732 	 4.093781 	 -0.004048 	 0.034698
12.347054 	 4.081482 	 -0.038030 	 -0.012360
12.302188 	 4.129303 	 0.031681 	 0.024994
12.253244 	 4.194336 	 0.008756 	 0.046295
12.207019 	 4.157715 	 0.010045 	 0.047974
12.160341 	 4.232605 	 0.005380 	 0.044861
12.113210 	 4.262085 	 -0.017279 	 0.016968
12.067438 	 4.190308 	 0.030413 	 0.046021
12.022119 	 4.285675 	 0.003675 	 0.051392
11.975441 	 4.215210 	 -0.017215 	 0.019623
11.928763 	 4.041290 	 0.000820 	 0.015564
11.884804 	 4.180634 	 -0.020421 	 -0.000793
11.835406 	 4.203064 	 0.008799 	 0.013916
11.788728 	 4.200836 	 -0.005465 	 0.016876
11.743410 	 4.256653 	 -0.005561 	 0.011078
11.698091 	 4.130798 	 0.025343 	 0.041779
11.652319 	 4.329773 	 -0.028869 	 0.012177
11.602016 	 4.227722 	 0.005507 	 0.012115
11.556697 	 4.397369 	 0.001001 	 0.021667
11.510925 	 4.216583 	 -0.000543 	 0.022278
11.466966 	 4.083923 	 0.008906 	 0.032471
11.419382 	 4.079102 	 0.002663 	 0.032959
11.371344 	 4.173157 	 0.023106 	 0.052765
11.329651 	 4.223114 	 -0.007404 	 0.038391
11.277081 	 4.188660 	 0.002013 	 0.027527
11.230403 	 4.266510 	 -0.016895 	 0.007172
11.186444 	 4.250885 	 -0.034365 	 -0.026154
11.137500 	 4.147278 	 -0.020474 	 -0.034180
11.093541 	 4.172241 	 0.017066 	 0.007111
11.048222 	 4.050079 	 0.014477 	 0.037567
11.001544 	 4.141846 	 0.002333 	 0.038544
10.955772 	 4.242371 	 -0.036070 	 -0.006714
10.910907 	 4.177643 	 0.023393 	 0.019562
10.861963 	 4.147644 	 -0.007989 	 0.022552
10.812112 	 4.272156 	 -0.001790 	 0.017670
10.766794 	 4.140717 	 0.011878 	 0.033325
10.724648 	 4.038757 	 0.012549 	 0.045929
10.677063 	 4.278839 	 -0.023894 	 0.013336
10.628119 	 4.255310 	 0.015223 	 0.024292
10.585519 	 4.124695 	 0.028379 	 0.059692
10.536575 	 4.214935 	 0.015372 	 0.067963
10.490350 	 4.344604 	 0.016075 	 0.066406
10.447298 	 4.375824 	 -0.008916 	 0.039551
10.398354 	 4.311188 	 -0.004527 	 0.021973
10.351222 	 4.428253 	 -0.017854 	 0.002655
10.305450 	 4.147491 	 -0.029092 	 -0.023224
10.259225 	 4.137909 	 0.019377 	 0.010712
10.211188 	 4.095367 	 -0.012410 	 0.012543
10.164963 	 4.262146 	 -0.000756 	 0.012299
10.119191 	 4.094055 	 0.020900 	 0.041077
10.071606 	 4.239594 	 0.007329 	 0.046722
10.027194 	 4.332153 	 -0.005848 	 0.029694
9.979156 	 4.259430 	 -0.008448 	 0.014557
9.932932 	 4.183563 	 -0.006200 	 0.010498
9.885347 	 4.350372 	 -0.003654 	 0.010376
9.842294 	 4.227722 	 -0.037423 	 -0.023315
9.794710 	 4.209808 	 -0.012378 	 -0.025757
9.745312 	 4.206757 	 0.028048 	 0.025665
9.703166 	 4.221619 	 0.024842 	 0.062317
9.653769 	 4.234589 	 -0.032938 	 0.016266
9.608450 	 4.157440 	 0.012719 	 0.020020
9.562225 	 4.254456 	 -0.001012 	 0.027039
9.515094 	 4.154480 	 0.000213 	 0.024139
9.469322 	 4.176666 	 0.019313 	 0.044708
9.423097 	 4.165527 	 0.021870 	 0.063568
9.377325 	 4.102661 	 0.024405 	 0.075714
9.332007 	 4.166779 	 -0.018323 	 0.037811
9.282156 	 4.129608 	 -0.031628 	 -0.011169
9.236838 	 4.186798 	 -0.019580 	 -0.024445
9.191519 	 4.377502 	 -0.018301 	 -0.024902
9.143935 	 4.144745 	 -0.013678 	 -0.019592
9.099069 	 4.214935 	 0.014317 	 0.013702
9.051485 	 4.276398 	 0.014275 	 0.038544
9.006166 	 4.201843 	 0.013550 	 0.049866
8.959488 	 4.218689 	 -0.005401 	 0.034637
8.913716 	 4.211670 	 -0.007585 	 0.017731
8.867038 	 4.242554 	 -0.008597 	 0.007904
8.820360 	 4.181610 	 0.003760 	 0.017792
8.774588 	 4.129211 	 0.024948 	 0.048920
8.727457 	 4.273834 	 -0.003782 	 0.042664
8.677153 	 4.204773 	 -0.021039 	 0.006958
8.632288 	 4.213440 	 0.002610 	 0.009979
8.586516 	 4.181641 	 0.008480 	 0.027191
8.543010 	 4.038574 	 0.001182 	 0.030243
8.493159 	 4.115631 	 -0.004410 	 0.021729
8.449654 	 4.080200 	 0.013444 	 0.034607
8.399803 	 4.203430 	 -0.010429 	 0.022308
8.354031 	 4.091827 	 0.025577 	 0.044830
8.309619 	 4.025726 	 0.007276 	 0.050537
8.261128 	 4.176880 	 0.012836 	 0.051575
8.214450 	 4.030518 	 -0.028688 	 0.011566
8.168225 	 4.044220 	 -0.025385 	 -0.020386
8.123813 	 4.157623 	 -0.001204 	 -0.007629
8.077588 	 4.323639 	 0.016139 	 0.026245
8.029550 	 4.161774 	 0.023297 	 0.055145
7.983778 	 4.176544 	 0.030775 	 0.078796
7.935741 	 4.361786 	 0.021071 	 0.082306
7.892688 	 4.348450 	 0.007222 	 0.065338
7.845557 	 4.184906 	 0.018887 	 0.064667
7.798425 	 4.243652 	 -0.009289 	 0.040344
7.753560 	 4.225586 	 0.010248 	 0.038696
7.703256 	 4.173340 	 -0.008501 	 0.027100
7.657938 	 4.110565 	 -0.000075 	 0.023071
7.614885 	 4.183929 	 -0.003665 	 0.019806
7.569113 	 4.074493 	 0.007798 	 0.029327
7.521529 	 4.326080 	 -0.020293 	 0.007690
7.473038 	 4.117187 	 0.001342 	 0.009766
7.429079 	 4.101227 	 -0.006061 	 0.012604
7.382854 	 4.264435 	 -0.022530 	 -0.006927
7.336176 	 4.323669 	 0.016341 	 0.017792
7.287231 	 4.130829 	 0.008607 	 0.036560
7.240100 	 4.104034 	 0.014573 	 0.048065
7.196141 	 4.165619 	 0.006264 	 0.048523
7.148103 	 4.300995 	 0.014541 	 0.050720
7.100972 	 4.159943 	 -0.030424 	 0.008911
7.054294 	 4.210602 	 0.000245 	 0.004791
7.006709 	 4.332733 	 -0.012783 	 0.002777
6.963657 	 4.114655 	 0.008490 	 0.017883
6.917885 	 4.189514 	 0.017417 	 0.042999
6.872113 	 4.290619 	 -0.021060 	 0.017181
6.819543 	 4.369446 	 0.013476 	 0.025940
6.776944 	 4.122681 	 -0.001332 	 0.029022
6.728453 	 4.314514 	 0.001310 	 0.027466
6.683134 	 4.161377 	 -0.018727 	 0.006348
6.639629 	 4.191711 	 -0.031127 	 -0.024628
6.589325 	 4.083710 	 -0.005135 	 -0.016693
6.547179 	 4.186615 	 -0.039074 	 -0.037415
6.498688 	 4.140472 	 -0.010653 	 -0.031158
6.451556 	 4.240601 	 -0.006732 	 -0.012573
6.404878 	 4.249451 	 0.014637 	 0.019470
6.360919 	 4.115723 	 -0.033162 	 -0.007721
6.314694 	 4.198578 	 -0.010067 	 -0.015198
6.269376 	 4.369843 	 0.001779 	 0.004211
6.221791 	 4.263733 	 -0.025833 	 -0.010834
6.171487 	 4.066620 	 0.023713 	 0.022156
6.128888 	 4.254669 	 0.032405 	 0.065033
6.080397 	 4.273773 	 0.008895 	 0.063904
6.035532 	 4.192841 	 -0.014456 	 0.030609
5.987947 	 4.178680 	 -0.020879 	 0.000885
5.943535 	 4.301361 	 0.000032 	 0.004028
5.895950 	 4.306671 	 0.010770 	 0.026001
5.848366 	 4.235687 	 -0.036070 	 -0.008972
5.802141 	 4.292938 	 -0.004826 	 -0.011475
5.756369 	 4.036469 	 -0.021827 	 -0.015045
5.710597 	 4.171692 	 -0.021220 	 -0.024963
5.661653 	 4.092468 	 0.020187 	 0.014404
5.618600 	 4.132568 	 -0.000053 	 0.027527
5.572829 	 4.234192 	 -0.025108 	 -0.001495
5.521619 	 4.344849 	 0.016437 	 0.019592
5.478113 	 4.031464 	 0.009822 	 0.039001
5.430981 	 4.136017 	 0.001268 	 0.035614
5.382491 	 4.313782 	 -0.003143 	 0.026184
5.340344 	 4.215332 	 0.009438 	 0.033234
5.293213 	 4.106720 	 -0.007840 	 0.023865
5.246988 	 4.082886 	 -0.021018 	 -0.001740
5.199403 	 4.044739 	 0.014520 	 0.018250
5.152272 	 4.225525 	 -0.010418 	 0.017120
5.106500 	 4.165405 	 -0.020155 	 -0.005188
5.058916 	 4.170685 	 -0.031638 	 -0.030426
5.011784 	 4.106018 	 -0.043069 	 -0.058960
4.970091 	 4.192566 	 0.004112 	 -0.026093
4.921147 	 4.281555 	 0.013731 	 0.018066
4.874016 	 4.284729 	 -0.005145 	 0.021606
4.825072 	 4.157715 	 -0.007947 	 0.011658
4.781566 	 4.155670 	 -0.001065 	 0.013031
4.732622 	 4.115570 	 -0.015457 	 0.001556
4.689569 	 4.111359 	 0.001534 	 0.009125
4.644250 	 4.228516 	 -0.014030 	 0.002625
4.595760 	 4.174255 	 0.009971 	 0.018280
4.550441 	 4.356415 	 0.003665 	 0.029175
4.504669 	 4.157532 	 0.025715 	 0.054077
4.456178 	 4.054596 	 -0.020293 	 0.026184
4.409500 	 4.158539 	 0.008117 	 0.023926
4.367807 	 4.173370 	 -0.004953 	 0.021637
4.320676 	 4.129395 	 0.021891 	 0.043457
4.273997 	 4.268860 	 -0.030456 	 0.010315
4.225960 	 4.220886 	 0.008277 	 0.012604
4.182001 	 4.074707 	 -0.054531 	 -0.034912
4.133510 	 4.309509 	 -0.010770 	 -0.036591
4.085925 	 4.256470 	 -0.012091 	 -0.020233
4.041060 	 4.177002 	 -0.027239 	 -0.028992
3.996194 	 4.232758 	 0.004719 	 -0.005676
3.949969 	 4.125458 	 -0.029657 	 -0.018433
3.901479 	 4.003632 	 -0.017875 	 -0.026855
3.857973 	 4.223633 	 0.001992 	 -0.004517
3.805856 	 4.074402 	 -0.016426 	 -0.005005
3.760991 	 4.167542 	 0.008618 	 0.013855
3.714313 	 4.181396 	 -0.031500 	 -0.010376
3.668994 	 4.126434 	 -0.037369 	 -0.043091
3.625035 	 4.199829 	 -0.024139 	 -0.047394
3.577451 	 4.085541 	 -0.012911 	 -0.031464
3.532585 	 4.202423 	 -0.037583 	 -0.045319
3.484547 	 4.144867 	 -0.032704 	 -0.056183
3.436510 	 4.263458 	 -0.038520 	 -0.065765
3.391191 	 4.254700 	 -0.015904 	 -0.049408
3.345419 	 4.266418 	 -0.041982 	 -0.059814
3.300554 	 4.213684 	 -0.028709 	 -0.061401
3.251610 	 4.151978 	 -0.004581 	 -0.031342
3.203572 	 3.994507 	 -0.023649 	 -0.028534
3.160066 	 4.225433 	 -0.012986 	 -0.023743
3.114294 	 4.146210 	 -0.014211 	 -0.018555
3.068069 	 4.256226 	 -0.023670 	 -0.026398
3.018219 	 4.156097 	 -0.026174 	 -0.035370
2.974260 	 3.925751 	 -0.019995 	 -0.034576
2.927129 	 4.116791 	 -0.015777 	 -0.027039
2.879544 	 4.220428 	 -0.011334 	 -0.017731
2.835585 	 4.345459 	 -0.000586 	 0.000031
2.789813 	 4.177032 	 -0.025108 	 -0.013672
2.740869 	 4.220978 	 -0.022743 	 -0.027496
2.694644 	 4.250397 	 -0.063660 	 -0.075104
2.649326 	 4.194183 	 -0.021742 	 -0.069366
2.599475 	 4.181396 	 -0.020890 	 -0.049438
2.555516 	 4.161530 	 -0.055724 	 -0.075592
2.506572 	 4.181610 	 -0.045892 	 -0.091980
2.462160 	 4.190674 	 -0.071032 	 -0.121826
2.415028 	 4.170258 	 -0.062872 	 -0.136597
2.368350 	 4.076569 	 -0.067953 	 -0.145447
2.322125 	 3.991608 	 -0.049205 	 -0.132751
2.277260 	 4.057373 	 -0.032480 	 -0.101288
2.231488 	 4.138733 	 -0.044177 	 -0.091309
2.183904 	 4.079773 	 -0.023329 	 -0.070862
2.138585 	 4.152863 	 -0.054861 	 -0.085480
2.094173 	 4.339630 	 -0.064182 	 -0.115723
2.042963 	 4.233582 	 -0.042142 	 -0.109039
1.999004 	 3.986908 	 -0.047905 	 -0.103821
1.950060 	 4.173584 	 -0.061199 	 -0.117584
1.905194 	 4.187164 	 -0.033897 	 -0.100769
1.856703 	 4.150604 	 -0.203135 	 -0.259308
1.809572 	 3.729553 	 -0.331010 	 -0.533020
1.766066 	 3.679352 	 -0.360635 	 -0.739044
1.720747 	 3.663666 	 -0.321603 	 -0.802185
1.671350 	 3.740540 	 -0.341865 	 -0.835754
1.627391 	 3.810699 	 -0.317630 	 -0.833282
1.577541 	 3.669678 	 -0.344059 	 -0.851166
1.531316 	 3.643555 	 -0.277022 	 -0.801605
1.487810 	 3.648437 	 -0.284788 	 -0.759094
1.441132 	 3.768127 	 -0.313571 	 -0.773682
1.392641 	 3.629150 	 -0.298764 	 -0.776794
1.348682 	 3.712585 	 -0.302908 	 -0.777313
1.300644 	 3.731567 	 -0.275328 	 -0.749634
1.253966 	 3.708405 	 -0.279216 	 -0.731140
1.206381 	 3.604431 	 -0.264878 	 -0.711517
1.160156 	 3.721222 	 -0.245607 	 -0.670624
1.117557 	 3.701569 	 -0.248643 	 -0.649963
1.066800 	 3.813324 	 -0.287249 	 -0.683167
1.025107 	 3.672272 	 -0.232537 	 -0.657501
0.977975 	 3.734497 	 -0.220243 	 -0.608368
0.930844 	 3.640442 	 -0.253501 	 -0.618652
0.884619 	 3.708618 	 -0.246779 	 -0.629395
0.837035 	 3.495392 	 -0.257176 	 -0.641754
0.790810 	 3.468262 	 -0.276447 	 -0.671509
0.744585 	 3.627258 	 -0.255323 	 -0.670746
0.699719 	 3.705383 	 -0.269288 	 -0.675629
0.649869 	 3.566986 	 -0.259786 	 -0.672485
0.605910 	 3.490051 	 -0.212648 	 -0.619171
0.559232 	 3.618469 	 -0.185324 	 -0.548096
0.512553 	 3.471497 	 -0.211285 	 -0.531525
0.467235 	 3.530365 	 -0.192035 	 -0.515259
0.421463 	 3.365417 	 -0.181457 	 -0.488892
0.372972 	 3.483246 	 -0.092167 	 -0.378326
0.326294 	 3.333160 	 -0.076454 	 -0.275909
0.283241 	 3.177307 	 0.045007 	 -0.098389
0.229312 	 3.202515 	 0.075336 	 0.063812
0.189432 	 2.978821 	 0.130676 	 0.205780
0.138675 	 2.855103 	 0.170623 	 0.334961
0.093810 	 2.751099 	 0.211018 	 0.451935
0.049850 	 2.528046 	 0.381823 	 0.700134
0.000000 	 2.041534 	 0.481627 	 0.987183
0.048491 	 2.294891 	 0.452652 	 1.123627
0.092450 	 2.078308 	 0.479784 	 1.202576
0.140941 	 2.041656 	 0.551860 	 1.325745
0.186259 	 2.604736 	 0.458714 	 1.313782
0.233391 	 2.812103 	 0.250998 	 1.052460
0.280975 	 3.016052 	 0.147486 	 0.742371
0.325388 	 3.105560 	 0.119001 	 0.532715
0.372972 	 3.207733 	 -0.020698 	 0.282166
0.421010 	 3.192078 	 -0.114207 	 0.013519
0.465422 	 3.586945 	 -0.120151 	 -0.149994
0.513007 	 3.442139 	 -0.166405 	 -0.274963
0.557872 	 3.419373 	 -0.166000 	 -0.349945
0.606816 	 3.435547 	 -0.177931 	 -0.395935
0.651682 	 3.470764 	 -0.178027 	 -0.421997
0.696094 	 3.565063 	 -0.191748 	 -0.448364
0.742772 	 3.485992 	 -0.219807 	 -0.496857
0.791263 	 3.527618 	 -0.226102 	 -0.536804
0.837035 	 3.589508 	 -0.216227 	 -0.546295
0.882806 	 3.687408 	 -0.239045 	 -0.571472
0.932204 	 3.608368 	 -0.197724 	 -0.548767
0.977522 	 3.536682 	 -0.213703 	 -0.538483
1.024654 	 3.614502 	 -0.199982 	 -0.526917
1.068613 	 3.664917 	 -0.264857 	 -0.583008
1.115291 	 3.715912 	 -0.210922 	 -0.580322
1.162422 	 3.686432 	 -0.250582 	 -0.596985
1.206834 	 3.626953 	 -0.248739 	 -0.618683
1.256685 	 3.773834 	 -0.256526 	 -0.635590
1.304269 	 3.712677 	 -0.266657 	 -0.657410
1.349588 	 3.652161 	 -0.266710 	 -0.670593
1.392641 	 3.624420 	 -0.274966 	 -0.685699
1.444304 	 3.847656 	 -0.248931 	 -0.668671
1.489622 	 3.811920 	 -0.270971 	 -0.674103
1.534035 	 3.671967 	 -0.272505 	 -0.687408
1.580260 	 3.791473 	 -0.286194 	 -0.708038
1.627844 	 3.797424 	 -0.333438 	 -0.772705
1.674069 	 3.664551 	 -0.331340 	 -0.818970
1.718481 	 3.727386 	 -0.284181 	 -0.790039
1.765160 	 3.626648 	 -0.255877 	 -0.725952
1.811838 	 3.717072 	 -0.308383 	 -0.743103
1.857156 	 3.671692 	 -0.280963 	 -0.743256
1.904741 	 3.847321 	 -0.305422 	 -0.757568
1.952779 	 3.820404 	 -0.319121 	 -0.787994
1.997191 	 3.765045 	 -0.281038 	 -0.767303
2.043416 	 3.733276 	 -0.293278 	 -0.755127
2.091907 	 3.815399 	 -0.321113 	 -0.783508
2.137225 	 3.632294 	 -0.318642 	 -0.805084
2.182091 	 3.751190 	 -0.319185 	 -0.814850
2.229675 	 3.773163 	 -0.328549 	 -0.828949
2.275447 	 3.704132 	 -0.329444 	 -0.840546
2.323032 	 3.691650 	 -0.282146 	 -0.796143
2.369257 	 3.646973 	 -0.327409 	 -0.803589
2.414122 	 3.717377 	 -0.352560 	 -0.852173
2.459894 	 3.662537 	 -0.371575 	 -0.904266
2.509744 	 3.793457 	 -0.365396 	 -0.929779
2.556876 	 3.656555 	 -0.328346 	 -0.899506
2.600835 	 3.668427 	 -0.402862 	 -0.947754
2.647060 	 3.816406 	 -0.407836 	 -1.005219
2.694191 	 3.699341 	 -0.412012 	 -1.039917
2.742682 	 3.587555 	 -0.419331 	 -1.062592
2.785735 	 3.707581 	 -0.411054 	 -1.067535
2.834225 	 3.570404 	 -0.396939 	 -1.053925
2.880450 	 3.660583 	 -0.412907 	 -1.058441
2.924409 	 3.557556 	 -0.437728 	 -1.090515
2.972447 	 3.689209 	 -0.438133 	 -1.116669
3.019579 	 3.592010 	 -0.403671 	 -1.092346
3.063991 	 3.664246 	 -0.435693 	 -1.100861
3.111575 	 3.511078 	 -0.415453 	 -1.097382
3.158253 	 3.705627 	 -0.412566 	 -1.083252
3.203572 	 3.591736 	 -0.470538 	 -1.136536
3.251610 	 3.593506 	 -0.446324 	 -1.160004
3.296928 	 3.751404 	 -0.488807 	 -1.204559
3.347232 	 3.543640 	 -0.454761 	 -1.206482
3.388925 	 3.561432 	 -0.467896 	 -1.206390
3.438776 	 3.675323 	 -0.467140 	 -1.212463
3.484547 	 3.553192 	 -0.481510 	 -1.229034
3.529866 	 3.658478 	 -0.444556 	 -1.203674
3.576544 	 3.619507 	 -0.431603 	 -1.163422
3.624582 	 3.603516 	 -0.427160 	 -1.135925
3.667635 	 3.601440 	 -0.461153 	 -1.157440
3.714766 	 3.638336 	 -0.430143 	 -1.148499
3.764163 	 3.584778 	 -0.459491 	 -1.162354
3.810388 	 3.646698 	 -0.434425 	 -1.154022
3.855707 	 3.636505 	 -0.411959 	 -1.116913
3.901025 	 3.788055 	 -0.474384 	 -1.157135
3.948610 	 3.652557 	 -0.443342 	 -1.168091
3.996194 	 3.619965 	 -0.400007 	 -1.114410
4.041513 	 3.700470 	 -0.413749 	 -1.087341
4.087738 	 3.669830 	 -0.428588 	 -1.096832
4.135776 	 3.660797 	 -0.391602 	 -1.068054
4.178828 	 3.701965 	 -0.378712 	 -1.025421
4.226413 	 3.661743 	 -0.414271 	 -1.039062
4.274904 	 3.744263 	 -0.364480 	 -1.008057
4.318863 	 3.845245 	 -0.349204 	 -0.957642
4.364635 	 3.928711 	 -0.133605 	 -0.702972
4.409500 	 4.114288 	 -0.050323 	 -0.412933
4.454366 	 4.286926 	 0.002770 	 -0.195160
4.503763 	 4.220734 	 0.024991 	 -0.051331
4.548175 	 4.155701 	 -0.020954 	 -0.024353
4.596213 	 4.206818 	 0.000735 	 -0.010132
4.642891 	 4.031067 	 0.017289 	 0.024658
4.686397 	 4.250580 	 0.022264 	 0.052979
4.733528 	 4.186646 	 -0.010365 	 0.031464
4.781113 	 4.265808 	 -0.003675 	 0.016724
4.826884 	 4.331299 	 -0.009140 	 0.008087
4.874469 	 4.156006 	 0.023851 	 0.036377
4.923413 	 4.169739 	 -0.004666 	 0.033173
4.964200 	 4.257568 	 0.008277 	 0.033051
5.014957 	 4.132355 	 -0.007638 	 0.021790
5.059369 	 4.186737 	 -0.007350 	 0.010376
5.107407 	 4.256195 	 0.029763 	 0.044861
5.152725 	 4.153351 	 -0.000362 	 0.043488
5.200310 	 4.120575 	 0.017545 	 0.050262
5.242456 	 4.178864 	 0.009183 	 0.051117
5.291853 	 4.148163 	 -0.019857 	 0.018433
5.337172 	 4.213715 	 0.013678 	 0.026093
5.385210 	 4.177246 	 -0.009811 	 0.019470
5.432341 	 4.330658 	 -0.024118 	 -0.008179
5.479472 	 4.269806 	 -0.004048 	 -0.005188
5.523431 	 4.128632 	 -0.002557 	 0.005066
5.571922 	 4.147583 	 -0.003196 	 0.009430
5.615881 	 4.243866 	 -0.016160 	 -0.002106
5.663013 	 4.256348 	 0.019878 	 0.025146
5.707878 	 4.168427 	 -0.004581 	 0.026733
5.755916 	 4.072876 	 -0.035963 	 -0.015289
5.801688 	 4.070251 	 -0.022637 	 -0.033417
5.848366 	 4.151733 	 0.009183 	 -0.002014
5.894591 	 4.162384 	 -0.021380 	 -0.006439
5.942175 	 4.193939 	 -0.007872 	 -0.007050
5.988400 	 4.191132 	 0.008522 	 0.014038
6.033266 	 4.254120 	 0.011132 	 0.034210
6.080397 	 4.239410 	 -0.043441 	 -0.012360
6.127528 	 4.106201 	 0.005124 	 -0.006439
6.175113 	 4.252808 	 -0.012709 	 -0.001221
6.223604 	 4.259491 	 -0.032927 	 -0.027710
6.264844 	 4.184418 	 -0.015638 	 -0.029510
6.315601 	 4.055695 	 -0.006381 	 -0.013672
6.358653 	 4.083252 	 0.017566 	 0.022461
6.405331 	 3.980560 	 -0.005380 	 0.024750
6.452463 	 4.202942 	 -0.005646 	 0.015350
6.495515 	 4.175751 	 0.000383 	 0.017426
6.544913 	 4.103912 	 -0.006551 	 0.013947
6.592044 	 4.249298 	 0.005060 	 0.021545
6.636456 	 4.172729 	 -0.000724 	 0.022736
6.683588 	 4.164703 	 0.004037 	 0.027161
6.730719 	 4.142944 	 0.016096 	 0.042786
6.776491 	 4.163727 	 0.013667 	 0.053162
6.824075 	 4.213837 	 -0.034259 	 0.005951
6.869394 	 4.251434 	 0.041343 	 0.044128
6.919244 	 4.145599 	 -0.008906 	 0.040375
6.961844 	 4.179810 	 0.013113 	 0.040955
7.008975 	 4.278442 	 -0.002908 	 0.032867
7.053387 	 4.274780 	 -0.010227 	 0.015198
7.101425 	 4.157135 	 0.007073 	 0.022217
7.149916 	 4.119598 	 0.028368 	 0.055481
7.194328 	 4.217743 	 -0.024096 	 0.024048
7.241913 	 4.174835 	 -0.016320 	 -0.002869
7.285872 	 4.099579 	 -0.003984 	 0.000549
7.333456 	 4.278687 	 -0.010472 	 -0.000275
7.380588 	 4.175476 	 0.008533 	 0.016998
7.427719 	 4.073853 	 -0.022861 	 0.000000
7.474397 	 4.154175 	 0.015617 	 0.018677
7.520169 	 4.206818 	 0.008639 	 0.036499
7.565941 	 4.189941 	 0.001854 	 0.034332
7.612166 	 4.152710 	 -0.009971 	 0.018280
7.662016 	 4.071686 	 -0.035058 	 -0.019714
7.707335 	 4.184662 	 -0.007393 	 -0.017853
7.751294 	 4.093719 	 -0.001470 	 0.000732
7.799332 	 4.269073 	 0.009715 	 0.022675
7.845557 	 4.327789 	 0.031724 	 0.060089
7.890422 	 4.204285 	 -0.010983 	 0.041443
7.937553 	 4.076538 	 0.017843 	 0.044556
7.982872 	 4.202118 	 -0.011750 	 0.028290
8.031816 	 4.256409 	 0.027367 	 0.049347
8.075322 	 4.155304 	 -0.013465 	 0.031616
8.126079 	 4.143555 	 -0.015073 	 0.005127
8.170038 	 4.248993 	 0.025087 	 0.035828
8.215810 	 4.242401 	 0.005092 	 0.044647
8.259315 	 4.299591 	 -0.009939 	 0.024628
8.309166 	 4.196960 	 -0.010908 	 0.009064
8.354938 	 4.121735 	 0.011462 	 0.023651
8.404335 	 4.174713 	 0.001108 	 0.029480
8.450107 	 4.096863 	 0.001598 	 0.028168
8.494972 	 4.142365 	 -0.015191 	 0.009979
8.543010 	 4.261932 	 0.003036 	 0.014191
8.586969 	 4.306885 	 0.011281 	 0.031647
8.635460 	 4.248108 	 -0.014413 	 0.015991
8.681232 	 4.189789 	 0.004304 	 0.018890
8.726550 	 4.240814 	 -0.000799 	 0.022614
8.773682 	 4.166748 	 -0.001257 	 0.020660
8.818547 	 4.190063 	 0.021327 	 0.044189
8.866585 	 4.160828 	 0.000415 	 0.042603
8.913263 	 4.117737 	 -0.027665 	 0.003510
8.957675 	 4.216400 	 0.003100 	 0.005585
9.006166 	 4.339630 	 -0.019303 	 -0.003479
9.051031 	 4.267517 	 0.018078 	 0.022034
9.095444 	 4.160400 	 -0.006583 	 0.022278
9.143935 	 4.184448 	 0.002578 	 0.022034
9.194238 	 4.193665 	 0.014104 	 0.039001
9.235931 	 4.204498 	 0.035750 	 0.073975
9.282156 	 4.229736 	 -0.004037 	 0.055359
9.330647 	 4.129364 	 -0.014381 	 0.020294
9.378232 	 4.078430 	 -0.032618 	 -0.018127
9.421738 	 4.123413 	 -0.021252 	 -0.031006
9.467509 	 4.187012 	 -0.007968 	 -0.017700
9.515547 	 4.146545 	 -0.013348 	 -0.012482
9.561319 	 4.214752 	 0.037678 	 0.041077
9.610263 	 4.167511 	 0.019175 	 0.066986
9.655128 	 4.187439 	 0.004698 	 0.055267
9.700900 	 4.253632 	 0.010589 	 0.050079
9.748032 	 4.148407 	 -0.007521 	 0.031677
9.793803 	 4.186890 	 0.005965 	 0.030518
9.841388 	 4.205566 	 -0.003931 	 0.025665
9.886707 	 4.172852 	 -0.015840 	 0.005585
9.932478 	 4.150543 	 0.004634 	 0.014465
9.979156 	 4.324707 	 0.000298 	 0.021729
10.027194 	 4.207733 	 0.001214 	 0.023346
10.071606 	 4.251587 	 -0.026387 	 -0.004608
10.118285 	 4.164856 	 -0.019580 	 -0.020813
10.164510 	 4.105743 	 -0.023500 	 -0.029388
10.212547 	 4.254669 	 0.011814 	 0.002563
10.259225 	 4.155914 	 -0.025268 	 -0.007538
10.304091 	 4.057587 	 -0.015042 	 -0.017242
10.352582 	 4.084320 	 -0.015052 	 -0.016663
10.399260 	 4.216766 	 0.025939 	 0.026337
10.444125 	 4.236359 	 0.009055 	 0.044952
10.485365 	 4.046356 	 -0.005614 	 0.030853
10.535669 	 4.045807 	 0.006168 	 0.030090
10.582800 	 4.201080 	 0.005720 	 0.034027
10.625853 	 4.200714 	 -0.006946 	 0.022766
10.676610 	 4.196777 	 -0.022956 	 -0.003998
10.721475 	 4.127197 	 -0.020197 	 -0.018799
10.770419 	 4.116730 	 -0.019185 	 -0.024200
10.816191 	 4.232330 	 -0.019100 	 -0.026001
10.861510 	 4.148743 	 0.016213 	 0.009918
10.909547 	 4.086731 	 0.042376 	 0.067474
10.951694 	 4.185822 	 0.001662 	 0.061798
11.002904 	 4.204071 	 -0.003835 	 0.036377
11.047769 	 4.129486 	 -0.012868 	 0.014008
11.091728 	 4.169647 	 0.021604 	 0.035583
11.139313 	 4.177368 	 0.016203 	 0.054871
11.188257 	 4.158783 	 -0.006051 	 0.038269
11.233122 	 4.196045 	 0.005060 	 0.032867
11.277988 	 4.266052 	 0.012144 	 0.041809
11.323759 	 4.175720 	 0.007020 	 0.043518
11.371344 	 4.161621 	 -0.001353 	 0.033142
11.416209 	 4.193695 	 0.023415 	 0.052307
11.463794 	 4.314545 	 0.004751 	 0.050690
11.511378 	 4.334717 	 0.009918 	 0.047363
11.558963 	 4.143982 	 0.020261 	 0.060150
11.603828 	 4.138733 	 -0.007052 	 0.041473
11.650053 	 4.201843 	 0.005902 	 0.033997
11.696732 	 4.167389 	 0.025012 	 0.057037
11.746582 	 4.257660 	 0.008714 	 0.058685
11.791447 	 4.227783 	 -0.000629 	 0.041748
11.836766 	 4.167572 	 0.009705 	 0.041443
11.884351 	 4.202606 	 0.011856 	 0.047516
11.928763 	 4.167542 	 0.032373 	 0.072510
11.976801 	 4.133728 	 -0.000959 	 0.057404
12.021666 	 4.149841 	 0.025833 	 0.064728
12.068797 	 4.070648 	 0.003878 	 0.057220
12.114116 	 4.259552 	 0.030978 	 0.071869
12.163060 	 4.266571 	 -0.019143 	 0.038605
12.208832 	 4.190521 	 0.002748 	 0.024994
12.255510 	 4.231110 	 0.002226 	 0.027069
12.298109 	 4.288513 	 0.037785 	 0.065094
12.347960 	 4.197601 	 -0.010770 	 0.046661
12.391013 	 4.161774 	 0.003260 	 0.032990
12.439503 	 4.168579 	 -0.030392 	 -0.002228
12.486635 	 4.199554 	 -0.020283 	 -0.021912
12.533766 	 4.245300 	 0.016405 	 0.011963
12.578178 	 4.259033 	 0.005284 	 0.032562
12.627122 	 4.231720 	 0.002152 	 0.032074
12.670628 	 4.141693 	 -0.004016 	 0.023315
12.718213 	 4.216736 	 0.027292 	 0.050751
12.767157 	 4.209412 	 -0.007883 	 0.038666
12.812929 	 4.230896 	 0.043942 	 0.072540
12.857341 	 4.162994 	 0.007297 	 0.071106
12.904472 	 4.113770 	 0.013646 	 0.062958
12.950244 	 4.129913 	 0.013209 	 0.060760
12.996469 	 4.325623 	 0.006413 	 0.052155
13.039975 	 4.347626 	 -0.009374 	 0.028778
13.089372 	 4.182922 	 -0.017556 	 0.003693
13.137410 	 4.246765 	 -0.016725 	 -0.010101
13.183182 	 4.295990 	 0.015627 	 0.018036
13.227594 	 4.103516 	 -0.016874 	 0.008850
13.274272 	 4.252533 	 -0.012751 	 -0.004333
13.323669 	 4.283356 	 0.014072 	 0.020477
13.367175 	 4.304565 	 -0.008895 	 0.018860
13.413400 	 4.159668 	 0.005060 	 0.022583
13.462798 	 4.215363 	 -0.016288 	 0.008759
13.509929 	 4.171906 	 0.016309 	 0.026794
13.551622 	 4.150574 	 0.008192 	 0.040497
13.599207 	 4.193909 	 -0.013305 	 0.020844
13.649057 	 4.293671 	 0.019878 	 0.037537
13.694829 	 4.315399 	 0.031212 	 0.071228
13.740601 	 4.066467 	 0.009811 	 0.067291
13.785919 	 4.164612 	 -0.026951 	 0.018341
13.830785 	 4.207794 	 -0.005326 	 0.004242
13.875650 	 4.128906 	 0.005838 	 0.021240
13.925500 	 4.180450 	 -0.003068 	 0.021912
13.970819 	 4.172791 	 -0.001012 	 0.020081
14.018404 	 4.191528 	 -0.005827 	 0.014282
14.063269 	 4.198822 	 -0.005049 	 0.011627
14.108134 	 4.135590 	 0.006008 	 0.022125
14.157079 	 4.081879 	 0.005444 	 0.030670
14.203757 	 4.218109 	 0.014072 	 0.042328
14.248622 	 4.295227 	 0.022924 	 0.061707
14.295753 	 4.139343 	 -0.003750 	 0.046112
14.340619 	 4.198456 	 -0.000703 	 0.032257
14.389110 	 4.196808 	 -0.026461 	 -0.000153
14.435788 	 4.180237 	 0.020091 	 0.023499
14.480200 	 4.217926 	 0.005262 	 0.038513
14.527785 	 4.306000 	 0.025311 	 0.059540
14.572197 	 4.149231 	 -0.007606 	 0.041168
14.621141 	 4.196625 	 0.018046 	 0.046967
14.666006 	 4.058807 	 -0.009651 	 0.030975
14.715404 	 4.097839 	 0.020293 	 0.044067
14.760722 	 4.080444 	 0.011207 	 0.052551
14.806494 	 4.206421 	 0.015095 	 0.056946
14.853625 	 4.150391 	 0.000746 	 0.045624
14.900757 	 4.284485 	 -0.028677 	 0.003418
14.947435 	 4.133942 	 -0.011462 	 -0.008850
14.994113 	 4.117859 	 0.008746 	 0.012939
15.036259 	 4.113770 	 0.010802 	 0.034454
15.085657 	 4.104889 	 -0.015990 	 0.015076
15.130522 	 4.172760 	 -0.000927 	 0.011047
15.178560 	 4.134583 	 0.005177 	 0.023407
15.222066 	 4.342285 	 -0.019686 	 0.004303
15.272823 	 4.110260 	 -0.003601 	 0.002808
15.319954 	 4.282318 	 0.005518 	 0.018829
15.363007 	 4.287720 	 -0.021124 	 0.002258
15.411951 	 4.272156 	 -0.005635 	 -0.000641
15.456363 	 4.270416 	 0.031340 	 0.042145
15.503041 	 4.255646 	 -0.000703 	 0.043762
15.548813 	 4.086548 	 -0.004911 	 0.027161
15.593678 	 4.182037 	 0.000373 	 0.023041
15.641716 	 4.163544 	 0.022349 	 0.045471
15.690660 	 4.165771 	 -0.005071 	 0.036194
15.735526 	 4.109528 	 -0.008756 	 0.017609
15.781750 	 4.217834 	 -0.005561 	 0.011871
15.827975 	 4.239563 	 -0.031905 	 -0.017670
15.873294 	 4.212982 	 -0.019377 	 -0.027740
15.919972 	 4.249695 	 -0.016959 	 -0.024292
15.966197 	 4.271484 	 0.017364 	 0.013885
16.012875 	 4.224365 	 0.046051 	 0.074707
16.058194 	 4.166565 	 0.018131 	 0.083374
16.103966 	 4.169678 	 -0.022371 	 0.035583
16.150644 	 4.137329 	 0.027345 	 0.047974
16.198682 	 4.220490 	 0.031266 	 0.078918
16.245813 	 4.197815 	 0.012570 	 0.075317
16.291585 	 4.197998 	 0.001023 	 0.053162
16.336450 	 4.148956 	 -0.026323 	 0.010132
16.386301 	 4.153625 	 0.010408 	 0.018402
16.430260 	 4.176819 	 -0.002493 	 0.020538
16.476031 	 4.243378 	 -0.018109 	 0.001831
16.520444 	 4.153107 	 0.014317 	 0.022308
16.569388 	 4.267578 	 0.010109 	 0.041656
16.617426 	 4.268921 	 0.020879 	 0.056885
16.662291 	 4.202667 	 -0.020006 	 0.026794
16.710329 	 4.246460 	 0.014903 	 0.031647
16.752475 	 4.217682 	 -0.019420 	 0.011292
16.800060 	 4.093872 	 0.002013 	 0.011963
16.849910 	 4.145935 	 0.029423 	 0.050537
16.895229 	 4.223816 	 0.040746 	 0.090088
16.940547 	 4.231110 	 -0.016991 	 0.051758
16.988585 	 4.236389 	 -0.004250 	 0.024139
17.036623 	 4.221588 	 -0.001566 	 0.020477
17.079675 	 4.156952 	 -0.003899 	 0.017578
17.124994 	 4.209869 	 0.011473 	 0.030640
17.170312 	 4.269867 	 -0.017524 	 0.013153
17.220616 	 4.216461 	 -0.016362 	 -0.005096
17.264575 	 4.143463 	 -0.009630 	 -0.006104
17.313519 	 4.190582 	 0.003388 	 0.009644
17.358385 	 4.262726 	 0.005348 	 0.024384
17.406422 	 4.238800 	 -0.008511 	 0.017059
17.455820 	 4.140656 	 0.003228 	 0.019806
17.499326 	 4.213593 	 0.004740 	 0.027832
17.544644 	 4.052399 	 0.009641 	 0.036743
17.592229 	 4.130463 	 -0.011835 	 0.020111
17.640266 	 4.180908 	 -0.001268 	 0.015594
17.682866 	 4.142365 	 0.026046 	 0.046814
17.729544 	 4.073486 	 0.024661 	 0.070557
17.776222 	 4.111237 	 0.013145 	 0.067719
17.825166 	 4.149414 	 0.020932 	 0.069122
17.870485 	 4.146912 	 0.005071 	 0.057465
17.917616 	 4.143768 	 0.010994 	 0.051727
17.961122 	 4.080536 	 0.033748 	 0.076477
18.008253 	 4.199982 	 0.028411 	 0.091125
18.054932 	 4.146454 	 0.010003 	 0.075867
18.098891 	 4.177887 	 0.010685 	 0.063293
18.147835 	 4.253632 	 0.009779 	 0.056091
18.196779 	 4.158722 	 -0.004804 	 0.036621
18.240285 	 4.136505 	 0.022690 	 0.050354
18.288776 	 4.212097 	 0.024352 	 0.070648
18.332735 	 4.252533 	 0.000213 	 0.053711
18.378960 	 4.090424 	 -0.016789 	 0.019531
18.427451 	 4.088257 	 0.003803 	 0.019135
18.472316 	 4.177521 	 0.033407 	 0.058228
18.520354 	 4.114777 	 0.010759 	 0.063751
18.565219 	 4.237549 	 0.001108 	 0.047485
18.612350 	 4.243652 	 -0.010301 	 0.024292
18.659935 	 4.221558 	 -0.014754 	 0.004059
18.706160 	 4.181854 	 0.019132 	 0.028442
18.750572 	 4.197479 	 0.023532 	 0.058197
18.799969 	 4.155823 	 -0.016735 	 0.031403
18.844835 	 4.190216 	 0.000756 	 0.020264
18.890154 	 4.154602 	 -0.006903 	 0.015717
18.938644 	 4.190521 	 0.019590 	 0.036987
18.983510 	 4.309601 	 0.003345 	 0.040924
19.030188 	 4.263428 	 0.013678 	 0.047058
19.075507 	 4.235046 	 0.000021 	 0.039734
19.121278 	 4.235504 	 -0.010013 	 0.020447
19.170222 	 4.136658 	 -0.031670 	 -0.015411
19.216447 	 4.125763 	 -0.037540 	 -0.045959
19.261766 	 4.151733 	 0.012666 	 -0.009705
19.310257 	 4.338654 	 -0.013710 	 -0.000275
19.354669 	 4.183868 	 0.000511 	 0.008057
19.400894 	 4.226685 	 0.007009 	 0.024048
19.448479 	 4.267944 	 0.022477 	 0.049866
19.494250 	 4.181854 	 0.010653 	 0.056610
19.540022 	 4.208618 	 0.044698 	 0.089142
19.585341 	 4.151428 	 -0.002972 	 0.066956
19.635191 	 4.192780 	 0.042270 	 0.087036
19.678697 	 4.091064 	 0.013998 	 0.084137
19.725829 	 4.257721 	 0.003334 	 0.060333
19.773413 	 4.148987 	 -0.002674 	 0.038025
19.820998 	 4.171570 	 0.004900 	 0.033813
19.865410 	 4.135651 	 -0.001939 	 0.028900
19.912541 	 4.083588 	 0.027463 	 0.053284
19.956953 	 4.242798 	 -0.016501 	 0.030457
20.005444 	 4.262848 	 0.007297 	 0.027161
20.053029 	 4.122498 	 0.030296 	 0.059845
20.097441 	 4.254517 	 -0.001928 	 0.052551
20.144119 	 4.214661 	 0.017758 	 0.054260
20.191251 	 4.123993 	 0.000948 	 0.045685
20.237022 	 4.197174 	 0.023798 	 0.059357
20.282794 	 4.112183 	 0.000021 	 0.051117
20.329472 	 4.187561 	 0.015457 	 0.052307
20.374791 	 4.240814 	 0.006892 	 0.049835
20.421469 	 4.226562 	 0.008085 	 0.046295
20.468600 	 4.190460 	 0.014924 	 0.053284
20.513919 	 4.099609 	 0.007862 	 0.051819
20.560597 	 4.200500 	 0.018397 	 0.058990
20.605916 	 4.363861 	 -0.010695 	 0.035065
20.655766 	 4.156342 	 -0.005039 	 0.018372
20.700632 	 4.197449 	 0.011686 	 0.031769
20.748216 	 4.177429 	 0.005518 	 0.037811
20.796254 	 4.132416 	 0.031116 	 0.064453
20.840666 	 4.180573 	 0.008224 	 0.063843
20.885985 	 4.107941 	 -0.004474 	 0.040070
20.932663 	 4.127045 	 0.005625 	 0.035767
20.979341 	 4.079926 	 0.027239 	 0.059753
21.026926 	 3.992584 	 0.024054 	 0.075439
21.074057 	 4.153564 	 0.008554 	 0.066528
21.119376 	 4.287720 	 0.000117 	 0.046387
21.167867 	 4.143829 	 -0.011452 	 0.021942
21.212279 	 4.237854 	 0.012357 	 0.030151
21.257144 	 4.164825 	 0.029156 	 0.060089
21.303369 	 4.263428 	 -0.010333 	 0.041534
21.352313 	 4.202850 	 0.000096 	 0.026520
21.399898 	 4.139526 	 -0.001630 	 0.022949
21.442950 	 4.203278 	 -0.011761 	 0.010468
21.490988 	 4.010529 	 -0.016405 	 -0.005249
21.534041 	 4.253845 	 0.025396 	 0.030426
21.581172 	 4.137756 	 0.007989 	 0.045898
21.628757 	 4.258850 	 0.013358 	 0.049927
21.675435 	 4.212402 	 -0.002993 	 0.037140
21.720753 	 4.077362 	 -0.009854 	 0.017487
21.767885 	 4.222595 	 0.026227 	 0.043579
21.815016 	 4.185272 	 -0.010258 	 0.032806
21.862601 	 4.107452 	 0.008693 	 0.032227
21.908826 	 4.166779 	 0.021007 	 0.053528
21.954144 	 4.258514 	 -0.004133 	 0.042389
21.999463 	 4.188812 	 0.008852 	 0.039551
22.048407 	 4.143829 	 0.008075 	 0.042664
22.093272 	 4.289032 	 -0.004549 	 0.030762
22.139951 	 4.181488 	 -0.008288 	 0.015686
22.188895 	 4.184937 	 -0.008309 	 0.007446
22.233307 	 4.209778 	 0.009193 	 0.022675
22.279985 	 4.218811 	 -0.002535 	 0.024231
22.326210 	 4.149628 	 0.008820 	 0.030975
22.371529 	 4.150726 	 0.007776 	 0.038452
22.421379 	 4.064789 	 0.006189 	 0.040192
22.464885 	 4.222534 	 0.020570 	 0.055420
22.513376 	 4.122742 	 0.022882 	 0.070038
22.558241 	 4.067505 	 0.000575 	 0.055176
22.603107 	 4.103394 	 0.031042 	 0.069916
22.651144 	 4.128967 	 0.033353 	 0.091705
22.696463 	 4.153564 	 0.029337 	 0.097748
22.743141 	 4.152649 	 0.019196 	 0.088531
22.788913 	 4.228516 	 0.036112 	 0.098633
22.837404 	 4.215454 	 0.021327 	 0.093414
22.884082 	 4.230957 	 0.008607 	 0.072144
22.933026 	 4.184570 	 0.030861 	 0.080933
22.974719 	 4.272827 	 0.002791 	 0.065094
23.019585 	 4.228485 	 0.014104 	 0.056458
23.066263 	 4.149139 	 0.042046 	 0.087585
23.114301 	 4.266022 	 0.005316 	 0.075470
23.159166 	 4.228729 	 0.004005 	 0.052856
23.205391 	 4.245239 	 -0.006615 	 0.031830
23.252522 	 4.342346 	 0.017822 	 0.043976
23.299654 	 4.235382 	 0.007127 	 0.047852
23.345425 	 4.266510 	 0.008618 	 0.046173
23.392104 	 4.191528 	 -0.001843 	 0.035828
23.437422 	 4.262787 	 0.006125 	 0.035309
23.486819 	 4.295746 	 0.021870 	 0.054138
23.531232 	 4.232452 	 -0.001683 	 0.044189
23.577003 	 4.096008 	 0.016874 	 0.049225
23.621869 	 4.135345 	 0.016085 	 0.058472
23.670813 	 4.279755 	 -0.012112 	 0.032562
23.718398 	 4.292969 	 0.027857 	 0.052063
23.763263 	 4.115509 	 0.007084 	 0.055481
23.807675 	 4.104675 	 0.001044 	 0.041687
23.855260 	 4.266418 	 -0.007958 	 0.024017
23.902844 	 4.193848 	 0.024480 	 0.045929
23.948616 	 4.244751 	 0.020027 	 0.063538
23.995747 	 4.220825 	 0.040693 	 0.091888

 Z Turning Point (V) = 4.046326 
 Turning Time Delay (ms) = 0 
 SEN (V) =  
 App. Driving Voltage (mVrms) = 0.005000 
 App. Vias. Voltage (V) = 0.000000 
 App. Del Z (Bit) = -10 
 App. Delay Time (ms) = 200 
 App. Velocity (nm/s) = -0.226596 
 Ret. Driving Voltage (mVrms) = 0.005000 
 Ret. Vias. Voltage (V) = 0.000000 
 Ret. Del Z (Bit) = -10 
 Ret. Delay Time (ms) = 200 
 Ret. Velocity (nm/s) = -0.226596 
  
 Data Array Size = 1010 
 Frequency (Hz) = sen.
 
