66.412148 	 4.172241 	 -0.019484 	 0.006836
66.364563 	 4.121643 	 -0.000959 	 0.006195
66.321057 	 4.244781 	 0.023596 	 0.038788
66.273019 	 4.343414 	 -0.013412 	 0.025635
66.228607 	 4.147186 	 0.016533 	 0.035675
66.180569 	 4.284790 	 -0.020432 	 0.014099
66.133891 	 4.086853 	 -0.024054 	 -0.014465
66.085854 	 4.247314 	 -0.003388 	 -0.007446
66.040082 	 4.223145 	 -0.019920 	 -0.013062
65.995216 	 4.164490 	 -0.021241 	 -0.023651
65.949445 	 4.221497 	 -0.033471 	 -0.041260
65.900954 	 4.226471 	 0.005188 	 -0.014282
65.855635 	 4.161469 	 -0.000586 	 0.007172
65.809410 	 4.132202 	 -0.006509 	 0.008392
65.764998 	 4.190430 	 -0.020762 	 -0.007629
65.716054 	 4.182617 	 0.025130 	 0.026672
65.670282 	 4.232391 	 0.009193 	 0.044525
65.627229 	 4.303650 	 0.004591 	 0.040955
65.576019 	 4.095551 	 -0.002876 	 0.029297
65.527982 	 4.197388 	 -0.013923 	 0.009216
65.483569 	 4.304016 	 -0.012709 	 -0.002045
65.438704 	 4.135315 	 -0.014338 	 -0.009094
65.391573 	 4.106720 	 -0.015638 	 -0.014008
65.344441 	 4.141602 	 -0.012826 	 -0.012329
65.300935 	 4.260529 	 0.009683 	 0.011780
65.251538 	 4.138580 	 -0.013348 	 0.008026
65.206673 	 4.219421 	 -0.029071 	 -0.020233
65.160448 	 4.091064 	 -0.005976 	 -0.014801
65.113770 	 4.173431 	 0.001140 	 0.005280
65.067545 	 4.215118 	 -0.015468 	 -0.000580
65.019507 	 4.135040 	 -0.007297 	 -0.002869
64.972829 	 4.220673 	 -0.001555 	 0.006622
64.924791 	 4.136749 	 -0.013731 	 -0.000305
64.879926 	 4.223633 	 -0.000703 	 0.005554
64.835060 	 4.092438 	 -0.006477 	 0.008575
64.784756 	 4.249634 	 0.017481 	 0.031403
64.740344 	 4.097778 	 -0.009587 	 0.024323
64.693666 	 4.140778 	 -0.020624 	 -0.003784
64.649254 	 4.202423 	 -0.012709 	 -0.011078
64.598497 	 4.098694 	 -0.018280 	 -0.016754
64.555898 	 4.229828 	 -0.015095 	 -0.017670
64.510126 	 4.169983 	 -0.001193 	 -0.000977
64.463448 	 4.187500 	 -0.001012 	 0.010223
64.416316 	 4.135620 	 -0.017950 	 -0.002411
64.369638 	 4.124695 	 -0.012389 	 -0.008759
64.326132 	 4.195648 	 -0.022658 	 -0.020081
64.276282 	 4.182159 	 -0.001981 	 -0.007782
64.230510 	 4.163544 	 -0.005273 	 0.002197
64.183832 	 4.145386 	 0.008916 	 0.020752
64.137607 	 4.238647 	 -0.007979 	 0.018219
64.092741 	 4.175934 	 0.012133 	 0.029633
64.046063 	 4.109253 	 -0.011643 	 0.018341
63.999838 	 4.116547 	 0.006914 	 0.023956
63.956332 	 4.029602 	 0.006104 	 0.032104
63.907841 	 4.066620 	 0.004922 	 0.034332
63.858897 	 4.275604 	 -0.017172 	 0.012268
63.813126 	 4.160675 	 0.020006 	 0.031281
63.768260 	 4.061218 	 0.026951 	 0.063202
63.721582 	 4.224518 	 0.002258 	 0.053528
63.672638 	 4.096649 	 0.003792 	 0.040771
63.627773 	 4.105103 	 0.021881 	 0.055878
63.580188 	 4.119507 	 0.008767 	 0.057434
63.537135 	 4.125488 	 0.006232 	 0.048401
63.488644 	 4.038757 	 0.004059 	 0.040253
63.442873 	 4.033936 	 -0.001619 	 0.030579
63.395288 	 4.080475 	 -0.021050 	 0.003235
63.349516 	 4.200836 	 0.015638 	 0.022827
63.301479 	 4.188599 	 -0.029242 	 -0.000854
63.255707 	 4.226776 	 -0.000202 	 -0.000031
63.210388 	 4.277985 	 -0.038286 	 -0.027863
63.162804 	 4.148682 	 0.003206 	 -0.012512
63.114766 	 4.090546 	 0.006083 	 0.014862
63.070807 	 4.253448 	 -0.025694 	 -0.005707
63.025941 	 4.289917 	 0.010791 	 0.010620
62.976997 	 4.249268 	 -0.001960 	 0.020813
62.932132 	 4.195038 	 -0.034227 	 -0.013855
62.886360 	 4.131744 	 -0.002216 	 -0.010101
62.839682 	 4.106506 	 -0.010386 	 -0.003418
62.793910 	 4.126892 	 -0.007105 	 0.000092
62.744966 	 4.229431 	 -0.021071 	 -0.012939
62.701460 	 4.162903 	 0.011121 	 0.008514
62.652063 	 4.169830 	 0.008916 	 0.030396
62.610823 	 4.126404 	 -0.013454 	 0.015289
62.558707 	 4.087616 	 -0.001502 	 0.012604
62.514748 	 4.306702 	 -0.039415 	 -0.023285
62.468523 	 4.224640 	 -0.020208 	 -0.034607
62.423204 	 4.192261 	 0.002631 	 -0.007843
62.374713 	 4.252472 	 -0.024032 	 -0.014282
62.330301 	 4.256531 	 -0.010290 	 -0.014709
62.282263 	 4.138428 	 -0.035654 	 -0.036438
62.239211 	 4.260590 	 0.000501 	 -0.017731
62.187547 	 4.218414 	 -0.014871 	 -0.010742
62.144041 	 4.184357 	 0.021604 	 0.023407
62.094644 	 4.058624 	 -0.005880 	 0.025238
62.047513 	 4.230713 	 0.012932 	 0.034698
62.003101 	 4.154724 	 -0.032949 	 -0.000580
61.958235 	 4.175842 	 -0.011963 	 -0.013123
61.909744 	 4.230591 	 -0.026972 	 -0.026062
61.863972 	 4.074615 	 0.003377 	 -0.006256
61.817747 	 4.252472 	 -0.022062 	 -0.011963
61.767897 	 4.156372 	 0.029487 	 0.028870
61.721219 	 4.150574 	 -0.024011 	 0.012085
61.677260 	 4.158508 	 -0.019196 	 -0.012787
61.633754 	 4.152618 	 -0.016373 	 -0.017731
61.585263 	 4.177368 	 -0.008767 	 -0.011536
61.537679 	 4.155640 	 0.002248 	 0.007050
61.491000 	 4.263245 	 -0.007830 	 0.008575
61.444775 	 4.200500 	 -0.008448 	 0.003967
61.401270 	 3.991364 	 0.004655 	 0.015472
61.352325 	 4.140442 	 -0.000905 	 0.019775
61.307007 	 4.249298 	 -0.004005 	 0.016754
61.257156 	 4.205658 	 0.001662 	 0.020020
61.214104 	 4.180176 	 0.001406 	 0.023651
61.169238 	 4.076874 	 -0.056384 	 -0.035095
61.121654 	 4.127655 	 0.007819 	 -0.017517
61.075429 	 4.258087 	 -0.000916 	 0.006836
61.030563 	 4.238586 	 -0.015872 	 -0.001038
60.982526 	 4.212708 	 0.001619 	 0.006958
60.934941 	 4.078674 	 -0.039074 	 -0.024933
60.889169 	 4.165649 	 -0.017108 	 -0.032227
60.842038 	 4.181549 	 -0.012868 	 -0.023132
60.796266 	 4.241608 	 -0.007862 	 -0.011871
60.749135 	 4.126221 	 -0.005007 	 -0.001221
60.704269 	 4.101440 	 0.012453 	 0.022308
60.657591 	 4.143646 	 -0.041684 	 -0.015747
60.610460 	 4.157806 	 -0.002855 	 -0.015259
60.566954 	 4.169556 	 0.034664 	 0.042267
60.518463 	 4.157745 	 0.011569 	 0.058289
60.475864 	 4.138672 	 0.002993 	 0.046173
60.424654 	 4.215576 	 -0.025194 	 0.007843
60.377069 	 4.209473 	 0.009747 	 0.015808
60.332204 	 4.245270 	 -0.043516 	 -0.020844
60.284619 	 4.211060 	 0.007020 	 -0.006775
60.236128 	 4.212311 	 -0.027580 	 -0.015442
60.192622 	 4.055817 	 0.002248 	 -0.002411
60.144585 	 4.326660 	 -0.003366 	 0.009064
60.099266 	 4.164551 	 0.002280 	 0.017426
60.054854 	 4.251709 	 -0.013007 	 0.007477
60.002737 	 4.104675 	 0.006637 	 0.017334
59.961044 	 4.137817 	 -0.014253 	 0.007782
59.914819 	 4.201324 	 -0.018163 	 -0.009583
59.868141 	 4.127350 	 -0.024363 	 -0.024292
59.823729 	 4.183044 	 -0.015404 	 -0.023834
59.775691 	 4.262665 	 0.001694 	 -0.001648
59.729466 	 4.179413 	 -0.005997 	 0.005951
59.682335 	 4.213928 	 -0.023862 	 -0.011963
59.636563 	 4.348969 	 0.012272 	 0.010864
59.590338 	 4.190308 	 -0.007574 	 0.011749
59.542300 	 4.202820 	 -0.000458 	 0.013062
59.498341 	 4.214966 	 -0.027516 	 -0.011627
59.450757 	 4.185760 	 -0.008021 	 -0.011719
59.405438 	 4.098724 	 0.001886 	 0.005737
59.356041 	 4.056488 	 0.003036 	 0.019409
59.311629 	 4.156311 	 -0.030392 	 -0.009308
59.266310 	 4.261627 	 -0.004815 	 -0.009674
59.219632 	 4.035675 	 -0.018109 	 -0.014313
59.172047 	 4.196686 	 0.023404 	 0.022125
59.126729 	 4.251556 	 -0.012847 	 0.018250
59.077785 	 4.161682 	 -0.012783 	 0.001892
59.033826 	 4.179352 	 0.022584 	 0.031708
58.986694 	 4.041718 	 -0.005007 	 0.030426
58.942282 	 4.158600 	 -0.004953 	 0.018494
58.894244 	 4.022644 	 0.013177 	 0.032471
58.848019 	 4.121735 	 -0.005859 	 0.026001
58.802701 	 4.230225 	 -0.016884 	 0.003479
58.758289 	 4.128693 	 -0.042014 	 -0.037018
58.713423 	 4.250641 	 -0.004346 	 -0.026093
58.665385 	 4.176697 	 0.007212 	 0.007874
58.615082 	 4.072876 	 -0.001641 	 0.018188
58.569310 	 4.163910 	 0.020357 	 0.041931
58.522179 	 4.215546 	 -0.014807 	 0.023926
58.477313 	 4.034302 	 0.000735 	 0.017670
58.431541 	 4.206604 	 -0.010056 	 0.010620
58.387129 	 4.201813 	 -0.008948 	 0.003265
58.339091 	 4.180450 	 0.016703 	 0.027435
58.290601 	 4.225433 	 0.026003 	 0.058777
58.244829 	 4.101349 	 0.034887 	 0.084869
58.201776 	 4.098236 	 -0.023798 	 0.040802
58.151472 	 4.072754 	 -0.025108 	 -0.005157
58.105701 	 4.100952 	 0.000309 	 -0.000092
58.059929 	 4.155334 	 -0.027249 	 -0.015594
58.013704 	 4.070068 	 0.005198 	 0.000488
57.969745 	 4.196472 	 -0.030509 	 -0.016602
57.919441 	 4.176758 	 -0.057716 	 -0.067352
57.873216 	 4.136841 	 -0.036443 	 -0.079712
57.826991 	 4.172729 	 -0.002003 	 -0.041565
57.780766 	 4.168396 	 -0.006296 	 -0.013672
57.734088 	 4.093719 	 -0.027857 	 -0.025116
57.688770 	 4.258881 	 -0.011910 	 -0.022980
57.640279 	 4.253418 	 0.015617 	 0.013245
57.598132 	 4.194672 	 0.023798 	 0.049500
57.549188 	 4.072540 	 0.005689 	 0.049896
57.500244 	 4.215515 	 0.018631 	 0.056793
57.458098 	 4.289642 	 -0.011846 	 0.033295
57.410060 	 4.120544 	 -0.008511 	 0.012268
57.363382 	 4.089508 	 0.002940 	 0.018799
57.315344 	 4.137665 	 -0.016362 	 0.005463
57.272745 	 4.238586 	 -0.016064 	 -0.007812
57.224707 	 4.143646 	 0.018120 	 0.022949
57.178482 	 4.216492 	 -0.011878 	 0.017700
57.131804 	 4.199127 	 -0.015233 	 -0.000610
57.086032 	 4.198639 	 -0.004708 	 -0.000061
57.036182 	 4.145935 	 0.029646 	 0.043060
56.991769 	 4.177460 	 0.004794 	 0.048889
56.944185 	 3.931458 	 -0.009257 	 0.026611
56.899319 	 4.086792 	 0.004655 	 0.024658
56.851282 	 4.070282 	 0.013678 	 0.040100
56.807323 	 4.100494 	 0.012804 	 0.049927
56.762910 	 4.141998 	 -0.004197 	 0.034943
56.714420 	 4.172729 	 0.013231 	 0.040070
56.668648 	 4.182739 	 -0.032043 	 0.003296
56.622423 	 4.081390 	 -0.022743 	 -0.023315
56.572119 	 4.019348 	 -0.030232 	 -0.038727
56.527707 	 4.005615 	 0.011089 	 -0.005768
56.480576 	 4.141693 	 -0.003558 	 0.009430
56.434351 	 4.133759 	 -0.016117 	 -0.001831
56.389032 	 4.071564 	 -0.031500 	 -0.027069
56.340994 	 4.024261 	 0.012932 	 0.000641
56.297035 	 4.102448 	 -0.031255 	 -0.014374
56.251717 	 4.019196 	 -0.016096 	 -0.024017
56.205492 	 4.164093 	 -0.005465 	 -0.010345
56.156094 	 4.140686 	 -0.002951 	 0.001984
56.109869 	 4.046722 	 -0.005198 	 0.006500
56.064551 	 4.070496 	 -0.003238 	 0.009277
56.017873 	 4.052856 	 0.045455 	 0.062256
55.970288 	 4.249481 	 0.004389 	 0.063141
55.924063 	 4.111359 	 -0.012325 	 0.029053
55.877838 	 4.183807 	 -0.001150 	 0.018463
55.832520 	 4.108063 	 -0.017896 	 0.001190
55.783575 	 4.158783 	 -0.012677 	 -0.007111
55.738710 	 4.251068 	 -0.004826 	 -0.001801
55.695204 	 4.284302 	 0.014466 	 0.024689
55.648526 	 4.141693 	 -0.007926 	 0.021088
55.597316 	 4.149445 	 0.017651 	 0.036896
55.553357 	 4.164612 	 -0.012687 	 0.023163
55.502147 	 4.164734 	 0.017641 	 0.036499
55.459094 	 4.235657 	 -0.007958 	 0.026917
55.414682 	 4.201385 	 -0.009310 	 0.011078
55.367097 	 4.171448 	 -0.012858 	 0.001160
55.319060 	 4.155731 	 -0.018738 	 -0.010986
55.275554 	 4.197113 	 -0.025577 	 -0.026245
55.228876 	 4.177704 	 0.000373 	 -0.009430
55.183104 	 4.184601 	 -0.011931 	 -0.003326
55.135066 	 4.131775 	 -0.012890 	 -0.007233
55.089294 	 4.146088 	 -0.050238 	 -0.049164
55.038991 	 4.303101 	 0.019313 	 -0.008362
54.996391 	 4.166321 	 -0.006179 	 0.010620
54.949713 	 4.184631 	 -0.010972 	 0.003143
54.902582 	 4.164520 	 -0.029359 	 -0.021729
54.856357 	 4.091125 	 0.011249 	 0.002686
54.809225 	 4.280853 	 0.004027 	 0.022583
54.765266 	 4.200653 	 -0.008852 	 0.014404
54.716322 	 4.045685 	 0.009609 	 0.026215
54.672363 	 4.311798 	 -0.015468 	 0.012634
54.624779 	 4.142548 	 -0.006647 	 0.004730
54.575381 	 4.121826 	 -0.011313 	 0.000671
54.529156 	 4.181519 	 0.004336 	 0.012238
54.482478 	 4.108398 	 -0.004964 	 0.014130
54.437160 	 4.204376 	 -0.016128 	 0.000214
54.391841 	 4.265930 	 -0.013369 	 -0.007538
54.346523 	 4.143768 	 0.009055 	 0.012909
54.300751 	 4.078918 	 -0.003590 	 0.018219
54.253619 	 4.282623 	 -0.040022 	 -0.022125
54.206941 	 4.117432 	 -0.000852 	 -0.013885
54.160263 	 4.092072 	 0.029465 	 0.036285
54.114944 	 4.189789 	 0.005784 	 0.047485
54.070532 	 4.226501 	 0.004218 	 0.040588
54.021588 	 4.189972 	 -0.016362 	 0.015991
53.978989 	 4.259644 	 0.011281 	 0.024689
53.929138 	 4.086761 	 -0.010333 	 0.017731
53.880194 	 4.171722 	 -0.010205 	 0.005859
53.836688 	 4.029633 	 -0.010493 	 0.000214
53.792276 	 4.136627 	 0.005113 	 0.013428
53.741519 	 4.161865 	 0.003856 	 0.023712
53.696201 	 4.163940 	 0.010525 	 0.036011
53.650429 	 4.123749 	 0.010088 	 0.043030
53.601938 	 3.988586 	 -0.008458 	 0.026428
53.558432 	 4.169678 	 -0.008245 	 0.012695
53.515379 	 4.111420 	 -0.017545 	 -0.002930
53.466888 	 4.041748 	 -0.008639 	 -0.004150
53.418851 	 4.140747 	 0.009193 	 0.016144
53.373985 	 4.230103 	 -0.021721 	 0.000854
53.325041 	 4.229675 	 0.013923 	 0.017578
53.278816 	 4.158600 	 0.010258 	 0.036957
53.232138 	 4.132751 	 -0.003824 	 0.028992
53.185913 	 4.248749 	 -0.035708 	 -0.014740
53.139235 	 4.179382 	 -0.015830 	 -0.024292
53.095729 	 4.155121 	 -0.016522 	 -0.022339
53.046785 	 4.172668 	 -0.002684 	 -0.006836
52.999654 	 4.104919 	 0.002674 	 0.011108
52.952975 	 4.137482 	 0.000320 	 0.019012
52.908110 	 4.175659 	 -0.003941 	 0.016205
52.860979 	 4.092560 	 0.001225 	 0.019104
52.815207 	 4.311768 	 0.000117 	 0.023804
52.768529 	 4.156281 	 0.004336 	 0.029358
52.723210 	 4.212646 	 -0.012911 	 0.013428
52.675626 	 4.084320 	 -0.023766 	 -0.012421
52.628494 	 4.174561 	 -0.013465 	 -0.016418
52.584988 	 4.184113 	 0.010546 	 0.010345
52.536044 	 4.146912 	 -0.008948 	 0.012726
52.490273 	 4.091553 	 -0.042749 	 -0.029327
52.443594 	 3.999603 	 -0.004463 	 -0.023437
52.397369 	 4.150818 	 -0.014083 	 -0.013855
52.352504 	 4.168701 	 -0.007553 	 -0.008362
52.304466 	 4.143951 	 -0.042131 	 -0.038422
52.258694 	 4.349091 	 -0.010898 	 -0.033020
52.212923 	 4.188416 	 -0.013774 	 -0.020447
52.165791 	 4.176880 	 -0.029018 	 -0.032288
52.118207 	 4.110626 	 0.025279 	 0.013550
52.071075 	 4.148712 	 -0.011270 	 0.016693
52.024850 	 4.189240 	 0.008948 	 0.024109
51.979079 	 4.192505 	 0.006935 	 0.033539
51.931041 	 4.251984 	 -0.011974 	 0.017548
51.888895 	 4.130493 	 -0.021391 	 -0.006836
51.841763 	 4.324066 	 -0.040427 	 -0.042603
51.795538 	 4.171570 	 -0.008927 	 -0.032776
51.747501 	 4.077820 	 -0.004826 	 -0.009308
51.699463 	 4.239166 	 0.001129 	 0.008148
51.655051 	 4.135193 	 0.009555 	 0.028076
51.609279 	 4.206573 	 0.001087 	 0.030457
51.563507 	 4.181641 	 -0.017886 	 0.007904
51.514110 	 4.107788 	 0.024991 	 0.035156
51.466978 	 4.175659 	 -0.009630 	 0.027710
51.422113 	 4.069336 	 -0.021028 	 -0.001221
51.374982 	 4.150635 	 -0.012762 	 -0.009857
51.328757 	 4.038757 	 -0.036411 	 -0.034363
51.284798 	 4.190704 	 0.024831 	 0.010132
51.235400 	 4.107666 	 -0.035431 	 -0.009613
51.189175 	 4.089722 	 -0.021220 	 -0.027618
51.142497 	 4.163025 	 -0.005848 	 -0.015228
51.097632 	 4.194733 	 -0.037114 	 -0.035706
51.051407 	 4.178925 	 -0.031937 	 -0.051453
51.006995 	 4.103394 	 -0.012421 	 -0.036407
50.961676 	 4.243408 	 -0.022264 	 -0.032379
50.911826 	 4.211670 	 0.005689 	 -0.004974
50.863788 	 4.113831 	 -0.009960 	 0.001282
50.818469 	 4.137329 	 -0.015670 	 -0.006805
50.771338 	 4.069733 	 -0.011910 	 -0.009094
50.723753 	 4.129486 	 -0.002162 	 0.001068
50.679794 	 4.164551 	 -0.006541 	 0.004852
50.635835 	 4.189697 	 -0.016362 	 -0.005341
50.585985 	 4.026550 	 0.003920 	 0.008392
50.542479 	 4.111359 	 -0.011334 	 0.006439
50.490363 	 4.115509 	 0.002365 	 0.013031
50.446857 	 4.129059 	 -0.019058 	 -0.000305
50.403804 	 4.129303 	 -0.003419 	 0.000610
50.357126 	 4.280792 	 -0.015287 	 -0.004272
50.309088 	 4.164520 	 0.002397 	 0.006683
50.263316 	 4.169769 	 0.001886 	 0.018219
50.213466 	 4.244568 	 -0.016757 	 0.003784
50.168147 	 4.097626 	 -0.025502 	 -0.019501
50.123282 	 4.125427 	 -0.019313 	 -0.027161
50.076604 	 4.144928 	 -0.015361 	 -0.023529
50.027206 	 4.131805 	 0.006903 	 0.002960
49.983701 	 4.123840 	 -0.013326 	 0.001862
49.935663 	 4.149475 	 0.014541 	 0.022430
49.888531 	 4.144379 	 -0.010045 	 0.018127
49.842307 	 4.117798 	 0.002663 	 0.019135
49.796535 	 4.172821 	 -0.002887 	 0.020020
49.749857 	 4.118652 	 -0.005774 	 0.014099
49.705444 	 4.177155 	 -0.019377 	 -0.004486
49.661485 	 4.091309 	 0.022552 	 0.026428
49.612541 	 4.126556 	 -0.025300 	 0.007263
49.567676 	 4.163147 	 -0.019654 	 -0.015717
49.519185 	 4.178131 	 -0.026078 	 -0.029724
49.473413 	 4.287445 	 0.022594 	 0.012024
49.428094 	 4.110718 	 -0.016980 	 0.009064
49.380057 	 4.098663 	 -0.004165 	 0.004242
49.332472 	 4.137756 	 -0.001651 	 0.010742
49.286247 	 4.133575 	 -0.020187 	 -0.003967
49.241835 	 4.120331 	 -0.001225 	 0.000580
49.192891 	 4.316345 	 0.010812 	 0.024597
49.147119 	 4.192474 	 -0.012943 	 0.013977
49.102254 	 4.235321 	 0.001459 	 0.013306
49.056935 	 4.054840 	 -0.012453 	 0.006348
49.010257 	 4.223694 	 -0.016842 	 -0.006897
48.965392 	 4.127838 	 -0.022456 	 -0.020844
48.917807 	 4.171539 	 -0.018802 	 -0.024567
48.869769 	 4.242615 	 -0.005646 	 -0.011383
48.822185 	 4.190277 	 -0.026983 	 -0.022675
48.777319 	 4.120667 	 -0.027665 	 -0.037842
48.729282 	 4.092743 	 -0.008959 	 -0.023590
48.686229 	 4.122467 	 0.013263 	 0.012299
48.639551 	 4.228760 	 -0.019793 	 0.002197
48.591966 	 4.252380 	 -0.025598 	 -0.021606
48.544382 	 4.182800 	 -0.025140 	 -0.033661
48.499063 	 4.143707 	 -0.015777 	 -0.028595
48.450119 	 4.129578 	 -0.026557 	 -0.034027
48.407520 	 4.142548 	 0.004836 	 -0.008545
48.359482 	 4.018921 	 0.001055 	 0.011871
48.312804 	 4.170013 	 -0.009140 	 0.009155
48.265219 	 4.148926 	 -0.004591 	 0.006134
48.219447 	 4.071136 	 -0.013486 	 -0.000488
48.171410 	 4.058655 	 -0.004208 	 0.003571
48.126091 	 4.126892 	 -0.012027 	 0.000244
48.082132 	 4.286560 	 -0.008320 	 -0.001526
48.034094 	 4.189636 	 -0.028709 	 -0.020691
47.987869 	 4.099670 	 -0.023638 	 -0.033264
47.943457 	 4.215637 	 -0.009300 	 -0.021698
47.895419 	 4.130676 	 -0.005923 	 -0.006531
47.853726 	 4.215820 	 -0.019313 	 -0.012695
47.801610 	 4.151581 	 -0.018759 	 -0.020569
47.758557 	 4.175720 	 -0.034781 	 -0.041382
47.709160 	 4.222534 	 0.004389 	 -0.015503
47.666107 	 4.240662 	 -0.001566 	 0.005280
47.616710 	 4.127533 	 -0.013742 	 -0.001740
47.571391 	 4.262817 	 -0.046509 	 -0.042999
47.525620 	 4.147461 	 -0.020261 	 -0.046997
47.476675 	 4.166534 	 -0.016139 	 -0.033112
47.431810 	 4.138550 	 -0.005625 	 -0.015137
47.384225 	 4.151733 	 0.004826 	 0.008545
47.334828 	 4.086456 	 0.008053 	 0.027039
47.293588 	 4.164398 	 -0.028059 	 -0.001312
47.245551 	 4.001770 	 -0.044027 	 -0.045502
47.199326 	 4.245514 	 -0.035026 	 -0.062683
47.155367 	 4.194489 	 -0.014189 	 -0.044678
47.106876 	 4.246735 	 -0.012091 	 -0.025330
47.062010 	 4.192657 	 -0.017577 	 -0.022278
47.012160 	 4.195526 	 0.003292 	 -0.001678
46.964575 	 4.157501 	 -0.012687 	 0.000305
46.920616 	 4.126740 	 -0.009438 	 -0.002991
46.870312 	 4.196869 	 0.007851 	 0.015717
46.828619 	 4.207947 	 0.025034 	 0.049011
46.781035 	 4.159332 	 -0.008980 	 0.035248
46.733904 	 4.176758 	 -0.010685 	 0.013458
46.688132 	 4.241669 	 -0.034983 	 -0.022034
46.643266 	 4.250275 	 -0.011516 	 -0.023376
46.593869 	 4.176788 	 0.020261 	 0.018738
46.549910 	 4.143494 	 -0.026557 	 0.001740
46.501872 	 4.163544 	 0.007041 	 0.009827
46.456100 	 4.070312 	 0.032778 	 0.054535
46.408969 	 4.209290 	 -0.021220 	 0.028442
46.363651 	 4.089630 	 -0.003931 	 0.012177
46.316066 	 4.191193 	 -0.014413 	 0.000641
46.272560 	 4.048584 	 -0.016938 	 -0.010864
46.224069 	 4.327942 	 0.010567 	 0.012115
46.179204 	 4.240326 	 0.026493 	 0.049500
46.130713 	 4.136261 	 -0.001523 	 0.042969
46.084941 	 4.093689 	 -0.017129 	 0.012665
46.040076 	 4.194366 	 -0.014264 	 -0.004730
45.993851 	 4.207703 	 -0.036166 	 -0.032806
45.945813 	 4.173859 	 -0.017460 	 -0.034790
45.900494 	 4.209351 	 -0.014264 	 -0.024994
45.853816 	 4.140686 	 -0.003079 	 -0.008118
45.807591 	 4.161407 	 -0.023084 	 -0.017334
45.761819 	 4.043457 	 -0.000149 	 -0.004669
45.712422 	 4.156586 	 0.003409 	 0.012665
45.666197 	 4.147400 	 -0.013880 	 0.005768
45.622691 	 4.209808 	 -0.012868 	 -0.003174
45.573294 	 4.259369 	 -0.017801 	 -0.013641
45.525710 	 4.154510 	 -0.007329 	 -0.008453
45.480391 	 4.070740 	 0.010994 	 0.017120
45.433260 	 4.128754 	 0.009129 	 0.034088
45.389754 	 4.104889 	 -0.033215 	 -0.003296
45.343529 	 4.240601 	 -0.010461 	 -0.013214
45.293678 	 4.104706 	 -0.020208 	 -0.018738
45.247906 	 4.173248 	 0.002301 	 -0.000977
45.203947 	 4.175659 	 -0.002354 	 0.010315
45.156816 	 4.060089 	 -0.016693 	 -0.001160
45.111044 	 4.237640 	 -0.017193 	 -0.012390
45.065726 	 4.171570 	 -0.016948 	 -0.017609
45.018594 	 4.081512 	 0.001172 	 -0.001129
44.970557 	 4.178009 	 -0.020794 	 -0.010345
44.925238 	 4.111389 	 -0.032725 	 -0.034851
44.879013 	 4.166748 	 0.012432 	 -0.002319
44.835960 	 4.200775 	 -0.001268 	 0.014648
44.786110 	 4.153320 	 0.012027 	 0.030426
44.736259 	 4.138550 	 0.001097 	 0.032349
44.691847 	 4.024811 	 -0.018355 	 0.007751
44.645622 	 4.248901 	 0.038328 	 0.047852
44.596225 	 4.129181 	 -0.015904 	 0.032867
44.556798 	 4.155548 	 0.016107 	 0.037079
44.505588 	 4.141479 	 -0.005433 	 0.029633
44.461629 	 4.170410 	 0.007819 	 0.032806
44.414044 	 4.058929 	 -0.012847 	 0.017548
44.367366 	 4.110809 	 0.004847 	 0.021240
44.321594 	 4.156128 	 -0.026632 	 -0.004578
44.275369 	 4.212463 	 -0.015787 	 -0.016205
44.229597 	 4.159607 	 0.001161 	 0.000122
44.183372 	 4.241760 	 0.011952 	 0.025604
44.133975 	 4.176819 	 0.017545 	 0.046967
44.087297 	 4.117584 	 -0.000075 	 0.040192
44.041072 	 4.195587 	 -0.014189 	 0.015259
43.997113 	 4.240601 	 0.000170 	 0.014130
43.946809 	 4.050354 	 0.031713 	 0.052490
43.901944 	 4.139374 	 0.014061 	 0.064056
43.855719 	 4.204254 	 0.024874 	 0.072876
43.809947 	 4.125427 	 0.008597 	 0.064240
43.766895 	 4.110748 	 -0.045007 	 -0.002228
43.718404 	 4.161041 	 -0.007595 	 -0.014374
43.672179 	 4.252289 	 0.030530 	 0.035828
43.627313 	 4.063080 	 -0.009886 	 0.029877
43.576103 	 4.260773 	 -0.022051 	 -0.000885
43.532597 	 4.166382 	 -0.037369 	 -0.036438
43.485919 	 4.291016 	 -0.021241 	 -0.041412
43.440147 	 4.124786 	 -0.020368 	 -0.035278
43.392110 	 4.123413 	 -0.023990 	 -0.037048
43.347697 	 4.093781 	 -0.002663 	 -0.016510
43.300113 	 4.207733 	 0.017726 	 0.022888
43.253435 	 4.155426 	 0.013571 	 0.044373
43.207663 	 4.163330 	 0.022552 	 0.061951
43.161891 	 4.202515 	 -0.000479 	 0.048615
43.116119 	 4.109619 	 -0.009896 	 0.024109
43.068082 	 4.112122 	 0.002280 	 0.021881
43.020950 	 4.220947 	 -0.006179 	 0.018890
42.975632 	 4.151337 	 -0.023159 	 -0.006104
42.933032 	 4.151825 	 -0.011398 	 -0.011169
42.884088 	 3.999847 	 0.001097 	 0.003754
42.836504 	 4.210876 	 0.014243 	 0.029938
42.790732 	 4.153564 	 -0.033183 	 -0.002228
42.742694 	 4.043365 	 -0.016256 	 -0.018799
42.696469 	 4.103851 	 0.009609 	 0.007996
42.651604 	 4.179749 	 -0.030499 	 -0.011688
42.604926 	 4.076813 	 -0.014946 	 -0.020813
42.557341 	 4.151825 	 -0.010514 	 -0.013397
42.512929 	 4.207581 	 0.011718 	 0.014923
42.464438 	 4.191193 	 0.004176 	 0.028564
42.419572 	 4.194305 	 -0.001641 	 0.025299
42.371988 	 4.139038 	 -0.004922 	 0.018280
42.325310 	 4.140686 	 -0.001641 	 0.016846
42.280444 	 4.164886 	 -0.041854 	 -0.024109
42.232407 	 4.190430 	 0.006338 	 -0.008667
42.186635 	 4.217804 	 0.010482 	 0.022247
42.138597 	 4.214783 	 0.014370 	 0.041626
42.092372 	 4.114685 	 -0.006466 	 0.030487
42.047054 	 4.120300 	 -0.024682 	 -0.001831
41.999469 	 4.072418 	 -0.018589 	 -0.016632
41.956416 	 4.129578 	 -0.018930 	 -0.021912
41.908832 	 4.112549 	 -0.021305 	 -0.026886
41.861700 	 4.192474 	 0.013220 	 0.005341
41.816835 	 4.171722 	 -0.013433 	 0.005646
41.767891 	 4.218536 	 0.003590 	 0.014374
41.720306 	 4.044708 	 -0.034270 	 -0.015808
41.679520 	 4.160309 	 0.002599 	 -0.005280
41.629216 	 4.193726 	 -0.038392 	 -0.028168
41.581178 	 4.206573 	 -0.043218 	 -0.060669
41.539032 	 4.115845 	 -0.014924 	 -0.047394
41.494167 	 4.128754 	 -0.019654 	 -0.035126
41.444769 	 4.131775 	 -0.012932 	 -0.024841
41.399451 	 4.132568 	 -0.012783 	 -0.017212
41.349600 	 4.158600 	 -0.047894 	 -0.051086
41.303828 	 4.058380 	 -0.008469 	 -0.039429
41.258963 	 4.136597 	 -0.002940 	 -0.011475
41.212285 	 4.031647 	 -0.008160 	 -0.002808
41.164700 	 4.176971 	 -0.027803 	 -0.020599
41.119835 	 4.181519 	 0.011952 	 0.005432
41.073157 	 4.230865 	 -0.031489 	 -0.013062
41.026479 	 4.254913 	 -0.001268 	 -0.007294
40.977988 	 4.247681 	 0.001332 	 0.010223
40.930403 	 4.071686 	 0.012112 	 0.030853
40.884178 	 4.101227 	 -0.033215 	 -0.002930
40.839313 	 4.166595 	 -0.005294 	 -0.007965
40.791275 	 4.166321 	 -0.003856 	 0.002502
40.745503 	 4.212677 	 -0.024363 	 -0.013245
40.700638 	 4.239319 	 0.004485 	 0.001007
40.650787 	 4.147552 	 0.000746 	 0.016357
40.609094 	 4.168945 	 -0.044912 	 -0.026184
40.560150 	 4.139862 	 0.014157 	 -0.001984
40.517097 	 4.126465 	 -0.016725 	 -0.001984
40.467247 	 4.214294 	 0.003931 	 0.008575
40.421928 	 4.146515 	 -0.033748 	 -0.018494
40.377516 	 4.149109 	 -0.007414 	 -0.016693
40.333557 	 4.106689 	 -0.026674 	 -0.025238
40.282347 	 4.258453 	 -0.018727 	 -0.029846
40.236575 	 4.154480 	 0.000064 	 -0.009216
40.190804 	 4.177643 	 -0.034578 	 -0.025574
40.145938 	 4.203735 	 -0.000021 	 -0.012970
40.097900 	 4.142517 	 0.020932 	 0.028900
40.052129 	 4.086731 	 0.000469 	 0.034027
40.006357 	 4.089111 	 -0.008852 	 0.018219
39.957866 	 4.076721 	 -0.027399 	 -0.011078
39.913000 	 4.075775 	 0.001321 	 -0.000946
39.866322 	 4.141693 	 -0.026610 	 -0.014252
39.817831 	 4.187561 	 -0.029231 	 -0.035187
39.775232 	 4.117615 	 -0.013390 	 -0.028839
39.726288 	 4.186798 	 0.000298 	 -0.004547
39.679156 	 4.235535 	 -0.008448 	 0.002106
39.631119 	 4.129608 	 0.016426 	 0.027435
39.589426 	 4.104004 	 -0.006466 	 0.024902
39.540935 	 4.179047 	 -0.017161 	 0.003143
39.494257 	 4.131165 	 -0.002951 	 0.003876
39.448032 	 4.328644 	 -0.007936 	 0.004852
39.405432 	 4.163086 	 -0.015052 	 -0.003906
39.355582 	 4.160645 	 0.001587 	 0.006256
39.307091 	 4.203857 	 -0.006999 	 0.009033
39.262679 	 4.058594 	 -0.004432 	 0.008911
39.217360 	 4.214844 	 0.025268 	 0.040161
39.168869 	 4.158600 	 -0.017875 	 0.021210
39.124457 	 4.166504 	 0.012655 	 0.029114
39.077325 	 4.101501 	 -0.005912 	 0.023773
39.027475 	 4.046326 	 -0.001193 	 0.020355
38.983516 	 4.263794 	 -0.036922 	 -0.016876
38.935478 	 4.175659 	 -0.013699 	 -0.023895
38.892426 	 4.106812 	 -0.014296 	 -0.018188
38.846201 	 4.090057 	 -0.023734 	 -0.026001
38.796803 	 4.263580 	 -0.012623 	 -0.022034
38.752844 	 4.052643 	 0.003228 	 0.000336
38.705713 	 4.095764 	 0.002131 	 0.017059
38.656316 	 4.160431 	 -0.003899 	 0.016510
38.613716 	 4.207550 	 -0.010749 	 0.007477
38.566132 	 4.088257 	 -0.007233 	 0.003418
38.521266 	 4.108490 	 -0.017545 	 -0.006378
38.472322 	 4.101379 	 0.022552 	 0.025940
38.424738 	 4.178711 	 0.002631 	 0.036896
38.377153 	 4.167389 	 0.001140 	 0.031525
38.333647 	 4.212646 	 -0.036688 	 -0.011475
38.288329 	 4.164520 	 -0.020560 	 -0.028717
38.243463 	 4.129578 	 0.023521 	 0.016846
38.194972 	 4.015564 	 -0.007872 	 0.021423
38.148294 	 4.109406 	 -0.037412 	 -0.017365
38.101163 	 4.289856 	 0.008682 	 -0.003174
38.057204 	 4.101562 	 -0.017406 	 -0.003967
38.009166 	 4.046875 	 -0.027835 	 -0.025269
37.963847 	 4.081085 	 -0.018152 	 -0.028473
37.918982 	 4.294739 	 0.000149 	 -0.006683
37.869585 	 4.148560 	 -0.036432 	 -0.027924
37.826985 	 4.154541 	 -0.005465 	 -0.020660
37.777588 	 4.243805 	 0.006615 	 0.008362
37.730457 	 4.136200 	 -0.014967 	 0.003571
37.684232 	 4.196930 	 -0.009715 	 -0.002625
37.638913 	 4.055603 	 -0.021454 	 -0.016083
37.592235 	 4.266479 	 -0.029913 	 -0.034698
37.546463 	 4.197479 	 -0.004890 	 -0.019440
37.498425 	 4.145996 	 -0.024128 	 -0.023682
37.454013 	 4.129456 	 0.006189 	 -0.001312
37.405522 	 4.132538 	 0.002269 	 0.016876
37.359297 	 4.155640 	 0.024437 	 0.046539
37.315338 	 4.195007 	 -0.020315 	 0.021667
37.266847 	 4.073761 	 -0.032554 	 -0.020447
37.221982 	 4.249481 	 -0.017502 	 -0.028656
37.175304 	 4.149261 	 -0.015255 	 -0.022919
37.127266 	 4.157410 	 -0.005337 	 -0.010986
37.079228 	 4.228577 	 0.014051 	 0.019257
37.037082 	 4.154663 	 0.015148 	 0.042938
36.988591 	 4.173187 	 -0.011675 	 0.025055
36.939647 	 4.152710 	 -0.019718 	 -0.000946
36.894328 	 4.277435 	 0.004293 	 0.009491
36.849010 	 4.098022 	 -0.020389 	 -0.002380
36.802785 	 4.190094 	 -0.001619 	 0.002014
36.758372 	 4.207825 	 -0.012453 	 0.000702
36.708069 	 4.149445 	 -0.000170 	 0.007477
36.662750 	 4.126648 	 -0.010418 	 0.004852
36.616072 	 4.126740 	 0.008203 	 0.018463
36.570300 	 4.242889 	 -0.002322 	 0.021851
36.524529 	 4.143677 	 -0.019356 	 0.001251
36.477850 	 4.240662 	 0.003079 	 0.008911
36.432079 	 4.199799 	 -0.009310 	 0.007935
36.384494 	 4.112305 	 -0.011494 	 0.000092
36.335550 	 4.134399 	 -0.000096 	 0.007965
36.290685 	 4.115326 	 -0.011846 	 0.003815
36.248085 	 4.066803 	 -0.019654 	 -0.010712
36.199141 	 4.322662 	 -0.008064 	 -0.007996
36.148837 	 4.171387 	 -0.023905 	 -0.019073
36.105331 	 4.096619 	 0.019633 	 0.015381
36.059106 	 4.209564 	 0.016938 	 0.045166
36.011975 	 4.143188 	 0.000937 	 0.040741
35.965297 	 4.225616 	 0.001928 	 0.033752
35.918619 	 4.201813 	 -0.018312 	 0.008789
35.873753 	 4.086731 	 -0.034014 	 -0.026672
35.827528 	 4.106598 	 -0.001630 	 -0.014862
35.781757 	 4.166321 	 -0.023255 	 -0.018463
35.734625 	 4.112579 	 -0.019707 	 -0.027069
35.687041 	 4.192566 	 -0.015691 	 -0.024078
35.641722 	 4.173401 	 -0.007084 	 -0.011505
35.595497 	 4.269714 	 -0.009566 	 -0.004944
35.551991 	 4.089600 	 -0.008543 	 -0.002258
35.502594 	 4.056763 	 -0.022679 	 -0.014648
35.453650 	 4.104797 	 0.017907 	 0.015320
35.412410 	 4.091278 	 0.027803 	 0.055817
35.364372 	 4.180481 	 -0.005412 	 0.042511
35.315881 	 4.274780 	 0.014988 	 0.045227
35.268297 	 4.253540 	 -0.059942 	 -0.023560
35.228416 	 4.077515 	 -0.030413 	 -0.053864
35.176753 	 4.115082 	 -0.028698 	 -0.053192
35.131888 	 4.182983 	 -0.013412 	 -0.036896
35.085210 	 4.122253 	 -0.001555 	 -0.010864
35.039438 	 4.136322 	 0.026472 	 0.035187
34.990947 	 4.173676 	 0.013199 	 0.052399
34.946082 	 4.179169 	 -0.009822 	 0.030273
34.900310 	 4.113922 	 -0.031223 	 -0.010376
34.855898 	 4.251709 	 -0.021273 	 -0.026062
34.809219 	 4.184998 	 -0.010951 	 -0.018585
34.762541 	 4.109314 	 -0.041844 	 -0.043762
34.715410 	 4.202850 	 -0.017076 	 -0.042877
34.669638 	 4.142700 	 -0.012826 	 -0.025238
34.622960 	 4.099457 	 -0.017247 	 -0.021759
34.574016 	 4.269836 	 -0.000383 	 -0.005859
34.525978 	 4.260712 	 0.009683 	 0.020874
34.482019 	 4.109558 	 0.003686 	 0.028931
34.436700 	 4.226166 	 -0.002599 	 0.023285
34.388663 	 4.156372 	 0.007617 	 0.029633
34.342891 	 4.154541 	 -0.008490 	 0.020050
34.293947 	 4.083923 	 -0.003515 	 0.014313
34.248628 	 4.197266 	 0.004123 	 0.022552
34.204216 	 4.117523 	 0.005774 	 0.031006
34.156178 	 4.237701 	 0.005071 	 0.033569
34.110406 	 4.250305 	 -0.053647 	 -0.027313
34.067807 	 4.152832 	 -0.026099 	 -0.048737
34.017503 	 4.061615 	 0.033375 	 0.015381
33.970825 	 4.046661 	 -0.025119 	 0.005920
33.923694 	 4.183868 	 0.000021 	 0.004395
33.878828 	 4.125122 	 0.007499 	 0.022980
33.832150 	 4.170776 	 -0.012794 	 0.011261
33.784566 	 4.073608 	 -0.002535 	 0.009460
33.740607 	 4.109375 	 -0.007308 	 0.008636
33.691209 	 4.131470 	 -0.005603 	 0.007751
33.643625 	 4.240540 	 -0.008288 	 0.005859
33.601932 	 4.156891 	 -0.020027 	 -0.008820
33.551628 	 4.216370 	 0.009854 	 0.010529
33.507669 	 4.071625 	 -0.012677 	 0.008484
33.461444 	 4.194275 	 -0.003132 	 0.008362
33.412953 	 4.150299 	 0.030254 	 0.046356
33.367635 	 4.162689 	 0.009587 	 0.055328
33.321863 	 4.277832 	 -0.010823 	 0.029907
33.274731 	 4.197632 	 0.002194 	 0.023804
33.228506 	 4.187714 	 -0.015255 	 0.009583
33.183641 	 4.140961 	 0.017833 	 0.028900
33.136963 	 4.095337 	 0.001140 	 0.034607
33.090285 	 4.170227 	 -0.018429 	 0.009491
33.043607 	 4.254761 	 0.009715 	 0.020447
32.994662 	 4.248932 	 -0.021763 	 0.003479
32.949344 	 4.197113 	 -0.021838 	 -0.017303
32.903119 	 4.018677 	 -0.027580 	 -0.033234
32.856894 	 4.136810 	 -0.009854 	 -0.023865
32.811122 	 4.113586 	 -0.043165 	 -0.047241
32.764897 	 4.094635 	 0.011036 	 -0.015320
32.719125 	 4.191498 	 -0.021060 	 -0.011688
32.671088 	 3.982635 	 -0.030019 	 -0.032806
32.621690 	 4.114807 	 0.001907 	 -0.011902
32.579997 	 4.268677 	 -0.010322 	 -0.002472
32.531053 	 4.220825 	 0.014999 	 0.022827
32.483469 	 4.152954 	 -0.010131 	 0.018036
32.441776 	 4.220673 	 -0.029487 	 -0.014038
32.394191 	 4.247803 	 -0.005571 	 -0.010681
32.347060 	 4.182556 	 -0.017619 	 -0.013062
32.300381 	 4.149078 	 -0.029146 	 -0.031342
32.252797 	 4.202118 	 -0.022775 	 -0.036743
32.208838 	 4.239502 	 -0.025982 	 -0.041412
32.159441 	 4.233490 	 -0.036166 	 -0.053467
32.114122 	 4.140717 	 -0.001609 	 -0.027191
32.067444 	 4.230743 	 -0.001939 	 -0.002319
32.019406 	 4.083496 	 -0.002557 	 0.008179
31.975900 	 4.194336 	 0.006115 	 0.022064
31.928769 	 4.129669 	 0.001704 	 0.026550
31.879825 	 4.212708 	 0.004506 	 0.029785
31.836319 	 4.160248 	 -0.002354 	 0.024628
31.790547 	 4.215576 	 0.000309 	 0.023254
31.744775 	 4.320709 	 0.030222 	 0.054687
31.696738 	 4.211182 	 -0.007798 	 0.040833
31.651419 	 4.168640 	 -0.008788 	 0.018402
31.602475 	 4.272675 	 -0.010962 	 0.005707
31.557610 	 4.195618 	 -0.013944 	 -0.003876
31.509572 	 4.122620 	 -0.012357 	 -0.007355
31.462894 	 4.031769 	 -0.051367 	 -0.049164
31.418935 	 4.082611 	 -0.012709 	 -0.043793
31.371803 	 4.202484 	 0.015606 	 0.004578
31.325125 	 4.020508 	 -0.001587 	 0.018219
31.276634 	 4.115051 	 0.001907 	 0.021667
31.234035 	 4.095520 	 -0.030850 	 -0.010986
31.185997 	 4.324646 	 0.008650 	 0.002014
31.139772 	 4.110596 	 0.005092 	 0.022644
31.093094 	 4.186584 	 -0.019601 	 0.004028
31.047322 	 4.172943 	 0.014828 	 0.021271
31.001097 	 4.218384 	 -0.012922 	 0.015076
30.951700 	 4.064758 	 -0.005145 	 0.007355
30.906834 	 4.045929 	 -0.032544 	 -0.019592
30.859703 	 4.304565 	 0.023510 	 0.014374
30.816197 	 4.154846 	 0.002706 	 0.030640
30.768159 	 4.146515 	 -0.006360 	 0.020813
30.722388 	 4.401245 	 -0.021806 	 -0.002808
30.675710 	 4.163483 	 -0.024672 	 -0.023041
30.628578 	 4.235504 	 -0.015287 	 -0.023712
30.585072 	 4.159119 	 -0.012986 	 -0.017151
30.536128 	 4.165771 	 0.001246 	 0.000549
30.490356 	 4.122131 	 -0.002610 	 0.011414
30.445491 	 4.149231 	 -0.002386 	 0.014557
30.396094 	 4.062592 	 -0.017438 	 0.000061
30.351682 	 4.032471 	 -0.013231 	 -0.008209
30.303191 	 4.243835 	 -0.003707 	 -0.000153
30.259685 	 4.084259 	 -0.014466 	 -0.004578
30.212553 	 4.139465 	 -0.030584 	 -0.027679
30.166782 	 4.041351 	 -0.017279 	 -0.030731
30.120103 	 4.101105 	 -0.046829 	 -0.059021
30.076598 	 4.276398 	 -0.013401 	 -0.046509
30.028560 	 4.200897 	 -0.012133 	 -0.025818
29.982335 	 4.337738 	 -0.003686 	 -0.007507
29.934297 	 4.124390 	 -0.012421 	 -0.005096
29.886259 	 4.147797 	 0.004634 	 0.010162
29.839581 	 4.163635 	 0.001843 	 0.021179
29.793356 	 3.985229 	 0.001427 	 0.024078
29.749850 	 4.209747 	 0.010482 	 0.035645
29.700906 	 4.217590 	 -0.008810 	 0.023499
29.654681 	 4.166199 	 -0.000916 	 0.017700
29.608003 	 4.236633 	 -0.012123 	 0.007874
29.561778 	 4.209656 	 -0.020165 	 -0.009308
29.516913 	 4.212402 	 0.010599 	 0.011780
29.471141 	 4.146240 	 -0.004655 	 0.016724
29.423557 	 4.139313 	 -0.005444 	 0.011414
29.376425 	 4.257355 	 -0.020059 	 -0.005859
29.330200 	 4.162048 	 -0.024661 	 -0.023285
29.281709 	 4.138916 	 -0.012581 	 -0.021606
29.235031 	 4.180420 	 0.001949 	 0.001801
29.189713 	 4.216736 	 -0.035559 	 -0.022858
29.144847 	 4.137878 	 0.000202 	 -0.011932
29.097263 	 4.050262 	 0.026195 	 0.035309
29.051491 	 4.185028 	 -0.030552 	 0.007355
29.005719 	 4.232574 	 -0.006669 	 -0.004059
28.960400 	 4.204559 	 0.021678 	 0.030792
28.910550 	 4.158600 	 -0.050355 	 -0.018616
28.867497 	 4.125854 	 0.003505 	 -0.012085
28.822632 	 4.064697 	 -0.012101 	 -0.003326
28.771422 	 4.184692 	 0.015872 	 0.022491
28.726103 	 4.247986 	 0.009108 	 0.039520
28.679425 	 4.169769 	 0.009470 	 0.042023
28.632747 	 4.155731 	 0.001119 	 0.035156
28.585162 	 4.210602 	 0.016501 	 0.047424
28.540750 	 4.053619 	 -0.014498 	 0.025513
28.496338 	 4.217682 	 -0.013444 	 0.002716
28.447847 	 4.047241 	 -0.029934 	 -0.022491
28.404341 	 4.224670 	 -0.045710 	 -0.056488
28.355850 	 4.147827 	 0.012165 	 -0.018799
28.305547 	 4.193939 	 -0.002716 	 0.006256
28.261134 	 4.204620 	 -0.020261 	 -0.007172
28.214003 	 4.214722 	 -0.022861 	 -0.023834
28.168231 	 4.168427 	 -0.012261 	 -0.018799
28.122459 	 4.058899 	 0.008330 	 0.008148
28.075781 	 4.215179 	 -0.024703 	 -0.006744
28.029103 	 4.175873 	 0.003249 	 0.003113
27.987410 	 4.212616 	 -0.030008 	 -0.016327
27.937560 	 4.067780 	 -0.006274 	 -0.013641
27.891788 	 4.213806 	 -0.006296 	 -0.002411
27.846016 	 4.194458 	 -0.004016 	 0.004517
27.797978 	 4.173615 	 -0.001502 	 0.010681
27.751300 	 4.335175 	 -0.025790 	 -0.009644
27.703716 	 4.139740 	 -0.040437 	 -0.043976
27.659303 	 4.176849 	 -0.016235 	 -0.040192
27.615797 	 4.212067 	 -0.008309 	 -0.020935
27.565947 	 4.160553 	 -0.000948 	 -0.001190
27.519269 	 4.191467 	 -0.020133 	 -0.010071
27.475763 	 4.268982 	 -0.025151 	 -0.026917
27.425459 	 4.126434 	 0.006370 	 -0.000031
27.377875 	 4.219025 	 -0.000202 	 0.015137
27.332556 	 4.136597 	 -0.024160 	 -0.006012
27.289050 	 4.220886 	 0.011175 	 0.011200
27.242825 	 4.321686 	 0.013231 	 0.035797
27.194788 	 4.187897 	 0.018514 	 0.053101
27.148563 	 4.202393 	 -0.013699 	 0.029297
27.099619 	 4.241730 	 -0.005699 	 0.014801
27.053847 	 3.922363 	 -0.007318 	 0.009094
27.008528 	 4.185791 	 -0.024458 	 -0.012054
26.962303 	 4.103485 	 0.012975 	 0.012207
26.915625 	 4.142059 	 -0.014402 	 0.008301
26.869400 	 4.170013 	 -0.011622 	 -0.001709
26.823628 	 4.138824 	 -0.018855 	 -0.011871
26.776497 	 4.165619 	 -0.042973 	 -0.044952
26.730272 	 4.220764 	 -0.012389 	 -0.037506
26.683594 	 4.296082 	 -0.019420 	 -0.028900
26.636462 	 4.094299 	 -0.007404 	 -0.015778
26.590691 	 4.173126 	 0.016128 	 0.018890
26.546278 	 4.145477 	 -0.006850 	 0.019653
26.497334 	 4.171692 	 0.015510 	 0.034607
26.451109 	 4.124542 	 -0.032704 	 -0.000488
26.406697 	 4.203735 	 -0.004708 	 -0.007507
26.357753 	 4.132385 	 0.003228 	 0.011383
26.313341 	 4.136505 	 0.013433 	 0.032959
26.268475 	 4.250977 	 -0.003931 	 0.028595
26.218625 	 4.055969 	 -0.005635 	 0.017731
26.174213 	 4.207703 	 0.007009 	 0.025696
26.125269 	 4.204529 	 -0.023329 	 0.001923
26.081310 	 4.096741 	 -0.021593 	 -0.018402
26.035085 	 4.133148 	 -0.004112 	 -0.008423
25.984781 	 4.125580 	 -0.003079 	 0.004089
25.945354 	 4.389771 	 -0.019590 	 -0.006775
25.898676 	 4.135162 	 0.016671 	 0.019073
25.848825 	 4.049561 	 0.004069 	 0.032532
25.803960 	 4.162750 	 0.008362 	 0.037079
25.756375 	 4.342529 	 -0.018834 	 0.011353
25.711510 	 4.046631 	 -0.025247 	 -0.015686
25.661659 	 3.996124 	 -0.012794 	 -0.016907
25.617247 	 4.202759 	 -0.012368 	 -0.013550
25.568756 	 4.149170 	 0.024011 	 0.026367
25.522078 	 4.028442 	 -0.021092 	 0.012665
25.480385 	 4.081360 	 -0.008522 	 0.001373
25.432347 	 4.112396 	 -0.025247 	 -0.016357
25.387029 	 4.343628 	 -0.000245 	 -0.005341
25.337178 	 4.134674 	 -0.006530 	 0.003296
25.291859 	 4.214935 	 0.000213 	 0.011749
25.245181 	 4.074524 	 -0.013518 	 0.003510
25.198956 	 4.165833 	 0.005252 	 0.013306
25.150919 	 4.119110 	 -0.038765 	 -0.020752
25.105600 	 4.143127 	 -0.026674 	 -0.040070
25.059375 	 4.044739 	 0.006168 	 -0.009491
25.012697 	 4.113922 	 -0.033929 	 -0.024506
24.966925 	 4.107727 	 -0.044070 	 -0.058441
24.920700 	 4.297577 	 -0.004037 	 -0.037079
24.872209 	 4.076538 	 0.019068 	 0.014343
24.830063 	 4.169342 	 -0.010333 	 0.015198
24.782478 	 4.211517 	 -0.053189 	 -0.041565
24.736253 	 3.981720 	 -0.041481 	 -0.071381
24.689122 	 4.125702 	 -0.031191 	 -0.068176
24.643350 	 4.269745 	 -0.011792 	 -0.042816
24.598032 	 4.076202 	 -0.032885 	 -0.045929
24.549994 	 4.303864 	 -0.015052 	 -0.036957
24.506488 	 4.236420 	 -0.012719 	 -0.024902
24.456184 	 4.021820 	 0.008501 	 0.004974
24.408147 	 4.220764 	 -0.028070 	 -0.011566
24.361922 	 4.046814 	 0.010791 	 0.006836
24.314790 	 4.264984 	 0.003292 	 0.023651
24.269019 	 4.153381 	 -0.019388 	 0.002563
24.223700 	 3.975677 	 0.022573 	 0.028778
24.177928 	 4.089600 	 0.001896 	 0.036652
24.130797 	 4.158752 	 -0.039841 	 -0.011566
24.082759 	 4.201416 	 -0.023319 	 -0.032013
24.036987 	 4.106720 	 -0.011856 	 -0.022675
23.994388 	 4.107178 	 0.001257 	 -0.000488
23.942725 	 4.202515 	 -0.012964 	 -0.001038
23.898312 	 4.096863 	 -0.020165 	 -0.014282
23.853447 	 4.182861 	 -0.026269 	 -0.028717
23.809035 	 4.144684 	 0.001246 	 -0.007996
23.759637 	 4.201202 	 -0.007840 	 0.001373
23.713412 	 4.167664 	 -0.023628 	 -0.013214
23.667641 	 4.198730 	 0.019569 	 0.017365
23.618697 	 4.197632 	 0.017385 	 0.045959
23.577003 	 4.156403 	 -0.020858 	 0.018219
23.528966 	 4.168365 	 -0.036656 	 -0.025391
23.483194 	 4.191833 	 -0.009342 	 -0.023163
23.436969 	 4.020599 	 -0.009129 	 -0.011108
23.389838 	 4.246826 	 -0.007308 	 -0.003326
23.344519 	 4.081207 	 -0.025076 	 -0.018188
23.293309 	 4.184540 	 0.001225 	 -0.005188
23.248897 	 4.157928 	 -0.014392 	 -0.004639
23.203125 	 4.103699 	 -0.008831 	 -0.004913
23.153728 	 4.007935 	 0.015606 	 0.024078
23.109315 	 4.227509 	 0.020229 	 0.050995
23.063091 	 4.138367 	 0.009289 	 0.053558
23.018225 	 4.223663 	 -0.037348 	 0.002472
22.972453 	 4.140778 	 0.012922 	 0.011139
22.923056 	 4.156433 	 0.007350 	 0.029510
22.879097 	 4.179504 	 0.004708 	 0.031372
22.830153 	 4.172699 	 0.019068 	 0.048462
22.784834 	 4.194489 	 -0.012240 	 0.028595
22.736797 	 4.113403 	 -0.019590 	 -0.000458
22.694197 	 4.213806 	 -0.027292 	 -0.023804
22.644347 	 4.097687 	 -0.007872 	 -0.017242
22.598122 	 4.246765 	 -0.005955 	 -0.005127
22.552803 	 4.254639 	 -0.007499 	 0.000214
22.508391 	 4.239716 	 -0.021177 	 -0.012939
22.458540 	 4.317780 	 0.000330 	 -0.002106
22.417300 	 4.260406 	 0.016906 	 0.029419
22.367903 	 4.081573 	 -0.002567 	 0.030182
22.320319 	 4.301544 	 -0.018216 	 0.005768
22.275906 	 4.138855 	 -0.015627 	 -0.009247
22.230135 	 4.009399 	 -0.015734 	 -0.014130
22.183003 	 4.106506 	 0.024352 	 0.025208
22.137685 	 4.116486 	 -0.021902 	 0.011627
22.086928 	 4.160431 	 0.018429 	 0.028870
22.040250 	 4.141815 	 0.007819 	 0.041321
21.998557 	 4.099854 	 -0.021604 	 0.010773
21.952785 	 4.169708 	 -0.041354 	 -0.034088
21.905200 	 4.025116 	 -0.012346 	 -0.031403
21.863960 	 4.218384 	 -0.009183 	 -0.014191
21.815469 	 3.998596 	 -0.018461 	 -0.015717
21.768338 	 4.217712 	 -0.005305 	 -0.007507
21.723926 	 4.174408 	 0.009992 	 0.017090
21.676341 	 4.306335 	 -0.028506 	 -0.004608
21.629210 	 4.139404 	 0.005678 	 0.004944
21.583891 	 4.273376 	 -0.024703 	 -0.009064
21.537213 	 4.184326 	 -0.007521 	 -0.009186
21.491441 	 4.266724 	 0.007404 	 0.012848
21.441591 	 4.125397 	 -0.017396 	 0.003265
21.398538 	 4.136658 	 0.008586 	 0.016327
21.350047 	 4.155579 	 -0.012762 	 0.010498
21.304276 	 4.086670 	 -0.001587 	 0.010651
21.256238 	 4.183807 	 -0.012432 	 0.003723
21.210466 	 4.193756 	 -0.021327 	 -0.012634
21.164241 	 4.234589 	 -0.040597 	 -0.043121
21.118922 	 4.160553 	 -0.010621 	 -0.032623
21.071791 	 4.037476 	 -0.001822 	 -0.007416
21.028738 	 4.132385 	 -0.011025 	 -0.003143
20.981154 	 4.017517 	 -0.031511 	 -0.026062
20.934023 	 4.099548 	 -0.010365 	 -0.023163
20.886438 	 4.367798 	 -0.044965 	 -0.048584
20.840666 	 4.192535 	 0.014988 	 -0.012573
20.791722 	 4.163483 	 0.000756 	 0.014282
20.748216 	 4.153748 	 -0.026706 	 -0.009216
20.703804 	 4.228241 	 0.002269 	 -0.000214
20.654860 	 4.156158 	 -0.015052 	 -0.001587
20.606822 	 4.109650 	 0.012325 	 0.018036
20.561957 	 4.240723 	 0.007020 	 0.032501
20.514372 	 4.155701 	 0.009513 	 0.040009
20.470866 	 4.064423 	 -0.001864 	 0.031982
20.425095 	 4.170502 	 -0.017215 	 0.007660
20.377057 	 4.055908 	 0.015137 	 0.025116
20.328566 	 4.092621 	 0.006434 	 0.035828
20.283701 	 4.225250 	 0.009950 	 0.041962
20.238835 	 4.117981 	 0.016895 	 0.052826
20.191704 	 4.102661 	 0.002706 	 0.045410
20.145932 	 4.019592 	 0.004602 	 0.038757
20.098801 	 4.227539 	 -0.012709 	 0.018066
20.055295 	 4.183838 	 -0.028230 	 -0.013062
20.003178 	 4.178986 	 -0.000202 	 -0.004028
19.960579 	 4.156586 	 0.004463 	 0.016144
19.916167 	 4.135498 	 -0.018163 	 0.003326
19.868582 	 4.204651 	 -0.026142 	 -0.020599
19.819185 	 4.177765 	 -0.039852 	 -0.049011
19.770241 	 3.989624 	 -0.034387 	 -0.061615
19.727188 	 4.186951 	 -0.031585 	 -0.062805
19.679604 	 4.084351 	 -0.018866 	 -0.047729
19.633379 	 4.274323 	 -0.020783 	 -0.038727
19.584435 	 4.021027 	 -0.005198 	 -0.019958
19.541835 	 4.081665 	 -0.017076 	 -0.016571
19.497876 	 4.266418 	 -0.010866 	 -0.011780
19.449385 	 4.080261 	 -0.008895 	 -0.006653
19.400894 	 4.055573 	 0.016022 	 0.022461
19.357388 	 4.244995 	 -0.029465 	 -0.001190
19.308897 	 4.319489 	 -0.005039 	 -0.004791
19.262219 	 4.256989 	 -0.019761 	 -0.011475
19.212822 	 4.254303 	 -0.033503 	 -0.035400
19.171129 	 4.166931 	 0.020687 	 0.005280
19.123091 	 4.127502 	 -0.013241 	 0.010376
19.078679 	 4.201050 	 -0.027654 	 -0.016968
19.032454 	 4.174164 	 -0.007127 	 -0.012756
18.985776 	 4.153015 	 0.008852 	 0.014008
18.937738 	 4.126617 	 -0.010919 	 0.010345
18.890607 	 4.190308 	 0.028411 	 0.042877
18.844382 	 4.119354 	 0.018397 	 0.063019
18.799063 	 4.138733 	 0.007659 	 0.055237
18.751479 	 4.136566 	 0.007041 	 0.046326
18.705707 	 4.055420 	 -0.002109 	 0.033844
18.659482 	 4.249634 	 -0.009971 	 0.016693
18.611444 	 4.291443 	 0.021103 	 0.037628
18.567485 	 4.182465 	 0.001949 	 0.040070
18.519901 	 4.096191 	 -0.029242 	 0.000305
18.473222 	 4.024719 	 -0.005113 	 -0.003876
18.428357 	 4.092834 	 -0.001001 	 0.007019
18.382132 	 4.138977 	 -0.007468 	 0.007416
18.334547 	 4.265900 	 -0.012176 	 0.000580
18.290588 	 4.026550 	 -0.024320 	 -0.017212
18.242097 	 4.180511 	 0.006306 	 0.001770
18.194966 	 4.158508 	 -0.017119 	 -0.001770
18.150101 	 4.213776 	 -0.034536 	 -0.030975
18.102516 	 4.083801 	 -0.029465 	 -0.045349
18.054478 	 4.144501 	 -0.019707 	 -0.039673
18.011426 	 4.156464 	 -0.003441 	 -0.016724
17.962029 	 4.119568 	 0.024853 	 0.030182
17.914897 	 4.178619 	 0.000000 	 0.036407
17.869579 	 4.129608 	 0.011334 	 0.040527
17.826073 	 4.200439 	 0.022062 	 0.059387
17.779395 	 4.046661 	 -0.022349 	 0.024994
17.731357 	 4.191772 	 -0.016565 	 -0.002472
17.685585 	 4.163605 	 -0.037764 	 -0.034637
17.638454 	 4.092377 	 -0.010013 	 -0.028229
17.594041 	 4.191132 	 -0.025950 	 -0.030640
17.544644 	 4.318085 	 0.005081 	 -0.006165
17.498419 	 4.238800 	 -0.035654 	 -0.024048
17.450381 	 4.142944 	 -0.015425 	 -0.027649
17.409142 	 4.241547 	 -0.020400 	 -0.028229
17.360197 	 4.106415 	 -0.004591 	 -0.013550
17.311707 	 4.291626 	 -0.041407 	 -0.037872
17.270920 	 4.251709 	 -0.005422 	 -0.025360
17.221069 	 4.177856 	 0.000778 	 -0.000305
17.173938 	 3.992401 	 -0.005454 	 0.005859
17.129073 	 4.160126 	 -0.004240 	 0.008362
17.079675 	 4.127258 	 0.013593 	 0.029053
17.033450 	 4.158997 	 -0.001822 	 0.029480
16.989038 	 4.170746 	 -0.062478 	 -0.040710
16.938734 	 4.111359 	 0.002631 	 -0.027985
16.894775 	 4.180664 	 -0.012741 	 -0.011993
16.850816 	 3.972351 	 -0.010003 	 -0.008392
16.804591 	 4.180542 	 -0.009896 	 -0.005798
16.754741 	 4.223755 	 -0.042451 	 -0.038239
16.708063 	 4.164673 	 -0.024320 	 -0.047424
16.662744 	 4.222015 	 -0.028123 	 -0.048035
16.616972 	 4.152740 	 0.002099 	 -0.017487
16.568935 	 4.190308 	 -0.017502 	 -0.012451
16.524522 	 4.238861 	 -0.022935 	 -0.023895
16.478297 	 4.147919 	 0.000511 	 -0.006958
16.434338 	 4.198578 	 -0.001726 	 0.007568
16.384035 	 4.183899 	 -0.014211 	 0.001038
16.337810 	 4.197845 	 0.006679 	 0.014069
16.290678 	 4.157532 	 -0.034216 	 -0.013885
16.247173 	 4.188629 	 0.006328 	 -0.001923
16.197322 	 4.064667 	 -0.011302 	 0.001923
16.152910 	 4.276001 	 -0.009087 	 -0.001190
16.104872 	 4.193817 	 0.004559 	 0.013550
16.061366 	 4.192627 	 0.023404 	 0.044312
16.011516 	 4.175171 	 -0.024288 	 0.016266
15.965291 	 4.083649 	 -0.003590 	 0.006195
15.919066 	 4.024719 	 -0.001225 	 0.012299
15.873294 	 4.064850 	 -0.036102 	 -0.019257
15.826616 	 4.134583 	 -0.040171 	 -0.052399
15.782204 	 4.081238 	 -0.015809 	 -0.043182
15.734619 	 4.046448 	 -0.020368 	 -0.034119
15.688394 	 4.065521 	 -0.055298 	 -0.066772
15.640356 	 4.173248 	 -0.005326 	 -0.043915
15.595038 	 4.143738 	 -0.019782 	 -0.029633
15.548360 	 4.057404 	 -0.041556 	 -0.052490
15.502588 	 4.213715 	 -0.018834 	 -0.047791
15.458176 	 4.220673 	 0.001939 	 -0.014954
15.410591 	 4.260742 	 -0.006519 	 -0.000854
15.363460 	 4.194489 	 -0.002471 	 0.005585
15.316328 	 4.207703 	 -0.016469 	 -0.003204
15.270103 	 4.112457 	 -0.000320 	 0.003815
15.226144 	 4.183929 	 0.001150 	 0.015686
15.181732 	 4.075745 	 -0.022690 	 -0.001373
15.130069 	 4.141602 	 -0.019079 	 -0.018280
15.086110 	 4.158844 	 -0.017982 	 -0.021484
15.040338 	 4.089447 	 0.002951 	 -0.001068
14.992300 	 4.234833 	 -0.036443 	 -0.025818
14.948795 	 4.307556 	 -0.007872 	 -0.022125
14.899850 	 4.181458 	 -0.017513 	 -0.018494
14.850906 	 4.324371 	 0.013028 	 0.010284
14.804681 	 4.172699 	 0.012101 	 0.034943
14.761176 	 4.277374 	 -0.008053 	 0.024384
14.713138 	 4.106934 	 0.002780 	 0.023437
14.667366 	 4.192566 	 -0.025588 	 -0.002625
14.622501 	 4.125427 	 -0.014083 	 -0.012665
14.572650 	 4.186646 	 -0.006903 	 -0.005371
14.529144 	 4.375336 	 -0.022179 	 -0.015564
14.482466 	 4.155792 	 -0.012059 	 -0.016174
14.434882 	 4.089417 	 0.021188 	 0.022736
14.391829 	 4.299347 	 -0.024693 	 0.005798
14.342885 	 4.184570 	 -0.031574 	 -0.027130
14.294847 	 4.186737 	 -0.004197 	 -0.014923
14.251794 	 4.245728 	 -0.047074 	 -0.044556
14.205116 	 4.029266 	 -0.007883 	 -0.034088
14.158891 	 4.199310 	 -0.021359 	 -0.028015
14.111760 	 4.145447 	 -0.015297 	 -0.024750
14.065082 	 4.061493 	 -0.023617 	 -0.029388
14.016138 	 4.219604 	 -0.031532 	 -0.042725
13.972632 	 4.177979 	 -0.014307 	 -0.033569
13.926860 	 4.168579 	 -0.008554 	 -0.016754
13.880635 	 4.301544 	 -0.028240 	 -0.027344
13.832597 	 4.125275 	 -0.017673 	 -0.029510
13.787279 	 4.153229 	 -0.008490 	 -0.016815
13.739241 	 4.071503 	 -0.009449 	 -0.007812
13.695735 	 4.076599 	 -0.011505 	 -0.007233
13.647697 	 4.224701 	 0.001300 	 0.005768
13.598753 	 4.141663 	 -0.029167 	 -0.014526
13.556607 	 4.169830 	 -0.044379 	 -0.052277
13.507210 	 4.183563 	 -0.004932 	 -0.033264
13.459625 	 4.158386 	 -0.015042 	 -0.019501
13.416573 	 4.025848 	 -0.007286 	 -0.009766
13.368535 	 4.147675 	 -0.001257 	 0.003296
13.321404 	 4.157990 	 -0.012027 	 0.000580
13.274725 	 4.175690 	 -0.010386 	 -0.003754
13.230313 	 4.120697 	 -0.027249 	 -0.022156
13.180916 	 4.236816 	 0.012037 	 0.004028
13.135597 	 4.227783 	 -0.031734 	 -0.014282
13.089372 	 4.251831 	 -0.060646 	 -0.069641
13.043147 	 4.271454 	 -0.009843 	 -0.053467
12.996016 	 4.195343 	 0.022498 	 0.008789
12.952057 	 4.172333 	 -0.046861 	 -0.023285
12.904472 	 4.183777 	 -0.008778 	 -0.026611
12.859607 	 3.980621 	 -0.026237 	 -0.030426
12.810210 	 4.162842 	 0.002290 	 -0.009949
12.765797 	 4.152710 	 0.001300 	 0.010864
12.716400 	 4.155548 	 -0.013145 	 0.004456
12.673347 	 4.235687 	 0.014775 	 0.024109
12.625763 	 4.030426 	 -0.019217 	 0.009277
12.581351 	 4.092804 	 0.005582 	 0.013611
12.532860 	 4.203674 	 -0.012474 	 0.007355
12.486635 	 4.219391 	 -0.019675 	 -0.009552
12.442223 	 4.289551 	 -0.004559 	 -0.003479
12.392372 	 4.156311 	 0.008511 	 0.018433
12.345694 	 4.217896 	 -0.024799 	 -0.001068
12.298109 	 4.125641 	 -0.009449 	 -0.006958
12.254604 	 4.234802 	 -0.038328 	 -0.033905
12.209738 	 4.129639 	 -0.020389 	 -0.038605
12.162154 	 4.101227 	 -0.033013 	 -0.047272
12.115929 	 4.069763 	 -0.018333 	 -0.040588
12.066531 	 4.161377 	 0.009641 	 -0.002960
12.023026 	 4.195587 	 -0.016703 	 -0.002289
11.974988 	 4.200989 	 -0.022648 	 -0.017517
11.930576 	 4.205383 	 -0.029263 	 -0.033691
11.883897 	 4.118469 	 -0.016331 	 -0.032104
11.838579 	 4.030396 	 -0.021657 	 -0.030670
11.789635 	 4.137878 	 0.005188 	 -0.004608
11.742050 	 4.101288 	 -0.005763 	 0.006714
11.698091 	 4.185730 	 -0.007233 	 0.005280
11.650960 	 4.157288 	 -0.003920 	 0.007263
11.604735 	 4.076996 	 -0.028421 	 -0.015198
11.560323 	 4.203308 	 0.012027 	 0.006805
11.511378 	 4.234772 	 -0.039127 	 -0.019470
11.465607 	 4.172577 	 -0.027654 	 -0.040466
11.416209 	 4.127563 	 -0.051793 	 -0.068604
11.374516 	 4.099548 	 -0.025598 	 -0.065186
11.325119 	 4.261688 	 -0.039127 	 -0.067535
11.278894 	 4.299255 	 -0.043420 	 -0.079224
11.232216 	 4.202423 	 -0.014775 	 -0.055817
11.185538 	 4.126282 	 -0.061349 	 -0.083130
11.142032 	 3.993042 	 -0.057727 	 -0.110229
11.093541 	 4.116547 	 -0.032533 	 -0.094238
11.048222 	 4.177643 	 -0.014040 	 -0.057953
10.999731 	 4.299377 	 -0.015830 	 -0.035431
10.953960 	 4.103729 	 -0.011963 	 -0.022614
10.909094 	 4.218781 	 -0.013348 	 -0.015869
10.861057 	 4.237640 	 -0.012954 	 -0.013275
10.816191 	 4.026337 	 -0.004506 	 -0.003998
10.769060 	 4.013672 	 -0.018642 	 -0.011261
10.723288 	 4.124054 	 -0.019121 	 -0.019836
10.674344 	 4.103638 	 -0.001949 	 -0.006195
10.626759 	 4.110626 	 -0.026727 	 -0.018799
10.582347 	 4.107025 	 -0.031905 	 -0.040527
10.538841 	 4.189606 	 0.001672 	 -0.016663
10.488991 	 4.210815 	 -0.023660 	 -0.018433
10.444125 	 4.076935 	 -0.016948 	 -0.022217
10.397900 	 4.047577 	 -0.022307 	 -0.028656
10.350316 	 4.142395 	 -0.019888 	 -0.030426
10.303638 	 4.050903 	 -0.018291 	 -0.027802
10.258772 	 4.125305 	 0.002237 	 -0.004761
10.211641 	 4.078278 	 -0.010322 	 0.002106
10.162697 	 4.089325 	 -0.001225 	 0.007538
10.120097 	 4.084412 	 -0.010972 	 0.005768
10.073419 	 4.150604 	 -0.008341 	 0.002136
10.025381 	 4.209564 	 0.009705 	 0.020081
9.982329 	 4.214081 	 -0.050728 	 -0.027222
9.934744 	 4.263092 	 0.001438 	 -0.019745
9.887613 	 4.179840 	 -0.040352 	 -0.036591
9.841388 	 4.034821 	 -0.009417 	 -0.030273
9.794710 	 4.245300 	 -0.051708 	 -0.058594
9.745766 	 4.110748 	 -0.039468 	 -0.076447
9.700900 	 4.155762 	 -0.023734 	 -0.062866
9.654222 	 4.277771 	 -0.014264 	 -0.040833
9.610263 	 4.154694 	 -0.031596 	 -0.044678
9.564491 	 4.022186 	 -0.017279 	 -0.038635
9.516454 	 4.146454 	 -0.005561 	 -0.017334
9.469322 	 4.162262 	 -0.030648 	 -0.029419
9.423550 	 4.150421 	 -0.025215 	 -0.039581
9.376872 	 4.166443 	 0.005486 	 -0.009979
9.330647 	 4.252350 	 -0.015137 	 -0.005981
9.285782 	 4.097534 	 0.006828 	 0.011414
9.242276 	 4.161469 	 -0.041343 	 -0.022461
9.187894 	 4.026642 	 -0.000234 	 -0.014526
9.143935 	 4.228088 	 -0.033140 	 -0.027374
9.100429 	 4.003662 	 -0.016767 	 -0.029724
9.049672 	 4.190369 	 -0.039915 	 -0.049683
9.004353 	 4.219421 	 -0.020762 	 -0.045288
8.959488 	 4.170410 	 -0.042909 	 -0.061615
8.911450 	 4.172821 	 -0.048864 	 -0.083862
8.866585 	 4.084564 	 -0.030552 	 -0.076691
8.819000 	 4.203674 	 -0.018727 	 -0.052887
8.772775 	 4.113586 	 -0.025694 	 -0.044403
8.726097 	 4.168579 	 -0.063223 	 -0.083466
8.679872 	 3.937653 	 -0.007585 	 -0.059174
8.632288 	 4.221191 	 -0.026024 	 -0.044128
8.586063 	 4.272522 	 -0.032256 	 -0.051819
8.541650 	 4.105682 	 -0.028357 	 -0.054230
8.495879 	 4.072998 	 -0.012794 	 -0.035339
8.450107 	 4.047638 	 0.011697 	 0.003052
8.404788 	 4.121033 	 -0.028613 	 -0.010986
8.357657 	 4.178650 	 -0.017694 	 -0.023193
8.309166 	 4.063141 	 -0.032991 	 -0.040070
8.263394 	 4.203918 	 -0.038967 	 -0.059540
8.218076 	 4.036499 	 -0.065567 	 -0.098267
8.172304 	 4.108490 	 -0.036208 	 -0.095551
8.123813 	 4.096680 	 -0.001822 	 -0.046417
8.076682 	 4.109680 	 -0.006125 	 -0.015411
8.030910 	 4.182220 	 -0.018024 	 -0.015564
7.985591 	 4.160797 	 -0.062105 	 -0.066864
7.939819 	 4.128723 	 -0.037529 	 -0.082855
7.889969 	 4.095581 	 -0.022083 	 -0.062378
7.847823 	 4.151733 	 -0.027558 	 -0.054565
7.799785 	 4.222870 	 -0.031042 	 -0.056183
7.752654 	 4.072754 	 -0.036006 	 -0.062561
7.705522 	 4.084412 	 -0.003611 	 -0.033722
7.659297 	 4.171692 	 -0.052411 	 -0.058868
7.612166 	 4.170319 	 -0.030882 	 -0.066803
7.567754 	 4.230591 	 -0.028794 	 -0.061798
7.520622 	 4.096649 	 -0.040896 	 -0.069855
7.472585 	 4.218048 	 -0.040320 	 -0.077515
7.429985 	 4.111511 	 -0.023138 	 -0.063019
7.382401 	 4.130402 	 -0.012762 	 -0.039520
7.334816 	 4.111145 	 -0.029998 	 -0.041748
7.289044 	 4.301392 	 -0.045721 	 -0.066315
7.241006 	 4.219971 	 -0.060060 	 -0.098694
7.195235 	 4.169556 	 -0.048139 	 -0.105225
7.150822 	 4.075592 	 -0.019271 	 -0.075623
7.102785 	 4.149414 	 -0.033588 	 -0.064545
7.055653 	 4.147156 	 -0.020826 	 -0.051666
7.013507 	 4.152649 	 -0.016203 	 -0.035828
6.963657 	 4.147583 	 -0.023990 	 -0.035492
6.916072 	 4.144531 	 -0.022690 	 -0.036621
6.874379 	 4.221741 	 -0.075836 	 -0.091736
6.827248 	 4.179779 	 -0.061977 	 -0.124878
6.776038 	 4.140381 	 -0.056725 	 -0.128815
6.732532 	 4.170319 	 -0.053561 	 -0.124664
6.684494 	 4.072266 	 -0.063032 	 -0.131470
6.638722 	 4.024750 	 -0.020954 	 -0.094025
6.592044 	 4.221405 	 -0.048054 	 -0.088989
6.546725 	 4.035858 	 -0.010290 	 -0.058167
6.498688 	 4.166016 	 -0.032459 	 -0.051117
6.452463 	 4.179901 	 -0.060624 	 -0.087341
6.407597 	 4.251648 	 -0.052123 	 -0.105560
6.363638 	 4.163666 	 -0.046999 	 -0.104614
6.316960 	 4.137634 	 -0.033002 	 -0.088562
6.268922 	 4.197388 	 -0.047852 	 -0.090759
6.223604 	 4.078552 	 -0.050707 	 -0.100433
6.173753 	 4.215424 	 -0.024171 	 -0.079071
6.130247 	 4.103485 	 -0.030190 	 -0.064636
6.081757 	 4.160522 	 -0.044017 	 -0.074677
6.034172 	 4.124939 	 -0.025417 	 -0.065735
5.985228 	 4.052643 	 -0.067176 	 -0.097687
5.941269 	 4.214874 	 -0.057141 	 -0.118774
5.895950 	 4.113495 	 -0.043111 	 -0.108398
5.848819 	 4.081360 	 -0.019345 	 -0.074493
5.804407 	 3.967377 	 -0.042760 	 -0.074310
5.759088 	 4.152557 	 -0.040523 	 -0.081177
5.710597 	 4.069092 	 -0.044091 	 -0.086090
5.662560 	 4.151886 	 -0.052379 	 -0.098419
5.618600 	 4.044708 	 -0.040374 	 -0.094421
5.572829 	 4.192657 	 -0.054392 	 -0.102264
5.524791 	 4.162567 	 -0.026813 	 -0.083344
5.478566 	 4.116669 	 -0.066089 	 -0.105499
5.429622 	 4.126190 	 -0.039042 	 -0.102448
5.384303 	 4.189545 	 -0.065237 	 -0.117218
5.337625 	 4.041595 	 -0.058494 	 -0.126801
5.292760 	 4.103607 	 -0.063064 	 -0.135132
5.247894 	 4.066864 	 -0.083250 	 -0.161285
5.201669 	 4.064636 	 -0.069764 	 -0.166382
5.155444 	 4.225555 	 -0.052187 	 -0.144653
5.108313 	 4.182648 	 -0.066164 	 -0.143402
5.057556 	 4.166412 	 -0.063958 	 -0.146393
5.012691 	 4.155670 	 -0.040480 	 -0.122131
4.966466 	 4.229401 	 -0.068869 	 -0.131378
4.922054 	 4.172424 	 -0.090654 	 -0.170013
4.874469 	 4.004364 	 -0.083005 	 -0.187531
4.831416 	 4.212463 	 -0.050494 	 -0.157990
4.782925 	 4.122650 	 -0.064683 	 -0.146423
4.737154 	 4.138580 	 -0.069626 	 -0.153351
4.689116 	 4.091156 	 -0.078989 	 -0.167664
4.641985 	 4.195435 	 -0.061274 	 -0.159729
4.595760 	 4.101196 	 -0.066792 	 -0.155365
4.549988 	 4.087067 	 -0.049194 	 -0.134430
4.502856 	 4.188538 	 -0.079916 	 -0.152100
4.457085 	 4.063354 	 -0.114782 	 -0.209259
4.409047 	 4.116455 	 -0.098878 	 -0.232117
4.364182 	 4.046295 	 -0.068369 	 -0.202942
4.317957 	 4.092712 	 -0.074313 	 -0.185028
4.271278 	 3.995392 	 -0.097621 	 -0.203583
4.226866 	 4.045380 	 -0.080364 	 -0.202698
4.177016 	 4.158417 	 -0.089791 	 -0.205414
4.132150 	 4.201019 	 -0.100391 	 -0.222137
4.086378 	 4.038727 	 -0.110915 	 -0.244202
4.038341 	 4.093933 	 -0.107986 	 -0.255188
3.990303 	 4.068634 	 -0.098707 	 -0.248383
3.944984 	 4.045837 	 -0.093605 	 -0.237091
3.900119 	 4.065216 	 -0.070872 	 -0.206879
3.854347 	 4.179657 	 -0.097695 	 -0.211609
3.809029 	 4.049561 	 -0.079160 	 -0.204834
3.760085 	 4.135315 	 -0.103576 	 -0.220337
3.713860 	 4.166473 	 -0.068720 	 -0.200958
3.668541 	 4.146454 	 -0.088992 	 -0.198578
3.621410 	 4.106445 	 -0.140615 	 -0.260773
3.575638 	 4.075104 	 -0.121376 	 -0.289215
3.529413 	 4.108398 	 -0.121653 	 -0.292297
3.482735 	 4.046448 	 -0.106974 	 -0.280731
3.433337 	 4.115509 	 -0.128748 	 -0.291473
3.390738 	 4.000763 	 -0.104044 	 -0.280334
3.345419 	 4.047668 	 -0.134649 	 -0.297241
3.297382 	 4.056183 	 -0.118532 	 -0.300110
3.252063 	 4.110596 	 -0.105941 	 -0.282806
3.204932 	 4.057373 	 -0.140306 	 -0.304749
3.157347 	 4.046021 	 -0.117424 	 -0.304993
3.112482 	 4.039581 	 -0.143065 	 -0.322876
3.066710 	 4.086609 	 -0.119608 	 -0.316772
3.021391 	 4.036682 	 -0.100540 	 -0.283905
2.973354 	 4.039276 	 -0.125797 	 -0.288483
2.927129 	 4.044617 	 -0.106963 	 -0.280823
2.881810 	 3.984283 	 -0.123709 	 -0.287567
2.835132 	 4.051056 	 -0.132562 	 -0.306030
2.787547 	 4.200745 	 -0.147347 	 -0.332825
2.742229 	 4.053314 	 -0.123635 	 -0.326294
2.694644 	 3.951447 	 -0.135161 	 -0.326508
2.646606 	 3.957214 	 -0.113440 	 -0.310516
2.599475 	 4.098083 	 -0.146346 	 -0.328064
2.555969 	 3.936523 	 -0.173510 	 -0.376343
2.509291 	 3.888245 	 -0.136024 	 -0.372101
2.463066 	 4.007507 	 -0.155667 	 -0.372070
2.415028 	 4.135468 	 -0.159981 	 -0.385956
2.370163 	 4.097595 	 -0.122367 	 -0.355560
2.324844 	 4.085480 	 -0.171966 	 -0.377502
2.279979 	 4.046417 	 -0.135150 	 -0.369659
2.230582 	 4.013885 	 -0.181766 	 -0.399384
2.183450 	 3.752991 	 -0.426979 	 -0.686951
2.137679 	 3.560364 	 -0.400838 	 -0.890778
2.090094 	 3.543579 	 -0.385306 	 -0.952515
2.042509 	 3.570648 	 -0.384007 	 -0.974609
1.998550 	 3.684692 	 -0.374803 	 -0.973572
1.950060 	 3.514557 	 -0.338456 	 -0.932159
1.908366 	 3.602753 	 -0.317683 	 -0.876251
1.858969 	 3.635712 	 -0.299243 	 -0.825439
1.811385 	 3.580566 	 -0.316266 	 -0.812866
1.764706 	 3.614471 	 -0.348629 	 -0.848358
1.720747 	 3.620087 	 -0.336016 	 -0.864777
1.668631 	 3.617096 	 -0.335153 	 -0.865509
1.624672 	 3.544281 	 -0.330562 	 -0.860260
1.581619 	 3.588440 	 -0.329657 	 -0.855469
1.535394 	 3.577271 	 -0.307350 	 -0.828918
1.487357 	 3.661774 	 -0.301875 	 -0.802673
1.439772 	 3.466309 	 -0.310812 	 -0.797821
1.393547 	 3.549164 	 -0.267562 	 -0.755371
1.350041 	 3.564270 	 -0.323489 	 -0.776550
1.300191 	 3.637268 	 -0.267275 	 -0.751282
1.256232 	 3.653900 	 -0.271334 	 -0.719849
1.208647 	 3.538239 	 -0.320527 	 -0.759918
1.162875 	 3.705566 	 -0.293725 	 -0.769287
1.115291 	 3.596313 	 -0.251860 	 -0.718018
1.068613 	 3.628601 	 -0.254332 	 -0.680206
1.024654 	 3.634125 	 -0.241357 	 -0.651825
0.976616 	 3.416046 	 -0.260510 	 -0.653412
0.930391 	 3.552368 	 -0.274167 	 -0.676422
0.885526 	 3.458557 	 -0.245021 	 -0.661407
0.837488 	 3.525787 	 -0.214736 	 -0.610901
0.791716 	 3.639771 	 -0.229351 	 -0.591797
0.743225 	 3.537170 	 -0.191183 	 -0.549072
0.697906 	 3.392273 	 -0.139869 	 -0.459656
0.651682 	 3.508881 	 -0.145867 	 -0.406830
0.602737 	 3.380402 	 -0.115858 	 -0.353241
0.558325 	 3.444031 	 -0.048022 	 -0.245605
0.512553 	 3.381897 	 -0.073226 	 -0.197021
0.464969 	 3.246643 	 -0.068646 	 -0.182037
0.420103 	 3.269897 	 0.026323 	 -0.071167
0.373878 	 3.295380 	 0.006093 	 -0.003479
0.325841 	 2.779175 	 0.185899 	 0.205841
0.280069 	 2.471313 	 0.250380 	 0.440063
0.231125 	 2.500854 	 0.230278 	 0.550446
0.186713 	 2.043579 	 0.728407 	 1.114746
0.140941 	 1.938293 	 0.523173 	 1.353149
0.094716 	 1.513916 	 0.774213 	 1.640015
0.048944 	 1.183502 	 1.023346 	 2.134277
0.000000 	 0.728333 	 1.051821 	 2.487000
0.051210 	 1.022736 	 1.029642 	 2.632202
0.091997 	 1.060577 	 0.937667 	 2.595093
0.141847 	 0.952423 	 1.002116 	 2.615601
0.189432 	 1.447571 	 0.740210 	 2.366028
0.233844 	 1.303375 	 0.966791 	 2.391571
0.279163 	 1.533539 	 0.719735 	 2.238190
0.326747 	 1.724457 	 0.740476 	 2.089325
0.371613 	 2.047272 	 0.600021 	 1.885956
0.420103 	 1.942596 	 0.689535 	 1.830841
0.465875 	 1.903259 	 0.594162 	 1.743408
0.514819 	 1.976715 	 0.585725 	 1.654083
0.556512 	 2.278564 	 0.523588 	 1.546783
0.604550 	 2.128448 	 0.571376 	 1.523743
0.651228 	 2.564850 	 0.348096 	 1.298584
0.698360 	 2.585785 	 0.244968 	 0.998566
0.744585 	 2.973999 	 -0.026067 	 0.539795
0.789450 	 3.047302 	 -0.085370 	 0.161743
0.837488 	 2.942230 	 -0.085370 	 -0.030945
0.885979 	 3.084167 	 -0.036166 	 -0.068329
0.931750 	 3.167206 	 -0.114420 	 -0.147186
0.977069 	 3.235809 	 -0.095501 	 -0.196045
1.022388 	 3.399597 	 -0.099613 	 -0.214691
1.067706 	 3.433228 	 -0.115187 	 -0.241821
1.114384 	 3.436829 	 -0.161920 	 -0.309845
1.162875 	 3.473389 	 -0.149702 	 -0.347015
1.208647 	 3.340363 	 -0.151917 	 -0.362122
1.256685 	 3.430939 	 -0.167609 	 -0.385498
1.300191 	 3.455261 	 -0.155795 	 -0.390686
1.350041 	 3.478394 	 -0.189255 	 -0.423553
1.395360 	 3.536926 	 -0.184333 	 -0.446747
1.442038 	 3.545197 	 -0.166629 	 -0.437042
1.487357 	 3.552216 	 -0.142149 	 -0.399719
1.533128 	 3.672424 	 -0.150437 	 -0.381592
1.580713 	 3.554352 	 -0.199375 	 -0.428467
1.629657 	 3.473236 	 -0.176408 	 -0.445343
1.672710 	 3.469452 	 -0.187391 	 -0.454773
1.718028 	 3.580048 	 -0.189319 	 -0.466125
1.765160 	 3.494080 	 -0.216568 	 -0.500732
1.810025 	 3.673248 	 -0.171145 	 -0.479187
1.859875 	 3.710480 	 -0.213287 	 -0.495392
1.903381 	 3.703125 	 -0.230790 	 -0.538940
1.950513 	 3.669067 	 -0.222789 	 -0.556519
1.995831 	 3.597412 	 -0.214470 	 -0.553070
2.042963 	 3.716980 	 -0.233059 	 -0.568268
2.091907 	 3.567535 	 -0.227370 	 -0.575836
2.137225 	 3.590302 	 -0.245703 	 -0.596985
2.182997 	 3.564362 	 -0.163571 	 -0.528259
2.230582 	 3.612732 	 -0.247408 	 -0.550201
2.279073 	 3.680573 	 -0.281677 	 -0.631226
2.321219 	 3.685150 	 -0.255312 	 -0.653778
2.369257 	 3.602966 	 -0.271099 	 -0.669403
2.413216 	 3.577271 	 -0.250880 	 -0.661530
2.458534 	 3.671478 	 -0.272953 	 -0.673157
2.507932 	 3.635315 	 -0.257102 	 -0.671143
2.554156 	 3.562561 	 -0.288836 	 -0.697052
2.603101 	 3.736450 	 -0.289166 	 -0.721558
2.647060 	 3.724274 	 -0.276617 	 -0.718597
2.694191 	 3.626709 	 -0.285629 	 -0.723145
2.740416 	 3.651031 	 -0.314093 	 -0.758209
2.786641 	 3.546204 	 -0.293353 	 -0.763855
2.833319 	 3.462219 	 -0.332661 	 -0.799652
2.881810 	 3.602783 	 -0.307893 	 -0.805511
2.926675 	 3.532135 	 -0.342461 	 -0.835968
2.972447 	 3.737335 	 -0.293459 	 -0.810974
3.015500 	 3.629486 	 -0.297677 	 -0.783752
3.064897 	 3.690430 	 -0.310418 	 -0.787689
3.113388 	 3.723755 	 -0.344762 	 -0.830292
3.162785 	 3.788269 	 -0.353242 	 -0.871887
3.206291 	 3.570129 	 -0.349875 	 -0.890442
3.249344 	 3.589417 	 -0.374547 	 -0.923126
3.299194 	 3.538086 	 -0.389173 	 -0.962921
3.345419 	 3.618530 	 -0.312794 	 -0.908081
3.391644 	 3.488464 	 -0.354371 	 -0.895813
3.435603 	 3.418091 	 -0.422516 	 -0.978668
3.482281 	 3.710785 	 -0.377540 	 -0.996613
3.528053 	 3.513031 	 -0.360464 	 -0.967163
3.576997 	 3.607269 	 -0.394105 	 -0.982788
3.622769 	 3.522247 	 -0.345178 	 -0.953461
3.666728 	 3.637115 	 -0.355596 	 -0.930603
3.712953 	 3.524017 	 -0.387767 	 -0.957825
3.760991 	 3.550354 	 -0.399964 	 -0.996307
3.804950 	 3.571381 	 -0.391613 	 -1.009949
3.850269 	 3.604492 	 -0.406026 	 -1.027863
3.898306 	 3.546143 	 -0.395703 	 -1.031311
3.947250 	 3.529541 	 -0.406089 	 -1.038879
3.991663 	 3.572479 	 -0.414889 	 -1.056183
4.036528 	 3.484100 	 -0.374174 	 -1.024933
4.083206 	 3.565979 	 -0.390771 	 -1.010773
4.130338 	 3.580536 	 -0.450831 	 -1.074646
4.177469 	 3.510345 	 -0.406611 	 -1.081573
4.222787 	 3.550507 	 -0.395170 	 -1.054321
4.267200 	 3.564728 	 -0.435608 	 -1.080811
4.316144 	 3.607605 	 -0.439187 	 -1.112335
4.364182 	 3.494324 	 -0.421568 	 -1.109161
4.407687 	 3.598297 	 -0.415357 	 -1.094757
4.455725 	 3.546448 	 -0.407932 	 -1.077576
4.504216 	 3.569366 	 -0.443161 	 -1.104340
4.549988 	 3.565094 	 -0.405237 	 -1.091644
4.595306 	 3.540283 	 -0.425594 	 -1.090942
4.641078 	 3.625275 	 -0.437994 	 -1.111572
4.689116 	 3.551300 	 -0.408390 	 -1.095001
4.735794 	 3.401276 	 -0.439688 	 -1.107513
4.782472 	 3.505981 	 -0.421504 	 -1.107880
4.827791 	 3.533569 	 -0.404385 	 -1.084045
4.875375 	 3.443420 	 -0.466692 	 -1.129272
4.920694 	 3.525238 	 -0.420044 	 -1.126953
4.967372 	 3.615387 	 -0.449094 	 -1.136932
5.012238 	 3.522186 	 -0.419522 	 -1.123291
5.060728 	 3.618439 	 -0.431081 	 -1.115936
5.107860 	 3.555511 	 -0.455358 	 -1.141479
5.153178 	 3.698273 	 -0.454186 	 -1.165955
5.195778 	 3.559631 	 -0.407549 	 -1.125488
5.246535 	 3.425232 	 -0.390547 	 -1.070312
5.292307 	 3.595612 	 -0.419682 	 -1.069366
5.339891 	 3.489349 	 -0.441286 	 -1.103363
5.385663 	 3.569366 	 -0.421632 	 -1.107056
5.426903 	 3.589233 	 -0.392475 	 -1.070648
5.478566 	 3.473297 	 -0.386169 	 -1.036041
5.522978 	 3.532593 	 -0.388672 	 -1.020020
5.570563 	 3.659668 	 -0.357673 	 -0.981293
5.615428 	 3.615784 	 -0.405312 	 -1.001160
5.663919 	 3.726990 	 -0.392092 	 -1.015442
5.709691 	 3.587402 	 -0.379990 	 -1.004333
5.755916 	 3.688049 	 -0.397024 	 -1.011414
5.801688 	 3.660492 	 -0.347159 	 -0.970093
5.850179 	 4.033112 	 -0.053476 	 -0.624115
5.895497 	 4.153412 	 -0.047010 	 -0.343597
5.940816 	 4.184235 	 -0.027154 	 -0.195129
5.986134 	 4.189911 	 -0.029444 	 -0.121582
6.032812 	 4.203735 	 -0.014999 	 -0.074219
6.079944 	 4.028961 	 -0.023148 	 -0.055115
6.127982 	 4.216827 	 -0.028485 	 -0.054260
6.173300 	 3.991821 	 -0.001150 	 -0.026886
6.220885 	 4.159180 	 -0.050259 	 -0.053467
6.268016 	 4.216766 	 -0.046073 	 -0.081665
6.310616 	 4.160614 	 -0.025865 	 -0.072113
6.360919 	 4.017761 	 -0.036634 	 -0.069061
6.403519 	 4.136383 	 -0.056491 	 -0.093597
6.451556 	 4.096649 	 -0.062499 	 -0.119141
6.498235 	 4.096436 	 -0.057247 	 -0.127502
6.543100 	 4.323883 	 -0.020027 	 -0.090240
6.590685 	 4.183807 	 -0.063511 	 -0.103546
6.636909 	 4.204498 	 -0.062222 	 -0.125732
6.684494 	 4.141815 	 -0.045551 	 -0.117676
6.733438 	 4.070343 	 -0.064789 	 -0.127808
6.781023 	 4.174591 	 -0.060539 	 -0.135895
6.821809 	 4.183868 	 -0.049886 	 -0.126495
6.870300 	 4.070801 	 -0.027207 	 -0.093536
6.919244 	 4.134369 	 -0.035037 	 -0.077271
6.962750 	 4.199860 	 -0.066590 	 -0.106049
7.011694 	 4.087616 	 -0.062957 	 -0.128998
7.059279 	 4.190552 	 -0.062169 	 -0.137268
7.102332 	 4.105408 	 -0.076827 	 -0.155334
7.148557 	 4.127777 	 -0.046499 	 -0.137878
7.195688 	 4.035217 	 -0.067985 	 -0.140350
7.242819 	 4.175751 	 -0.093754 	 -0.178925
7.287231 	 4.096680 	 -0.053743 	 -0.161530
7.335269 	 4.302704 	 -0.066057 	 -0.151917
7.381041 	 4.120819 	 -0.025151 	 -0.110016
7.427266 	 4.247772 	 -0.073865 	 -0.124969
7.475304 	 4.052826 	 -0.043932 	 -0.120117
7.519263 	 4.255524 	 -0.058174 	 -0.121033
7.567754 	 4.128754 	 -0.079607 	 -0.147797
7.613525 	 4.092407 	 -0.066536 	 -0.157440
7.660204 	 4.334717 	 -0.039511 	 -0.127075
7.707335 	 4.118500 	 -0.045199 	 -0.108246
7.753560 	 4.151825 	 -0.071277 	 -0.129425
7.797972 	 4.070496 	 -0.040299 	 -0.116119
7.843744 	 4.145905 	 -0.047980 	 -0.106537
7.889969 	 4.116821 	 -0.033620 	 -0.092102
7.937553 	 4.143066 	 -0.057833 	 -0.102661
7.983325 	 4.022705 	 -0.079384 	 -0.140442
8.031816 	 4.168671 	 -0.043729 	 -0.128693
8.078494 	 4.197479 	 -0.047042 	 -0.113068
8.123813 	 4.078247 	 -0.055873 	 -0.116943
8.170038 	 4.204376 	 -0.029465 	 -0.094330
8.214903 	 4.105652 	 -0.057514 	 -0.102692
8.264301 	 4.177216 	 -0.027026 	 -0.086029
8.309166 	 4.170044 	 -0.072054 	 -0.113007
8.355391 	 4.140198 	 -0.060187 	 -0.130615
8.402069 	 4.054504 	 -0.063586 	 -0.137665
8.450560 	 4.251526 	 -0.054222 	 -0.131836
8.493613 	 4.113556 	 -0.064172 	 -0.135986
8.538025 	 4.089691 	 -0.072278 	 -0.151794
8.586516 	 4.139465 	 -0.041971 	 -0.129913
8.634554 	 4.205719 	 -0.025098 	 -0.089569
8.680325 	 4.097565 	 -0.057631 	 -0.099152
8.726550 	 4.169464 	 -0.061988 	 -0.121094
8.772322 	 4.075409 	 -0.067485 	 -0.138428
8.817641 	 4.145844 	 -0.026110 	 -0.103882
8.868398 	 4.273590 	 -0.084316 	 -0.132935
8.910091 	 4.129395 	 -0.051900 	 -0.136627
8.958128 	 4.146576 	 -0.058536 	 -0.132141
9.004807 	 4.145721 	 -0.063596 	 -0.137909
9.050578 	 4.073700 	 -0.020805 	 -0.097595
9.097256 	 4.180298 	 -0.026504 	 -0.067688
9.148013 	 3.994446 	 -0.060049 	 -0.092804
9.188800 	 4.149231 	 -0.026472 	 -0.081757
9.235478 	 4.139465 	 -0.049567 	 -0.087219
9.285329 	 4.107941 	 -0.044166 	 -0.092834
9.332460 	 4.219604 	 -0.049833 	 -0.100983
9.375966 	 4.100159 	 -0.077530 	 -0.134644
9.421738 	 4.188629 	 -0.070936 	 -0.153870
9.469775 	 4.220795 	 -0.048832 	 -0.137665
9.516000 	 4.234589 	 -0.024000 	 -0.094849
9.563132 	 4.218414 	 -0.040832 	 -0.083801
9.607544 	 4.155457 	 -0.056214 	 -0.100708
9.654675 	 4.096741 	 -0.027516 	 -0.084869
9.701353 	 4.249023 	 -0.031191 	 -0.069489
9.748485 	 4.145691 	 -0.047053 	 -0.081085
9.795616 	 4.232727 	 -0.044411 	 -0.089661
9.841388 	 4.159210 	 -0.055671 	 -0.103607
9.887613 	 4.116669 	 -0.024395 	 -0.081970
9.933385 	 4.106506 	 -0.037806 	 -0.073456
9.979610 	 4.187378 	 -0.041513 	 -0.079803
10.027647 	 4.092743 	 -0.057130 	 -0.100830
10.069794 	 4.153473 	 -0.040576 	 -0.098572
10.119191 	 4.255829 	 -0.044091 	 -0.094116
10.163150 	 4.082764 	 -0.031404 	 -0.081390
10.209828 	 4.179718 	 -0.031564 	 -0.070038
10.256960 	 4.219757 	 -0.038115 	 -0.072510
10.303185 	 4.153015 	 -0.042323 	 -0.081451
10.351222 	 4.157990 	 -0.034184 	 -0.077972
10.394728 	 4.075623 	 -0.021007 	 -0.058929
10.443672 	 4.197418 	 -0.042770 	 -0.067627
10.492163 	 4.218597 	 -0.057343 	 -0.095032
10.536122 	 4.060608 	 -0.071469 	 -0.128510
10.580534 	 4.184113 	 -0.012741 	 -0.086853
10.628119 	 4.125427 	 -0.045806 	 -0.079834
10.674344 	 4.209747 	 -0.051942 	 -0.096588
10.722835 	 4.112213 	 -0.062520 	 -0.117249
10.767700 	 4.232361 	 -0.009619 	 -0.075714
10.813019 	 4.195892 	 -0.030403 	 -0.057892
10.861963 	 4.163513 	 -0.038350 	 -0.067078
10.909547 	 4.168640 	 -0.052134 	 -0.088684
10.953960 	 4.166931 	 -0.018365 	 -0.067719
10.999731 	 4.161591 	 -0.033076 	 -0.059540
11.046410 	 4.139526 	 -0.042824 	 -0.072693
11.093994 	 4.137512 	 -0.032938 	 -0.071625
11.140219 	 4.094635 	 -0.030786 	 -0.063965
11.185538 	 4.109924 	 -0.020197 	 -0.050201
11.235388 	 4.322723 	 -0.030626 	 -0.051147
11.281613 	 4.084167 	 -0.028283 	 -0.052826
11.323306 	 4.141479 	 -0.044347 	 -0.069275
11.370891 	 4.261902 	 -0.018610 	 -0.056213
11.418475 	 4.206512 	 -0.034557 	 -0.057312
11.462888 	 4.246826 	 -0.036059 	 -0.064758
11.510925 	 4.188812 	 -0.062179 	 -0.096710
11.558510 	 4.149475 	 -0.040885 	 -0.098969
11.605641 	 4.183594 	 -0.012293 	 -0.061646
11.651866 	 4.147705 	 -0.037593 	 -0.059174
11.698544 	 4.142334 	 -0.035143 	 -0.065582
11.744769 	 4.177094 	 -0.030477 	 -0.062775
11.789635 	 4.116272 	 -0.021636 	 -0.051056
11.835406 	 4.067657 	 -0.011505 	 -0.030792
11.882085 	 4.091309 	 -0.044304 	 -0.052673
11.927856 	 4.052826 	 -0.039745 	 -0.071320
11.972722 	 4.119690 	 -0.029689 	 -0.065704
12.021213 	 4.176910 	 -0.041492 	 -0.072327
12.067891 	 4.117767 	 -0.045465 	 -0.084595
12.115929 	 4.174683 	 -0.048736 	 -0.095520
12.162154 	 4.125397 	 -0.063128 	 -0.116150
12.207472 	 3.994507 	 -0.051623 	 -0.119843
12.251884 	 4.135284 	 -0.041897 	 -0.106232
12.299469 	 4.235260 	 -0.025556 	 -0.078217
12.346600 	 4.118103 	 -0.050451 	 -0.085114
12.394185 	 4.144104 	 -0.038350 	 -0.086670
12.439050 	 4.219849 	 -0.047053 	 -0.092438
12.487994 	 4.150452 	 -0.039415 	 -0.088837
12.530594 	 4.105133 	 -0.053242 	 -0.099609
12.579538 	 4.226929 	 -0.037284 	 -0.093292
12.624857 	 4.156372 	 -0.037561 	 -0.083618
12.670175 	 4.062683 	 -0.048075 	 -0.090729
12.718213 	 4.145630 	 -0.029700 	 -0.079224
12.766704 	 4.054565 	 -0.053146 	 -0.090820
12.813835 	 4.073669 	 -0.052422 	 -0.103699
12.856435 	 4.194397 	 -0.018227 	 -0.074371
12.903566 	 4.127563 	 -0.033524 	 -0.062317
12.951604 	 4.165741 	 -0.043697 	 -0.075073
12.996016 	 4.138611 	 -0.012847 	 -0.052765
13.044507 	 4.192444 	 -0.016693 	 -0.033203
13.088919 	 4.269836 	 -0.046296 	 -0.058075
13.136504 	 4.196289 	 -0.044997 	 -0.080627
13.180916 	 4.137512 	 -0.046872 	 -0.090363
13.229860 	 4.077118 	 -0.026301 	 -0.073944
13.273366 	 4.147736 	 -0.028602 	 -0.061096
13.323216 	 4.222382 	 -0.020336 	 -0.046234
13.367628 	 4.224915 	 -0.041151 	 -0.059235
13.415213 	 4.153503 	 -0.069008 	 -0.103424
13.460985 	 4.228546 	 -0.045338 	 -0.109741
13.507210 	 4.042938 	 -0.042994 	 -0.100769
13.552528 	 4.133453 	 -0.014839 	 -0.065857
13.598300 	 4.128296 	 -0.019729 	 -0.043915
13.646338 	 4.156586 	 -0.044422 	 -0.062256
13.693469 	 4.163635 	 -0.036453 	 -0.071747
13.739694 	 4.042389 	 -0.027079 	 -0.062836
13.784560 	 4.161652 	 0.001353 	 -0.024139
13.831238 	 4.187073 	 -0.020911 	 -0.019806
13.877010 	 4.149567 	 -0.029657 	 -0.037537
13.924141 	 4.175507 	 -0.058675 	 -0.077637
13.971725 	 4.068481 	 -0.043921 	 -0.092072
14.015231 	 4.187744 	 -0.019185 	 -0.066956
14.065082 	 4.129150 	 -0.026078 	 -0.051971
14.109947 	 4.140778 	 -0.010844 	 -0.033020
14.158891 	 4.149567 	 -0.016149 	 -0.024200
14.204210 	 4.232635 	 -0.009843 	 -0.015259
14.250435 	 4.204620 	 0.001182 	 0.002411
14.293488 	 4.126648 	 -0.006690 	 0.005096
14.341978 	 4.033722 	 -0.027931 	 -0.016663
14.390923 	 4.214661 	 -0.072981 	 -0.082184
14.437601 	 4.315582 	 -0.024384 	 -0.078461
14.481107 	 4.137726 	 -0.002162 	 -0.034973
14.526878 	 4.165802 	 -0.050632 	 -0.057159
14.572650 	 4.083862 	 -0.002610 	 -0.036743
14.619781 	 4.181519 	 -0.038967 	 -0.045807
14.666460 	 4.286316 	 -0.041801 	 -0.067841
14.713591 	 4.291748 	 -0.035867 	 -0.072510
14.761176 	 4.164337 	 -0.051197 	 -0.087433
14.805588 	 4.249695 	 0.005710 	 -0.042023
14.852266 	 4.152740 	 -0.032235 	 -0.037689
14.897585 	 4.122009 	 -0.012623 	 -0.030579
14.944263 	 4.122284 	 -0.013326 	 -0.020416
14.990941 	 4.214935 	 -0.045764 	 -0.049561
15.039885 	 4.164337 	 -0.012698 	 -0.042297
15.083391 	 4.122589 	 -0.025758 	 -0.038239
15.131429 	 4.137482 	 -0.013944 	 -0.029633
15.177200 	 4.233917 	 -0.013412 	 -0.020233
15.224332 	 4.213745 	 -0.037295 	 -0.040710
15.271010 	 4.209259 	 -0.027100 	 -0.049133
15.316782 	 4.138794 	 -0.022488 	 -0.043579
15.365726 	 4.204498 	 -0.034983 	 -0.053070
15.409232 	 4.177460 	 -0.036666 	 -0.065186
15.457269 	 4.198822 	 0.007063 	 -0.023712
15.501682 	 4.191650 	 -0.033609 	 -0.030060
15.547453 	 4.160309 	 -0.042227 	 -0.058716
15.594131 	 4.048553 	 -0.042941 	 -0.074738
15.644435 	 4.220642 	 -0.043761 	 -0.084290
15.687488 	 4.326660 	 -0.009971 	 -0.053009
15.736432 	 4.294159 	 -0.047489 	 -0.064728
15.782204 	 4.172180 	 -0.029753 	 -0.067078
15.828429 	 4.180511 	 -0.012346 	 -0.042816
15.872388 	 4.241730 	 -0.028038 	 -0.042053
15.924051 	 4.198486 	 -0.007009 	 -0.025116
15.967557 	 4.263611 	 -0.024171 	 -0.026855
16.012422 	 4.157410 	 -0.033492 	 -0.044678
16.060007 	 4.169373 	 -0.037977 	 -0.061279
16.105325 	 4.220947 	 -0.045114 	 -0.077637
16.154723 	 4.153473 	 -0.019750 	 -0.060699
16.197322 	 4.195496 	 -0.008405 	 -0.032043
16.245813 	 4.142426 	 -0.004985 	 -0.009735
16.292491 	 4.083832 	 -0.004762 	 0.000702
16.336903 	 4.301300 	 -0.044336 	 -0.035553
16.385394 	 4.139221 	 -0.031287 	 -0.054291
16.431619 	 4.165710 	 -0.040523 	 -0.067139
16.477844 	 4.149384 	 -0.007894 	 -0.041870
16.523163 	 4.113922 	 -0.019665 	 -0.029144
16.570747 	 4.261749 	 -0.020815 	 -0.030548
16.616066 	 4.226685 	 0.012197 	 0.003571
16.660478 	 4.186859 	 0.001119 	 0.020172
16.708063 	 4.154694 	 -0.027697 	 -0.006836
16.757007 	 4.145844 	 -0.012421 	 -0.014374
16.800966 	 4.140747 	 -0.000692 	 -0.000153
16.850816 	 4.172913 	 -0.007968 	 0.002319
16.895229 	 4.246857 	 -0.016203 	 -0.006683
16.942360 	 4.196686 	 0.012389 	 0.014740
16.986319 	 4.178802 	 -0.019217 	 0.003723
17.036623 	 4.133484 	 -0.035910 	 -0.031036
17.080128 	 4.093933 	 -0.000660 	 -0.016602
17.127260 	 4.284729 	 -0.037593 	 -0.033966
17.170766 	 4.150421 	 -0.018429 	 -0.037018
17.219257 	 4.074341 	 0.001768 	 -0.009918
17.263669 	 4.137939 	 -0.001651 	 0.006775
17.313519 	 4.169708 	 -0.040906 	 -0.027893
17.358385 	 4.169739 	 -0.025417 	 -0.043365
17.406422 	 4.260437 	 -0.034962 	 -0.052887
17.453101 	 4.045471 	 0.009854 	 -0.014862
17.500232 	 4.117737 	 -0.041226 	 -0.033539
17.544644 	 4.251831 	 -0.013380 	 -0.033630
17.589056 	 4.149567 	 -0.008501 	 -0.017761
17.636641 	 4.132263 	 -0.027974 	 -0.027954
17.684679 	 4.126648 	 -0.007574 	 -0.018524
17.729997 	 4.138062 	 -0.015276 	 -0.014740
17.776675 	 4.050873 	 -0.022775 	 -0.024017
17.823354 	 4.233368 	 0.001971 	 -0.005524
17.869125 	 4.240662 	 -0.050398 	 -0.041534
17.917163 	 4.235687 	 -0.019803 	 -0.046844
17.961122 	 4.074646 	 -0.042685 	 -0.061218
18.007347 	 4.181427 	 -0.003590 	 -0.036346
18.056291 	 4.075104 	 -0.006413 	 -0.012817
18.103423 	 4.185822 	 -0.042536 	 -0.040833
18.148288 	 4.200684 	 -0.023063 	 -0.046753
18.193607 	 3.987854 	 -0.004059 	 -0.021637
18.240738 	 4.182678 	 -0.022339 	 -0.022247
18.287416 	 4.113525 	 -0.044251 	 -0.053253
18.335001 	 4.126587 	 -0.002535 	 -0.031708
18.380319 	 4.120880 	 -0.014978 	 -0.018036
18.426997 	 4.187561 	 -0.035878 	 -0.040070
18.472316 	 4.250854 	 -0.037849 	 -0.059753
18.520354 	 4.257721 	 0.018930 	 -0.009552
18.567485 	 4.230560 	 -0.023255 	 -0.008484
18.611897 	 4.213715 	 -0.019335 	 -0.019836
18.656310 	 4.329773 	 -0.037039 	 -0.042755
18.705254 	 4.201721 	 -0.027771 	 -0.050995
18.752838 	 4.068329 	 -0.014520 	 -0.036499
18.798610 	 4.155487 	 -0.011750 	 -0.022217
18.844835 	 4.241852 	 -0.024661 	 -0.028015
18.891060 	 4.032562 	 0.000053 	 -0.010529
18.938644 	 4.182800 	 -0.021071 	 -0.014343
18.984869 	 4.049561 	 0.000170 	 -0.001984
19.031094 	 4.262451 	 0.009151 	 0.021484
19.075053 	 4.190613 	 0.007105 	 0.033295
19.124451 	 4.219421 	 -0.024746 	 0.004700
19.169769 	 4.280151 	 0.011185 	 0.016144
19.213728 	 4.212769 	 -0.019367 	 0.004150
19.264485 	 4.224823 	 -0.020357 	 -0.015228
19.307991 	 4.151825 	 -0.022871 	 -0.026794
19.355576 	 4.175201 	 -0.012304 	 -0.021545
19.402254 	 4.220734 	 -0.017683 	 -0.020416
19.447572 	 4.103607 	 -0.000980 	 -0.004700
19.495610 	 4.106934 	 -0.030104 	 -0.022675
19.542741 	 4.243347 	 -0.040022 	 -0.052155
19.584435 	 4.115143 	 -0.013816 	 -0.041626
19.631566 	 4.156189 	 -0.029188 	 -0.041565
19.684135 	 4.161896 	 -0.040235 	 -0.059143
19.726282 	 4.138855 	 -0.032448 	 -0.063843
19.773866 	 4.061462 	 -0.013667 	 -0.041992
19.820998 	 4.204346 	 -0.002972 	 -0.015503
19.865863 	 4.212708 	 0.003206 	 0.007507
19.911635 	 4.140839 	 -0.023361 	 -0.007507
19.959673 	 4.241577 	 -0.022722 	 -0.023560
20.004991 	 4.183716 	 0.000703 	 -0.006226
20.049857 	 4.146637 	 -0.010184 	 -0.000214
20.095175 	 4.039886 	 -0.018908 	 -0.010925
20.143213 	 4.292755 	 -0.027633 	 -0.029022
20.191704 	 4.017700 	 -0.033236 	 -0.046051
20.235210 	 4.105743 	 0.015031 	 -0.005493
20.281435 	 4.127899 	 -0.007926 	 0.007996
20.327660 	 4.200531 	 -0.021337 	 -0.009674
20.375697 	 4.178528 	 0.013667 	 0.013397
20.421922 	 4.170959 	 -0.020751 	 0.002411
20.468600 	 4.128998 	 -0.005891 	 -0.000702
20.514825 	 4.072601 	 -0.018663 	 -0.008789
20.561050 	 4.142456 	 -0.018333 	 -0.017609
20.607275 	 4.216858 	 -0.036560 	 -0.040894
20.653954 	 4.179596 	 0.018344 	 0.000793
20.699725 	 4.044403 	 -0.003089 	 0.017090
20.745950 	 4.256195 	 -0.021241 	 -0.003357
20.793535 	 4.231415 	 -0.038648 	 -0.038116
20.840666 	 4.175476 	 -0.023212 	 -0.043854
20.885985 	 4.136322 	 -0.030104 	 -0.047577
20.932210 	 4.181549 	 0.038179 	 0.018677
20.981154 	 4.166382 	 -0.014701 	 0.020569
21.026019 	 4.112366 	 -0.029923 	 -0.016632
21.073151 	 4.014648 	 -0.028762 	 -0.036713
21.119376 	 4.081512 	 -0.022126 	 -0.038605
21.164694 	 4.154541 	 -0.013816 	 -0.027832
21.214091 	 4.143402 	 -0.015766 	 -0.022278
21.257597 	 4.121857 	 -0.002439 	 -0.007751
21.302916 	 4.155731 	 -0.000937 	 0.007050
21.350954 	 4.092834 	 -0.006008 	 0.009094
21.397632 	 4.081757 	 -0.017129 	 -0.003052
21.442497 	 4.209473 	 -0.024725 	 -0.020325
21.490535 	 4.161652 	 -0.027590 	 -0.034882
21.535400 	 4.176605 	 -0.018355 	 -0.034393
21.582079 	 4.223907 	 -0.018525 	 -0.029816
21.630116 	 3.974640 	 -0.021540 	 -0.030182
21.674982 	 4.218658 	 -0.000575 	 -0.010376
21.721207 	 4.188599 	 -0.018301 	 -0.011108
21.771510 	 4.307709 	 -0.015468 	 -0.015472
21.816829 	 4.139557 	 -0.037497 	 -0.040070
21.859882 	 4.205811 	 -0.008948 	 -0.030029
21.908826 	 4.148529 	 -0.053103 	 -0.061737
21.954144 	 4.274475 	 -0.032768 	 -0.071198
21.995384 	 4.169586 	 -0.012602 	 -0.045685
22.041609 	 4.249847 	 -0.001651 	 -0.014923
22.087834 	 4.181610 	 -0.019079 	 -0.015289
22.136325 	 4.060760 	 -0.024075 	 -0.028259
22.181644 	 4.086304 	 0.000916 	 -0.009277
22.227415 	 4.260559 	 0.002727 	 0.011719
22.273640 	 4.211761 	 -0.038637 	 -0.020599
22.320319 	 4.215607 	 -0.009896 	 -0.022919
22.364278 	 4.035736 	 0.013955 	 0.012329
22.415488 	 4.098541 	 0.012964 	 0.036377
22.463072 	 4.189697 	 -0.017673 	 0.014526
22.505672 	 4.269897 	 -0.037838 	 -0.027954
22.552350 	 4.163727 	 -0.020347 	 -0.036743
22.599934 	 4.133911 	 -0.047362 	 -0.060791
22.647519 	 4.226013 	 -0.017279 	 -0.052216
22.693291 	 4.178558 	 -0.000256 	 -0.018524
22.737703 	 4.164673 	 -0.025566 	 -0.022614
22.788007 	 4.116669 	 -0.033055 	 -0.041626
22.831512 	 4.206024 	 -0.012389 	 -0.033051
22.877284 	 4.106781 	 -0.011430 	 -0.018463
22.926682 	 4.140686 	 0.018589 	 0.018738
22.969734 	 4.177277 	 0.005209 	 0.033600
23.014600 	 4.177582 	 -0.014882 	 0.014221
23.063544 	 4.189728 	 -0.041396 	 -0.030090
23.107050 	 4.264679 	 -0.016458 	 -0.034851
23.153728 	 4.164642 	 -0.022413 	 -0.032501
23.202219 	 4.195343 	 -0.013880 	 -0.025208
23.247990 	 4.179901 	 -0.019857 	 -0.025238
23.295575 	 4.089539 	 0.010812 	 0.004150
23.343613 	 4.200562 	 -0.003920 	 0.014252
23.386665 	 4.172119 	 -0.016224 	 0.000397
23.434703 	 4.226898 	 -0.002471 	 0.003723
23.481834 	 4.182434 	 -0.027899 	 -0.016693
23.527606 	 4.116730 	 -0.012464 	 -0.019562
23.573378 	 4.066223 	 -0.007904 	 -0.008911
23.620056 	 4.162903 	 -0.039415 	 -0.035553
23.669000 	 4.215668 	 -0.011707 	 -0.032288
23.713412 	 4.168762 	 -0.008309 	 -0.016144
23.759637 	 4.124939 	 -0.030850 	 -0.029877
23.809035 	 4.098572 	 -0.016852 	 -0.031616
23.853447 	 4.207703 	 -0.022594 	 -0.032959
23.900125 	 4.266510 	 0.017694 	 0.007202
23.947256 	 4.123962 	 -0.026269 	 -0.003174
23.992122 	 4.184143 	 -0.011015 	 -0.011444
24.038347 	 4.187408 	 -0.031809 	 -0.030640
24.081400 	 4.096497 	 -0.039596 	 -0.054474
24.130344 	 4.092377 	 0.006392 	 -0.020203
24.179288 	 4.096344 	 -0.010535 	 -0.005096
24.224153 	 4.142242 	 -0.037487 	 -0.033447
24.271284 	 4.163422 	 0.007776 	 -0.009613
24.318416 	 4.094391 	 -0.029060 	 -0.018799
24.363281 	 4.095673 	 0.000714 	 -0.007599
24.408147 	 4.206573 	 -0.013199 	 -0.003021
24.456638 	 3.998413 	 0.012634 	 0.019073
24.503769 	 4.116760 	 -0.000490 	 0.025208
24.550900 	 4.194641 	 -0.027569 	 -0.004852
24.596219 	 4.128601 	 -0.014296 	 -0.017151
24.642897 	 4.159943 	 -0.047372 	 -0.050110
24.687762 	 4.175568 	 0.011579 	 -0.017029
24.734894 	 4.149109 	 -0.008916 	 0.000610
24.780212 	 4.101410 	 0.009992 	 0.019318
24.826437 	 4.205322 	 -0.006498 	 0.017944
24.873116 	 4.109589 	 -0.010429 	 0.007324
24.920247 	 4.180328 	 0.004708 	 0.016968
24.964659 	 4.142273 	 -0.017705 	 0.003571
25.009525 	 4.092743 	 -0.039021 	 -0.033936
25.058469 	 4.092407 	 -0.043782 	 -0.064392
25.105147 	 4.148468 	 -0.025566 	 -0.061249
25.153185 	 4.160553 	 0.006541 	 -0.017792
25.198503 	 4.062714 	 0.011878 	 0.019318
25.242462 	 4.095551 	 -0.003004 	 0.021820
25.290047 	 4.139740 	 -0.016735 	 0.003265
25.339444 	 4.170471 	 -0.028336 	 -0.022461
25.381137 	 4.001343 	 0.019952 	 0.012207
25.427815 	 3.970154 	 -0.019185 	 0.006531
25.479932 	 4.100800 	 -0.015393 	 -0.007294
25.522984 	 4.165802 	 -0.019835 	 -0.017181
25.566943 	 4.223419 	 -0.036549 	 -0.042175
25.616794 	 4.063538 	 -0.001566 	 -0.022339
25.660753 	 4.184509 	 -0.006679 	 -0.004395
25.709244 	 4.270172 	 0.006115 	 0.013733
25.755469 	 4.122589 	 -0.036933 	 -0.017090
25.803960 	 4.033875 	 -0.018408 	 -0.029114
25.848825 	 4.203735 	 -0.002823 	 -0.010223
25.895956 	 4.112366 	 -0.009438 	 -0.003845
25.940369 	 4.084351 	 -0.010727 	 -0.004700
25.987047 	 4.175720 	 0.002194 	 0.009155
26.032365 	 4.029602 	 -0.006754 	 0.009827
26.079950 	 4.207397 	 -0.035111 	 -0.022614
26.126175 	 4.231964 	 0.017034 	 0.006409
26.175119 	 4.105103 	 -0.047255 	 -0.026825
26.223157 	 4.277374 	 0.005124 	 -0.013641
26.263943 	 4.271545 	 0.010663 	 0.019928
26.316060 	 4.149719 	 0.016703 	 0.043427
26.359113 	 4.165649 	 0.006850 	 0.045807
26.407150 	 4.191315 	 0.010386 	 0.046478
26.452016 	 4.036438 	 0.027516 	 0.066528
26.497787 	 4.137634 	 -0.012815 	 0.040436
26.544012 	 4.052826 	 -0.012346 	 0.012787
26.591144 	 4.215454 	 -0.015446 	 -0.002289
26.637369 	 4.155914 	 0.008693 	 0.014130
26.684500 	 4.115875 	 0.000075 	 0.024292
26.729819 	 4.133606 	 0.006754 	 0.030212
26.775137 	 4.121948 	 -0.012751 	 0.015015
26.819096 	 4.194885 	 -0.013774 	 -0.000458
26.867587 	 4.027466 	 -0.039330 	 -0.033966
26.915625 	 4.192719 	 -0.011590 	 -0.030090
26.961850 	 4.246613 	 -0.040736 	 -0.047821
27.007169 	 4.227509 	 -0.023777 	 -0.050293
27.054753 	 4.165375 	 -0.005412 	 -0.025208
27.101884 	 4.166412 	 0.009619 	 0.009369
27.145844 	 4.080139 	 -0.017076 	 0.002594
27.192068 	 4.251740 	 -0.015020 	 -0.008423
27.241466 	 4.244385 	 -0.018333 	 -0.016174
27.289050 	 4.094818 	 -0.033673 	 -0.037598
27.334822 	 4.236511 	 -0.032075 	 -0.050507
27.379687 	 4.071320 	 -0.024171 	 -0.046112
27.427272 	 4.168396 	 -0.013401 	 -0.031952
27.473044 	 4.109253 	 -0.019356 	 -0.027069
27.519269 	 4.108521 	 -0.000085 	 -0.007568
27.565947 	 4.183990 	 0.019569 	 0.029633
27.610812 	 4.175476 	 -0.046371 	 -0.013641
27.657944 	 4.218109 	 0.004165 	 -0.009766
27.705981 	 4.223663 	 0.016426 	 0.027985
27.753566 	 4.157257 	 0.023777 	 0.056732
27.801151 	 4.169769 	 -0.029146 	 0.016937
27.843750 	 4.145996 	 0.002748 	 0.011383
27.888162 	 4.215546 	 -0.010876 	 0.007660
27.933481 	 4.231720 	 0.007308 	 0.019531
27.982878 	 4.099518 	 0.006466 	 0.031555
28.028650 	 4.049408 	 -0.018610 	 0.010193
28.074422 	 4.083344 	 -0.018578 	 -0.009766
28.121100 	 4.212372 	 -0.007766 	 -0.007965
28.168684 	 4.126343 	 -0.004080 	 0.001160
28.214003 	 4.164734 	 -0.021774 	 -0.011383
28.265213 	 4.360809 	 -0.011356 	 -0.013641
28.312798 	 4.045746 	 -0.016309 	 -0.015198
28.355850 	 4.124542 	 -0.022733 	 -0.024628
28.402528 	 4.280487 	 -0.008234 	 -0.017212
28.447847 	 4.150543 	 -0.011004 	 -0.010010
28.493166 	 4.076965 	 0.014839 	 0.019043
28.538937 	 4.170105 	 0.013710 	 0.040741
28.586522 	 4.098511 	 -0.010472 	 0.024994
28.634560 	 4.155731 	 -0.011196 	 0.007874
28.679878 	 4.135284 	 0.006424 	 0.018219
28.725650 	 4.020752 	 -0.032352 	 -0.008881
28.773235 	 4.164734 	 -0.014669 	 -0.019989
28.818553 	 4.180786 	 -0.020379 	 -0.023407
28.867497 	 4.093872 	 -0.029007 	 -0.035278
28.912816 	 4.070618 	 0.008171 	 -0.008209
28.958134 	 3.983612 	 -0.025108 	 -0.013367
29.003453 	 4.187347 	 0.030871 	 0.028625
29.051491 	 4.155823 	 0.000075 	 0.038116
29.098169 	 4.079559 	 -0.007776 	 0.020081
29.143034 	 4.313843 	 -0.036517 	 -0.019531
29.189713 	 4.119629 	 -0.005433 	 -0.017303
29.236391 	 4.118439 	 -0.008874 	 -0.006195
29.284428 	 4.115356 	 -0.004123 	 0.001740
29.326575 	 4.103943 	 -0.000245 	 0.011047
29.374612 	 4.062714 	 -0.004048 	 0.013062
29.424916 	 4.117371 	 0.015052 	 0.032166
29.467516 	 4.220703 	 0.025609 	 0.060394
29.515553 	 4.187469 	 -0.000469 	 0.049744
29.558153 	 4.181427 	 -0.006914 	 0.027161
29.608910 	 4.171814 	 0.006711 	 0.028900
29.654228 	 4.138885 	 -0.022754 	 0.005219
29.700906 	 4.180023 	 -0.021731 	 -0.016205
29.746225 	 4.240540 	 -0.017960 	 -0.021759
29.791997 	 4.143616 	 -0.024032 	 -0.029846
29.837769 	 4.138550 	 -0.014019 	 -0.024780
29.886713 	 4.094818 	 -0.040949 	 -0.046997
29.935657 	 4.223846 	 0.004804 	 -0.020081
29.977803 	 4.173645 	 -0.036421 	 -0.031128
30.026747 	 4.135773 	 0.006722 	 -0.009277
30.070253 	 4.173676 	 -0.007585 	 0.002716
30.116025 	 4.149292 	 -0.001012 	 0.009583
30.163609 	 4.178375 	 0.023809 	 0.042358
30.212100 	 4.172974 	 -0.009662 	 0.031372
30.256512 	 4.195618 	 0.004836 	 0.027191
30.302284 	 4.174561 	 -0.010535 	 0.016876
30.348509 	 4.176605 	 0.007159 	 0.021942
30.397000 	 4.140686 	 0.011111 	 0.036804
30.445038 	 4.166748 	 -0.021071 	 0.012054
30.491263 	 4.032654 	 -0.026514 	 -0.017548
30.536581 	 4.178589 	 -0.012868 	 -0.019745
30.581900 	 4.173004 	 -0.004783 	 -0.007141
30.629938 	 4.206665 	 -0.011047 	 -0.003723
30.676163 	 4.323944 	 -0.001204 	 0.005554
30.721028 	 4.195496 	 0.009097 	 0.024200
30.769066 	 4.045532 	 0.010003 	 0.037689
30.814838 	 4.245392 	 -0.016767 	 0.016388
30.861516 	 4.172028 	 -0.031990 	 -0.020294
30.906834 	 4.153748 	 -0.011782 	 -0.020996
30.955325 	 4.157410 	 -0.015851 	 -0.018097
30.999284 	 4.149323 	 -0.001587 	 -0.003479
31.045509 	 4.219208 	 -0.003739 	 0.006714
31.092187 	 4.061401 	 0.002642 	 0.017426
31.138412 	 4.138733 	 -0.037881 	 -0.017975
31.186450 	 4.142212 	 0.000181 	 -0.008087
31.230862 	 4.268677 	 -0.005529 	 0.003998
31.278447 	 4.161682 	 -0.021689 	 -0.010132
31.325125 	 4.146484 	 -0.045274 	 -0.047485
31.369991 	 4.101349 	 -0.023681 	 -0.051697
31.418028 	 4.156097 	 -0.025534 	 -0.044708
31.461081 	 4.197540 	 -0.006328 	 -0.023315
31.510025 	 4.131592 	 -0.004613 	 -0.005432
31.554437 	 4.051788 	 0.013326 	 0.022491
31.605647 	 4.220764 	 0.000138 	 0.028473
31.649606 	 4.222656 	 -0.000607 	 0.024780
31.697191 	 4.187775 	 -0.006573 	 0.016357
31.738431 	 4.058716 	 -0.013486 	 0.003571
31.789641 	 4.093689 	 -0.031404 	 -0.024048
31.835866 	 4.123688 	 0.011057 	 0.001190
31.882997 	 4.094910 	 -0.037391 	 -0.020844
31.928316 	 4.179413 	 -0.030083 	 -0.043854
31.975900 	 4.183777 	 -0.022797 	 -0.043091
32.021672 	 4.041931 	 -0.008639 	 -0.024139
32.064272 	 4.204132 	 0.008639 	 0.006836
32.112762 	 4.188416 	 -0.002727 	 0.015869
32.159894 	 3.989441 	 -0.002983 	 0.015137
32.207478 	 4.196533 	 0.001129 	 0.017914
32.253703 	 4.100647 	 -0.006711 	 0.014526
32.300381 	 4.121582 	 -0.000011 	 0.015961
32.343887 	 4.203522 	 -0.000575 	 0.019135
32.391019 	 4.030579 	 -0.021273 	 -0.000793
32.437244 	 4.165619 	 -0.025715 	 -0.023163
32.485281 	 4.223663 	 0.016799 	 0.008972
32.529240 	 4.199799 	 0.012112 	 0.035980
32.575465 	 4.160553 	 -0.007276 	 0.026459
32.627129 	 4.075775 	 -0.011505 	 0.008972
32.670181 	 4.193878 	 -0.018908 	 -0.008179
32.720032 	 4.108734 	 -0.006008 	 -0.004333
32.765350 	 4.259705 	 -0.019803 	 -0.012207
32.812029 	 4.229706 	 -0.006860 	 -0.008545
32.856441 	 4.250732 	 -0.025982 	 -0.022430

 Z Turning Point (V) = 1.480377 
 Turning Time Delay (ms) = 0 
 SEN (V) =  
 App. Driving Voltage (mVrms) = 0.005000 
 App. Vias. Voltage (V) = 0.000000 
 App. Del Z (Bit) = -10 
 App. Delay Time (ms) = 300 
 App. Velocity (nm/s) = -0.151064 
 Ret. Driving Voltage (mVrms) = 0.005000 
 Ret. Vias. Voltage (V) = 0.000000 
 Ret. Del Z (Bit) = -10 
 Ret. Delay Time (ms) = 300 
 Ret. Velocity (nm/s) = -0.151064 
  
 Data Array Size = 2140 
 Frequency (Hz) = sen.
 
