25.575554 	 4.111328 	 -0.007436 	 0.032013
25.526157 	 4.021912 	 0.033066 	 0.058563
25.477666 	 4.099243 	 0.025715 	 0.078857
25.431894 	 4.227112 	 0.060113 	 0.120422
25.384309 	 3.994263 	 0.034749 	 0.126984
25.339897 	 4.095062 	 0.002099 	 0.085785
25.293219 	 4.104309 	 0.060390 	 0.115234
25.247447 	 4.074249 	 0.001481 	 0.090118
25.199409 	 4.145782 	 0.036443 	 0.091705
25.154997 	 4.171082 	 0.022211 	 0.091766
25.106506 	 4.141113 	 0.026301 	 0.090332
25.062547 	 3.982391 	 0.025194 	 0.090668
25.016776 	 4.079407 	 0.043399 	 0.109833
24.966925 	 4.006348 	 0.048757 	 0.130646
24.922060 	 4.076416 	 0.014956 	 0.106689
24.877647 	 4.130829 	 0.042973 	 0.111725
24.829156 	 4.072113 	 0.038776 	 0.121124
24.782932 	 4.063019 	 0.036166 	 0.121338
24.738972 	 3.882477 	 0.044858 	 0.128845
24.692294 	 4.155487 	 0.012559 	 0.101593
24.643803 	 4.250183 	 0.029646 	 0.094696
24.598485 	 4.138611 	 -0.015713 	 0.050873
24.551353 	 4.031219 	 0.036922 	 0.067474
24.504222 	 4.065643 	 0.003313 	 0.062195
24.459357 	 4.111176 	 0.036901 	 0.081909
24.413132 	 4.131989 	 0.001843 	 0.066620
24.366454 	 4.044281 	 0.049034 	 0.094604
24.319775 	 4.163116 	 0.014243 	 0.089325
24.269925 	 4.107330 	 0.021454 	 0.081543
24.228232 	 4.178406 	 0.013390 	 0.073792
24.180194 	 4.036407 	 0.016842 	 0.069763
24.133969 	 4.130798 	 0.015457 	 0.068481
24.085478 	 4.050385 	 0.030850 	 0.081940
24.043332 	 4.112823 	 0.026568 	 0.089783
23.995294 	 3.988678 	 0.011388 	 0.076630
23.948163 	 4.064331 	 0.041556 	 0.095001
23.901485 	 4.101013 	 0.004080 	 0.075897
23.857526 	 4.172791 	 0.016117 	 0.064392
23.809035 	 4.165253 	 0.028933 	 0.078644
23.761450 	 4.083801 	 0.009278 	 0.069580
23.716132 	 4.096252 	 -0.007713 	 0.039734
23.672173 	 4.116211 	 0.005454 	 0.033356
23.622775 	 4.124176 	 0.020261 	 0.052399
23.576550 	 4.090698 	 0.010802 	 0.057159
23.530325 	 4.052490 	 0.026855 	 0.071625
23.486819 	 4.080170 	 0.042153 	 0.100494
23.438782 	 4.124542 	 0.050739 	 0.127930
23.389838 	 4.235840 	 0.032341 	 0.123138
23.344519 	 4.153168 	 0.007606 	 0.088562
23.298294 	 4.213470 	 0.032160 	 0.089935
23.253429 	 3.984070 	 0.005625 	 0.072510
23.207204 	 4.042328 	 0.024512 	 0.073120
23.157353 	 3.967773 	 0.040917 	 0.098389
23.114301 	 4.076447 	 0.038669 	 0.113495
23.069435 	 4.194489 	 0.003579 	 0.083221
23.016866 	 4.036163 	 0.018504 	 0.069244
22.973813 	 3.911438 	 0.033545 	 0.087036
22.928041 	 4.024323 	 0.001193 	 0.067627
22.880003 	 4.130280 	 0.014093 	 0.060272
22.833325 	 4.061432 	 0.007159 	 0.052948
22.786647 	 3.993256 	 0.010397 	 0.050293
22.742688 	 4.024414 	 0.016458 	 0.056793
22.695103 	 3.989075 	 0.024490 	 0.070465
22.647972 	 4.131256 	 -0.010397 	 0.044250
22.604919 	 4.155121 	 0.053604 	 0.084961
22.556882 	 4.057281 	 0.013465 	 0.086548
22.509750 	 4.007294 	 0.024789 	 0.082733
22.465338 	 4.024536 	 0.000234 	 0.059967
22.416394 	 4.085876 	 0.041556 	 0.083496
22.370169 	 4.024414 	 0.015862 	 0.084442
22.323491 	 4.115356 	 0.005422 	 0.063263
22.277719 	 4.055695 	 0.010429 	 0.054840
22.229681 	 4.172791 	 0.029870 	 0.072876
22.187082 	 4.145966 	 0.008149 	 0.066010
22.137685 	 4.049500 	 0.002216 	 0.047760
22.091913 	 3.952148 	 0.007989 	 0.043884
22.046141 	 4.033264 	 0.027399 	 0.062714
21.997650 	 4.022217 	 0.003579 	 0.055817
21.954597 	 4.213043 	 0.015798 	 0.055878
21.906107 	 4.081268 	 0.004112 	 0.049408
21.859428 	 4.101715 	 0.038818 	 0.077057
21.813657 	 3.992310 	 0.004645 	 0.067688
21.768791 	 4.020966 	 0.000714 	 0.046814
21.722113 	 4.030029 	 0.031702 	 0.067444
21.671809 	 4.088074 	 0.045796 	 0.103790
21.628757 	 4.122040 	 0.023596 	 0.102448
21.580266 	 4.098236 	 0.001087 	 0.069427
21.535400 	 4.124298 	 0.013316 	 0.058746
21.489175 	 4.066711 	 0.000394 	 0.043671
21.442950 	 4.221313 	 0.025449 	 0.058563
21.396272 	 3.987640 	 -0.001033 	 0.048615
21.347781 	 4.133301 	 0.038722 	 0.073883
21.306088 	 4.255707 	 -0.007169 	 0.052490
21.256238 	 4.029327 	 -0.009683 	 0.022797
21.209106 	 4.055054 	 0.020954 	 0.040833
21.163335 	 4.103607 	 0.039255 	 0.081696
21.114844 	 4.042419 	 0.016554 	 0.082886
21.069978 	 4.030182 	 0.017300 	 0.074860
21.024660 	 4.055084 	 0.041172 	 0.096558
20.982967 	 3.962830 	 0.012176 	 0.083191
20.929944 	 4.055695 	 0.014583 	 0.070923
20.883719 	 4.063080 	 0.005198 	 0.056427
20.837041 	 4.101074 	 0.001864 	 0.040894
20.793535 	 4.094116 	 -0.009278 	 0.021881
20.744591 	 4.020020 	 0.024469 	 0.043793
20.697913 	 4.081360 	 0.013891 	 0.056519
20.653047 	 3.924225 	 0.057269 	 0.103485
20.604103 	 4.141663 	 0.024245 	 0.107574
20.557878 	 4.077118 	 0.032054 	 0.105377
20.510747 	 4.006134 	 0.034973 	 0.109741
20.464975 	 3.978394 	 0.018120 	 0.095642
20.418750 	 4.092194 	 0.008629 	 0.071350
20.372978 	 4.190918 	 0.010546 	 0.059967
20.325394 	 4.133850 	 0.016618 	 0.062897
20.279169 	 3.967133 	 0.020144 	 0.068878
20.233397 	 4.028412 	 -0.002834 	 0.047974
20.187172 	 4.044220 	 0.025407 	 0.059387
20.140041 	 4.179291 	 0.015681 	 0.066284
20.095628 	 4.132080 	 -0.034994 	 0.012970
20.050310 	 4.127991 	 0.023436 	 0.028870
20.002272 	 4.032990 	 0.017023 	 0.054138
19.958313 	 4.130188 	 0.045423 	 0.092468
19.912088 	 4.028442 	 0.036368 	 0.110443
19.864503 	 4.007385 	 0.008511 	 0.086212
19.816013 	 4.201355 	 0.004112 	 0.058868
19.774773 	 4.128998 	 0.028357 	 0.070740
19.724016 	 4.075134 	 0.012559 	 0.068939
19.676431 	 4.055267 	 -0.006104 	 0.043182
19.632019 	 4.078461 	 0.010450 	 0.041138
19.584888 	 4.082397 	 0.029891 	 0.067108
19.542741 	 4.069977 	 0.017854 	 0.073486
19.494704 	 4.148346 	 0.037050 	 0.092255
19.448026 	 4.037445 	 0.007958 	 0.078003
19.398628 	 4.050140 	 0.007968 	 0.058960
19.352856 	 3.963470 	 -0.002770 	 0.039398
19.307085 	 4.053986 	 -0.023351 	 0.005127
19.265392 	 4.064392 	 -0.008224 	 -0.002869
19.214182 	 3.987549 	 0.010834 	 0.020630
19.168410 	 4.115051 	 0.023500 	 0.050720
19.121278 	 4.116302 	 0.039127 	 0.087189
19.075053 	 4.045502 	 0.031787 	 0.101379
19.029282 	 3.993988 	 0.004996 	 0.076111
18.978978 	 4.052490 	 0.028315 	 0.079407
18.935925 	 4.148682 	 0.040480 	 0.101776
18.888794 	 4.098022 	 -0.003217 	 0.070496
18.840303 	 4.004364 	 0.012655 	 0.056976
18.795438 	 4.129395 	 0.019793 	 0.064148
18.750119 	 4.083374 	 0.013753 	 0.064148
18.702081 	 4.136383 	 0.029763 	 0.078522
18.658122 	 4.075256 	 -0.002429 	 0.057343
18.610538 	 4.009064 	 0.005071 	 0.043060
18.566125 	 3.999207 	 -0.005625 	 0.028687
18.516728 	 4.126099 	 0.015968 	 0.040283
18.472769 	 4.109009 	 0.016884 	 0.055878
18.425638 	 4.069275 	 0.024842 	 0.070618
18.378053 	 4.117676 	 0.008320 	 0.062714
18.332735 	 4.079315 	 0.007595 	 0.053101
18.286510 	 4.103302 	 -0.002493 	 0.037537
18.238019 	 4.142029 	 0.029071 	 0.060120
18.190887 	 4.071503 	 0.015414 	 0.068726
18.148288 	 4.060913 	 0.001470 	 0.051300
18.100703 	 4.121460 	 0.013667 	 0.050995
18.055385 	 4.200226 	 0.010567 	 0.052185
18.007800 	 4.020874 	 0.017950 	 0.059357
17.960216 	 4.091217 	 0.018067 	 0.064056
17.914444 	 4.153076 	 0.024224 	 0.074493
17.868219 	 4.078308 	 0.016821 	 0.073914
17.822447 	 4.048218 	 0.030690 	 0.084534
17.775316 	 4.002960 	 0.030797 	 0.095093
17.728638 	 4.082184 	 0.037327 	 0.106384
17.682413 	 4.130432 	 -0.024245 	 0.048218
17.635735 	 4.138428 	 0.010599 	 0.036438
17.589963 	 4.026184 	 0.029732 	 0.065826
17.541019 	 4.162811 	 0.010599 	 0.065674
17.497513 	 4.123474 	 0.024544 	 0.071899
17.452194 	 4.127167 	 0.026344 	 0.082520
17.402797 	 4.043518 	 0.034472 	 0.096893
17.356119 	 4.221161 	 -0.012730 	 0.056427
17.310800 	 4.197906 	 0.000213 	 0.032928
17.265482 	 4.121246 	 0.018834 	 0.046814
17.217897 	 4.090363 	 0.005081 	 0.046509
17.173485 	 4.035492 	 0.027356 	 0.064026
17.122275 	 4.183258 	 0.004059 	 0.057526
17.077409 	 3.961487 	 0.025577 	 0.066589
17.034810 	 4.110352 	 0.002503 	 0.056000
16.984959 	 4.133270 	 -0.009651 	 0.028442
16.939641 	 4.092651 	 0.017385 	 0.040070
16.892509 	 4.055206 	 0.052422 	 0.092285
16.846738 	 4.091064 	 0.039340 	 0.116974
16.800060 	 4.106812 	 -0.001150 	 0.080505
16.756554 	 4.143127 	 0.009694 	 0.058044
16.706250 	 4.171082 	 0.041545 	 0.086548
16.659572 	 4.111023 	 0.004751 	 0.074158
16.616066 	 3.979156 	 0.016299 	 0.064728
16.565309 	 4.216339 	 0.005145 	 0.053955
16.527242 	 4.132294 	 0.014157 	 0.053467
16.476485 	 3.978210 	 0.005582 	 0.048676
16.428447 	 4.081116 	 -0.007606 	 0.029266
16.382222 	 4.004211 	 0.014562 	 0.037933
16.339169 	 4.131287 	 0.024906 	 0.062103
16.287053 	 4.200500 	 0.024139 	 0.076111
16.246266 	 4.134247 	 0.031191 	 0.090088
16.198228 	 4.083435 	 -0.000128 	 0.066895
16.148378 	 4.127197 	 0.029540 	 0.073334
16.104872 	 4.039246 	 -0.004559 	 0.052094
16.057741 	 3.965363 	 0.021327 	 0.056641
16.011516 	 4.029114 	 0.011025 	 0.058411
15.967104 	 4.090607 	 0.007691 	 0.052063
15.919972 	 4.028290 	 0.014711 	 0.054321
15.873294 	 4.243011 	 0.027739 	 0.071686
15.824350 	 4.096375 	 0.024299 	 0.080780
15.778125 	 4.042267 	 0.026323 	 0.086273
15.733713 	 4.032074 	 0.018802 	 0.082184
15.687488 	 4.037262 	 0.027207 	 0.086304
15.638091 	 4.076538 	 0.030168 	 0.093750
15.594131 	 3.980957 	 -0.004858 	 0.062897
15.549719 	 3.999237 	 -0.010599 	 0.029114
15.499869 	 4.077057 	 -0.010120 	 0.011505
15.453644 	 4.152405 	 0.008128 	 0.021790
15.406966 	 4.081207 	 -0.002631 	 0.022919
15.361194 	 4.051117 	 0.002152 	 0.022888
15.315875 	 4.050934 	 0.060092 	 0.086029
15.269650 	 4.035461 	 0.019217 	 0.095215
15.220706 	 3.999908 	 0.032480 	 0.097595
15.175841 	 4.128418 	 -0.015084 	 0.053955
15.130522 	 4.049286 	 -0.004687 	 0.025818
15.084297 	 4.083832 	 0.010003 	 0.032684
15.037166 	 3.981476 	 0.028624 	 0.062347
14.992754 	 4.018066 	 0.013699 	 0.066986
14.941997 	 4.085083 	 0.000618 	 0.050354
14.897585 	 4.072357 	 0.006051 	 0.042755
14.850453 	 4.099365 	 0.027548 	 0.063934
14.802415 	 4.058563 	 0.003302 	 0.055847
14.753471 	 4.140137 	 -0.015500 	 0.022217
14.713138 	 4.198395 	 0.031202 	 0.048767
14.668272 	 4.081055 	 0.013337 	 0.060730
14.617062 	 4.068207 	 -0.005188 	 0.039062
14.571291 	 4.234467 	 0.000543 	 0.029022
14.525972 	 4.157166 	 0.009673 	 0.038269
14.480653 	 4.091125 	 0.019047 	 0.052795
14.433522 	 4.035522 	 0.008011 	 0.052246
14.385937 	 4.094299 	 0.009481 	 0.049408
14.340166 	 4.209869 	 0.043878 	 0.084320
14.295300 	 3.915771 	 0.005209 	 0.073883
14.251341 	 4.070129 	 0.031649 	 0.081604
14.201038 	 4.069855 	 0.005092 	 0.068390
14.156172 	 4.119324 	 0.009321 	 0.054810
14.107228 	 4.114319 	 0.028091 	 0.073151
14.062363 	 4.098267 	 -0.006764 	 0.050201
14.016591 	 3.983521 	 0.021636 	 0.054993
13.970819 	 4.083923 	 0.019590 	 0.068054
13.922328 	 4.200378 	 -0.004677 	 0.046295
13.877463 	 4.029236 	 -0.004645 	 0.027557
13.831238 	 4.108093 	 0.000788 	 0.024384
13.781841 	 4.058441 	 0.003270 	 0.026978
13.732443 	 4.175415 	 0.041407 	 0.069305
13.690750 	 4.050018 	 0.032576 	 0.094574
13.646338 	 4.025116 	 0.039884 	 0.110413
13.596487 	 4.078400 	 0.016458 	 0.095764
13.551622 	 4.045410 	 0.004357 	 0.066376
13.506303 	 4.274170 	 -0.003846 	 0.041199
13.457812 	 4.084045 	 0.036549 	 0.068604
13.412494 	 4.091248 	 -0.022967 	 0.034790
13.367175 	 4.105042 	 0.011175 	 0.030518
13.318231 	 3.982391 	 -0.000895 	 0.030487
13.273366 	 4.125946 	 -0.003846 	 0.022034
13.228500 	 4.058105 	 0.001374 	 0.022461
13.181369 	 4.034271 	 0.004421 	 0.028564
13.136957 	 3.989594 	 -0.000639 	 0.026672
13.085294 	 4.016113 	 -0.022349 	 0.001556
13.039069 	 3.941223 	 0.004922 	 0.009674
12.994203 	 4.041412 	 -0.004378 	 0.014038
12.949338 	 4.095337 	 -0.010131 	 0.006500
12.901300 	 4.068573 	 -0.004463 	 0.006836
12.853262 	 4.141998 	 0.000224 	 0.014160
12.808850 	 4.018829 	 0.051985 	 0.074402
12.763531 	 4.083160 	 0.008448 	 0.073456
12.713228 	 4.107483 	 -0.005209 	 0.042664
12.668816 	 4.079376 	 0.008458 	 0.038635
12.622137 	 4.121918 	 -0.005603 	 0.028076
12.576366 	 4.083466 	 -0.002908 	 0.020416
12.530141 	 4.096100 	 0.004985 	 0.025848
12.485275 	 4.050079 	 0.000948 	 0.027222
12.439503 	 4.059448 	 0.002312 	 0.027161
12.391919 	 4.148224 	 0.014818 	 0.042053
12.346147 	 4.036041 	 -0.005689 	 0.030884
12.297656 	 4.075989 	 -0.009651 	 0.013794
12.250072 	 4.050171 	 0.015904 	 0.031830
12.207925 	 4.141418 	 -0.011494 	 0.020508
12.158981 	 4.137360 	 0.000629 	 0.017090
12.111850 	 3.872253 	 0.016256 	 0.037231
12.067438 	 4.071564 	 0.044049 	 0.082092
12.019400 	 4.095886 	 0.012943 	 0.081055
11.973175 	 4.208527 	 0.022584 	 0.077362
11.925137 	 4.097412 	 0.001928 	 0.058411
11.879819 	 4.092163 	 0.007105 	 0.046478
11.830421 	 4.063110 	 0.007052 	 0.044861
11.786009 	 4.070160 	 0.015212 	 0.052612
11.739784 	 4.162231 	 -0.003196 	 0.038727
11.693106 	 3.990753 	 -0.002035 	 0.026031
11.649600 	 4.028076 	 0.037998 	 0.063782
11.604735 	 4.115021 	 -0.008874 	 0.047516
11.554431 	 3.923126 	 0.020847 	 0.052094
11.507300 	 4.104156 	 0.018770 	 0.063782
11.462888 	 3.910156 	 0.011942 	 0.062592
11.416209 	 4.066010 	 0.001289 	 0.047974
11.370438 	 3.967621 	 0.026877 	 0.062744
11.325119 	 4.014191 	 0.009587 	 0.062195
11.277081 	 4.071991 	 0.002695 	 0.047516
11.230403 	 4.107635 	 -0.003867 	 0.030853
11.183725 	 4.164246 	 -0.000980 	 0.022522
11.137047 	 4.035553 	 -0.009481 	 0.013916
11.089462 	 4.034027 	 0.017982 	 0.033752
11.045503 	 4.046112 	 0.020016 	 0.055511
10.996106 	 4.069214 	 -0.003324 	 0.042236
10.953053 	 4.111237 	 -0.008256 	 0.021545
10.905469 	 4.198486 	 0.024192 	 0.044037
10.859244 	 4.083191 	 0.010898 	 0.054077
10.815738 	 4.066040 	 0.011025 	 0.052063
10.765434 	 4.077148 	 -0.003068 	 0.037109
10.720569 	 4.055969 	 -0.029220 	 -0.002350
10.674797 	 4.069275 	 0.023308 	 0.023254
10.628572 	 4.090424 	 -0.002322 	 0.030670
10.584613 	 3.962585 	 0.029572 	 0.056152
10.535216 	 4.101196 	 -0.023319 	 0.025513
10.488991 	 4.032318 	 0.005465 	 0.019897
10.445032 	 4.079468 	 0.001353 	 0.026001
10.396088 	 4.119293 	 0.034770 	 0.062134
10.348956 	 4.236115 	 0.007979 	 0.062408
10.304091 	 4.032104 	 0.005039 	 0.049866
10.259225 	 4.099213 	 -0.008277 	 0.028717
10.211641 	 4.157135 	 -0.008490 	 0.014160
10.165416 	 4.134399 	 -0.010567 	 0.004364
10.116472 	 4.063202 	 0.022253 	 0.032257
10.069341 	 4.040009 	 0.021753 	 0.058807
10.024022 	 4.086365 	 -0.020421 	 0.026001
9.977797 	 4.147614 	 -0.028304 	 -0.013947
9.929306 	 3.948700 	 0.019526 	 0.015717
9.886253 	 4.089172 	 -0.018248 	 0.008606
9.840935 	 4.020447 	 0.022956 	 0.033295
9.794710 	 4.064117 	 -0.013018 	 0.023651
9.744406 	 4.006134 	 0.009001 	 0.026917
9.697728 	 4.045288 	 -0.039958 	 -0.013428
9.652863 	 4.165344 	 -0.006605 	 -0.016388
9.605278 	 4.107422 	 0.003164 	 0.006653
9.562225 	 4.078308 	 0.001055 	 0.017731
9.511469 	 4.128357 	 -0.043335 	 -0.023621
9.469322 	 4.145386 	 -0.001140 	 -0.017303
9.423097 	 4.006104 	 -0.014839 	 -0.011292
9.372794 	 4.079102 	 -0.007052 	 -0.006378
9.330647 	 4.053101 	 0.024885 	 0.032593
9.279437 	 4.066223 	 0.006647 	 0.044006
9.236838 	 4.114807 	 0.007052 	 0.042236
9.190160 	 4.169891 	 -0.036208 	 -0.002808
9.143935 	 4.103271 	 -0.007127 	 -0.010193
9.095897 	 4.031372 	 -0.003228 	 0.002502
9.048312 	 4.212189 	 0.017034 	 0.032898
9.002994 	 4.195099 	 -0.011324 	 0.022308
8.954956 	 4.081268 	 -0.002269 	 0.014252
8.908731 	 4.168427 	 -0.030733 	 -0.014496
8.863866 	 3.948090 	 0.010099 	 0.005066
8.816281 	 4.132263 	 0.000735 	 0.019623
8.769150 	 3.925537 	 0.008480 	 0.030060
8.725644 	 4.048126 	 -0.027516 	 0.000702
8.677606 	 4.124268 	 0.006669 	 0.008453
8.633194 	 4.064056 	 -0.003835 	 0.014404
8.585609 	 4.150299 	 -0.015223 	 0.002167
8.537572 	 4.001160 	 0.005135 	 0.013306
8.490440 	 4.147186 	 0.022030 	 0.044189
8.444669 	 3.914703 	 0.002546 	 0.044220
8.401163 	 4.053589 	 -0.017364 	 0.014404
8.353125 	 4.010315 	 -0.014903 	 -0.003601
8.308260 	 4.112396 	 -0.010706 	 -0.005707
8.261128 	 4.076294 	 -0.010908 	 -0.005188
8.212637 	 3.999359 	 -0.000415 	 0.006226
8.169131 	 4.026001 	 -0.005209 	 0.010193
8.121547 	 4.138214 	 0.018429 	 0.034119
8.073056 	 4.128906 	 0.002557 	 0.038116
8.027284 	 4.035461 	 0.000362 	 0.031586
7.980153 	 4.029175 	 0.007840 	 0.035919
7.933475 	 4.115295 	 -0.010077 	 0.020294
7.891328 	 3.961029 	 -0.013859 	 0.002350
7.840572 	 3.971069 	 -0.019079 	 -0.012665
7.795253 	 4.098022 	 -0.023116 	 -0.025482
7.752654 	 4.080963 	 -0.038765 	 -0.047852
7.705522 	 4.035126 	 0.017843 	 -0.007446
7.655672 	 3.995087 	 -0.010631 	 0.004730
7.611259 	 3.997681 	 0.004868 	 0.014954
7.563675 	 4.127594 	 -0.006839 	 0.013641
7.518356 	 4.063690 	 -0.016288 	 0.001282
7.473491 	 4.092316 	 -0.020677 	 -0.015137
7.422734 	 4.092255 	 -0.033748 	 -0.038788
7.378322 	 3.996216 	 0.009811 	 -0.007050
7.332550 	 4.083130 	 0.025769 	 0.041016
7.284966 	 4.121460 	 0.009673 	 0.050720
7.239647 	 4.109161 	 0.006626 	 0.046204
7.191609 	 3.948059 	 0.000213 	 0.036560
7.148103 	 4.091034 	 -0.023862 	 0.005096
7.100972 	 4.027191 	 -0.001353 	 0.004608
7.052481 	 3.942505 	 -0.034728 	 -0.022217
7.006709 	 3.926910 	 -0.027729 	 -0.040344
6.960937 	 4.087097 	 -0.002802 	 -0.019409
6.913806 	 4.007782 	 -0.031425 	 -0.028412
6.868941 	 4.074280 	 -0.034483 	 -0.049713
6.822263 	 4.162201 	 -0.023489 	 -0.048096
6.775131 	 4.145203 	 -0.016789 	 -0.035858
6.727547 	 3.888031 	 -0.002035 	 -0.010620
6.678149 	 4.052948 	 -0.037093 	 -0.032013
6.636003 	 4.061462 	 -0.015063 	 -0.032898
6.588419 	 4.059784 	 -0.009939 	 -0.018707
6.543553 	 4.083374 	 -0.046371 	 -0.048248
6.498235 	 4.062042 	 -0.042472 	 -0.072266
6.448837 	 4.081177 	 -0.015862 	 -0.053864
6.404425 	 4.081268 	 -0.022285 	 -0.041290
6.357747 	 4.072388 	 -0.012996 	 -0.028992
6.311069 	 4.001099 	 -0.023510 	 -0.030151
6.264391 	 4.058014 	 -0.002173 	 -0.012604
6.216353 	 4.075226 	 -0.051569 	 -0.047943
6.171941 	 4.163391 	 -0.019452 	 -0.050903
6.124356 	 4.122375 	 -0.043900 	 -0.064209
6.079491 	 4.028870 	 -0.027420 	 -0.063385
6.034625 	 3.879425 	 -0.036805 	 -0.065918
5.985228 	 4.064301 	 -0.027974 	 -0.061432
5.939003 	 4.045959 	 -0.009449 	 -0.036499
5.892325 	 4.066315 	 -0.018770 	 -0.028595
5.850179 	 3.975220 	 -0.036155 	 -0.045929
5.800328 	 3.850311 	 -0.020624 	 -0.045105
5.753650 	 3.993164 	 -0.008991 	 -0.025665
5.708331 	 3.915222 	 -0.007563 	 -0.010376
5.660294 	 4.023254 	 0.001427 	 0.006409
5.614069 	 4.031311 	 -0.052432 	 -0.038422
5.567844 	 3.963226 	 -0.036730 	 -0.065247
5.522072 	 4.069214 	 -0.027260 	 -0.061890
5.476300 	 4.058197 	 -0.034174 	 -0.063324
5.428716 	 3.997162 	 -0.017779 	 -0.047821
5.381584 	 4.050262 	 -0.023478 	 -0.041046
5.336266 	 3.913086 	 -0.034376 	 -0.051178
5.290041 	 3.993225 	 -0.022754 	 -0.048859
5.241096 	 4.140350 	 -0.015020 	 -0.034882
5.199403 	 4.155487 	 -0.036826 	 -0.047668
5.151819 	 4.070160 	 -0.058792 	 -0.085266
5.106500 	 4.028870 	 -0.015979 	 -0.066193
5.057103 	 4.034454 	 -0.012655 	 -0.036682
5.010878 	 3.948700 	 -0.060294 	 -0.072540
4.965106 	 4.008240 	 -0.044485 	 -0.089569
4.919334 	 3.960266 	 -0.024874 	 -0.073303
4.872656 	 4.075317 	 -0.076561 	 -0.110870
4.826431 	 3.935364 	 -0.021433 	 -0.090973
4.777034 	 3.953125 	 -0.077455 	 -0.117401
4.733981 	 3.863983 	 -0.039702 	 -0.112854
4.685490 	 3.904785 	 -0.045956 	 -0.102509
4.641985 	 3.972504 	 -0.045902 	 -0.099365
4.594853 	 4.067322 	 -0.079479 	 -0.133362
4.547269 	 4.071442 	 -0.073610 	 -0.155396
4.500591 	 3.945251 	 -0.037082 	 -0.126312
4.456178 	 3.993317 	 -0.020922 	 -0.080536
4.412219 	 3.961090 	 -0.087192 	 -0.123169
4.360556 	 4.110291 	 -0.077668 	 -0.159821
4.316144 	 4.040253 	 -0.054307 	 -0.147552
4.269466 	 3.966095 	 -0.088055 	 -0.168396
4.225507 	 4.023865 	 -0.080140 	 -0.183014
4.176563 	 4.028625 	 -0.083677 	 -0.189697
4.128978 	 3.990356 	 -0.054637 	 -0.164337
4.086832 	 3.867981 	 -0.071383 	 -0.158997
4.039247 	 3.943542 	 -0.053178 	 -0.142883
3.992569 	 4.010284 	 -0.075474 	 -0.152466
3.945891 	 3.974243 	 -0.072150 	 -0.162750
3.897853 	 4.048401 	 -0.104194 	 -0.199280
3.848909 	 4.014252 	 -0.101264 	 -0.224976
3.807669 	 3.832306 	 -0.058153 	 -0.191406
3.759178 	 4.022949 	 -0.089408 	 -0.190674
3.712047 	 3.874847 	 -0.086649 	 -0.200562
3.665822 	 4.005096 	 -0.081226 	 -0.199219
3.621863 	 3.874237 	 -0.101541 	 -0.217163
3.570653 	 3.943451 	 -0.088694 	 -0.219238
3.526241 	 3.782745 	 -0.088662 	 -0.215271
3.480469 	 3.905426 	 -0.067186 	 -0.191437
3.430618 	 3.957825 	 -0.079554 	 -0.184113
3.386206 	 3.914978 	 -0.075644 	 -0.182129
3.341794 	 3.981049 	 -0.100177 	 -0.203522
3.296475 	 3.976196 	 -0.082143 	 -0.206207
3.247984 	 3.948975 	 -0.116508 	 -0.236511
3.201759 	 3.878998 	 -0.132625 	 -0.279358
3.154628 	 3.962280 	 -0.112321 	 -0.285278
3.109763 	 3.935699 	 -0.102159 	 -0.268005
3.061272 	 3.882019 	 -0.065812 	 -0.218689
3.015500 	 3.958099 	 -0.092571 	 -0.209045
2.968369 	 3.983856 	 -0.068742 	 -0.191742
2.923050 	 3.972015 	 -0.058472 	 -0.163605
2.876372 	 4.015961 	 -0.044368 	 -0.132965
2.829240 	 4.000458 	 -0.061093 	 -0.129425
2.783922 	 3.961151 	 -0.066451 	 -0.140533
2.737244 	 4.086731 	 -0.056608 	 -0.136902
2.690565 	 3.959839 	 -0.076039 	 -0.151337
2.643434 	 3.761047 	 -0.065130 	 -0.153931
2.596756 	 3.118805 	 -0.488946 	 -0.594543
2.553250 	 3.137543 	 -0.452620 	 -0.926880
2.505666 	 2.987610 	 -0.525857 	 -1.136200
2.457175 	 2.872742 	 -0.545746 	 -1.280670
2.413216 	 2.851105 	 -0.532707 	 -1.341003
2.366991 	 2.838104 	 -0.519146 	 -1.350220
2.318500 	 2.827545 	 -0.519647 	 -1.348907
2.273634 	 2.857178 	 -0.536563 	 -1.367615
2.227409 	 2.725342 	 -0.568564 	 -1.417175
2.180731 	 2.792938 	 -0.577789 	 -1.462097
2.133600 	 2.756531 	 -0.541240 	 -1.446808
2.085109 	 2.729584 	 -0.531780 	 -1.414642
2.044322 	 2.833618 	 -0.556292 	 -1.427094
1.994925 	 2.747650 	 -0.605475 	 -1.490845
1.947340 	 2.741730 	 -0.568148 	 -1.501160
1.900662 	 2.743011 	 -0.590146 	 -1.513031
1.855344 	 2.726440 	 -0.568915 	 -1.505310
1.809119 	 2.790100 	 -0.554140 	 -1.477814
1.765613 	 2.900604 	 -0.571791 	 -1.477692
1.715309 	 2.786865 	 -0.557027 	 -1.470184
1.668178 	 2.990356 	 -0.518464 	 -1.421936
1.623766 	 2.805908 	 -0.522800 	 -1.387085
1.576634 	 2.965332 	 -0.445877 	 -1.293427
1.531316 	 2.946777 	 -0.454133 	 -1.229523
1.483278 	 2.915649 	 -0.430601 	 -1.180206
1.439319 	 2.888855 	 -0.448870 	 -1.166718
1.393094 	 2.968201 	 -0.450266 	 -1.170197
1.344150 	 3.145905 	 -0.459672 	 -1.181915
1.300644 	 2.994629 	 -0.429919 	 -1.159393
1.252606 	 3.036682 	 -0.406558 	 -1.112396
1.206834 	 3.084564 	 -0.394169 	 -1.068817
1.156984 	 2.942932 	 -0.359431 	 -1.008698
1.111212 	 3.065552 	 -0.337146 	 -0.944092
1.068159 	 2.890167 	 -0.334301 	 -0.902740
1.020575 	 3.078033 	 -0.265634 	 -0.811462
0.974350 	 3.060120 	 -0.327611 	 -0.806458
0.926765 	 3.186676 	 -0.257293 	 -0.756592
0.878728 	 2.985809 	 -0.218954 	 -0.666016
0.835675 	 3.106598 	 -0.195998 	 -0.584473
0.789903 	 3.092102 	 -0.223056 	 -0.567657
0.741412 	 3.044434 	 -0.093062 	 -0.434662
0.697906 	 2.999817 	 -0.046403 	 -0.273163
0.647150 	 3.007660 	 -0.006221 	 -0.138458
0.602284 	 2.901489 	 -0.017737 	 -0.072540
0.557872 	 2.863647 	 0.029966 	 0.000549
0.508928 	 2.605865 	 0.281187 	 0.316559
0.461343 	 2.293243 	 0.393178 	 0.678345
0.416478 	 2.331512 	 0.347415 	 0.836609
0.370706 	 1.354004 	 1.116663 	 1.696472
0.323575 	 1.287415 	 1.125654 	 2.404968
0.278256 	 1.849457 	 0.755219 	 2.331604
0.232031 	 1.372986 	 1.025392 	 2.436920
0.186259 	 1.242432 	 1.152701 	 2.729889
0.138675 	 1.102173 	 1.137692 	 2.897980
0.090184 	 0.847626 	 1.435699 	 3.280548
0.046678 	 0.858795 	 1.338409 	 3.470978
0.000000 	 0.589752 	 1.400237 	 3.582581
0.045319 	 0.663635 	 1.429159 	 3.690094
0.091997 	 0.822510 	 1.224340 	 3.534698
0.139128 	 0.977570 	 1.246178 	 3.406555
0.184900 	 1.066620 	 1.164196 	 3.274353
0.233844 	 0.963531 	 1.084727 	 3.099976
0.278256 	 1.063385 	 1.156227 	 3.063660
0.324028 	 1.300598 	 1.109984 	 3.026459
0.372066 	 1.463013 	 0.892958 	 2.764954
0.418744 	 1.792267 	 0.640394 	 2.294037
0.465422 	 1.575348 	 0.831599 	 2.182953
0.513007 	 1.281647 	 0.777813 	 2.156006
0.557872 	 2.312500 	 0.326354 	 1.644562
0.604550 	 2.438019 	 0.269938 	 1.175049
0.649416 	 2.089050 	 0.630562 	 1.320099
0.696094 	 2.960693 	 0.079607 	 0.954437
0.740053 	 2.877350 	 0.023936 	 0.504791
0.789450 	 2.670380 	 0.153835 	 0.419342
0.837035 	 2.895538 	 -0.040832 	 0.228790
0.882353 	 2.989868 	 -0.051548 	 0.050964
0.927672 	 3.134674 	 -0.115421 	 -0.100006
0.975256 	 3.004395 	 -0.113419 	 -0.193787
1.020122 	 3.012817 	 -0.202794 	 -0.327850
1.068159 	 2.855438 	 -0.139166 	 -0.358734
1.115291 	 3.183319 	 -0.212371 	 -0.423492
1.158344 	 3.092773 	 -0.266540 	 -0.540222
1.209554 	 3.031952 	 -0.271579 	 -0.619659
1.252606 	 2.995728 	 -0.274742 	 -0.660797
1.301097 	 3.142517 	 -0.326216 	 -0.735535
1.345509 	 3.199341 	 -0.321262 	 -0.785126
1.392641 	 3.034424 	 -0.328506 	 -0.814178
1.437959 	 3.157928 	 -0.397951 	 -0.904175
1.482372 	 3.004456 	 -0.370616 	 -0.941833
1.530409 	 3.137512 	 -0.368997 	 -0.946564
1.575728 	 2.975067 	 -0.379863 	 -0.960266
1.621500 	 2.929138 	 -0.396673 	 -0.988770
1.669084 	 3.081940 	 -0.366142 	 -0.976135
1.713950 	 2.996490 	 -0.415783 	 -1.010071
1.762440 	 2.900055 	 -0.449680 	 -1.082520
1.807306 	 2.899719 	 -0.412289 	 -1.089355
1.854890 	 2.977386 	 -0.398601 	 -1.062836
1.903381 	 3.013550 	 -0.455262 	 -1.104889
1.949606 	 2.907196 	 -0.456317 	 -1.147614
1.993112 	 3.060577 	 -0.412630 	 -1.120636
2.040244 	 3.022949 	 -0.493782 	 -1.177002
2.087828 	 2.974854 	 -0.452940 	 -1.192993
2.134506 	 2.834534 	 -0.484099 	 -1.216125
2.178012 	 2.918671 	 -0.485366 	 -1.242950
2.226503 	 2.869110 	 -0.514427 	 -1.282959
2.274088 	 2.895996 	 -0.539407 	 -1.340332
2.320312 	 2.792999 	 -0.496349 	 -1.330078
2.366537 	 2.796783 	 -0.566998 	 -1.380981
2.413669 	 2.894714 	 -0.515343 	 -1.382019
2.456268 	 2.808899 	 -0.503678 	 -1.347595
2.507025 	 2.815521 	 -0.549421 	 -1.374359
2.552797 	 2.824341 	 -0.533559 	 -1.388580
2.598116 	 2.837738 	 -0.574092 	 -1.431427
2.642075 	 2.923676 	 -0.548473 	 -1.439850
2.692378 	 2.822571 	 -0.565464 	 -1.452911
2.739510 	 2.881531 	 -0.611803 	 -1.513580
2.781656 	 2.729370 	 -0.542912 	 -1.487427
2.830147 	 2.828094 	 -0.553959 	 -1.459747
2.881357 	 2.833344 	 -0.566039 	 -1.464600
2.921237 	 2.816589 	 -0.563440 	 -1.467865
2.970634 	 2.875610 	 -0.565591 	 -1.471497
3.015953 	 2.876495 	 -0.557069 	 -1.465179
3.061272 	 2.846375 	 -0.575733 	 -1.478363
3.109763 	 2.852631 	 -0.533144 	 -1.448792
3.155534 	 2.833801 	 -0.524163 	 -1.406921
3.202666 	 2.988098 	 -0.542497 	 -1.406067
3.246172 	 2.967499 	 -0.503071 	 -1.370636
3.294662 	 2.932770 	 -0.516238 	 -1.351654
3.340887 	 3.034332 	 -0.507812 	 -1.341034
3.389378 	 2.879395 	 -0.469132 	 -1.291595
3.433337 	 2.917114 	 -0.457840 	 -1.241425
3.480016 	 3.141449 	 -0.467917 	 -1.225861
3.526241 	 3.188965 	 -0.478687 	 -1.233490
3.570653 	 3.151031 	 -0.451640 	 -1.213257
3.620503 	 3.807587 	 -0.020634 	 -0.742035
3.668994 	 4.088348 	 -0.022243 	 -0.354980
3.710234 	 4.063110 	 -0.025982 	 -0.190369
3.758725 	 3.977051 	 -0.023958 	 -0.114105
3.805856 	 3.953796 	 -0.022498 	 -0.077332
3.852534 	 3.941010 	 -0.018440 	 -0.054901
3.897853 	 3.989319 	 -0.071501 	 -0.097534
3.944078 	 3.978180 	 -0.072608 	 -0.139709
3.992569 	 3.983124 	 -0.097770 	 -0.184296
4.033356 	 3.924500 	 -0.098207 	 -0.212616
4.081847 	 3.988373 	 -0.058163 	 -0.185699
4.130338 	 3.832184 	 -0.076060 	 -0.175201
4.174750 	 3.913727 	 -0.084848 	 -0.187988
4.221428 	 3.954407 	 -0.098388 	 -0.210449
4.268106 	 4.014221 	 -0.055191 	 -0.180939
4.316597 	 4.100067 	 -0.068358 	 -0.164001
4.362369 	 4.054138 	 -0.071000 	 -0.164062
4.410406 	 4.197876 	 -0.072108 	 -0.166901
4.453459 	 3.881500 	 -0.105749 	 -0.203400
4.501044 	 3.899261 	 -0.091176 	 -0.218384
4.548628 	 3.862305 	 -0.073141 	 -0.199860
4.593040 	 4.041656 	 -0.064289 	 -0.175659
4.642891 	 4.094025 	 -0.066835 	 -0.162689
4.684131 	 3.896210 	 -0.106601 	 -0.200897
4.731715 	 3.859344 	 -0.062062 	 -0.187286
4.778847 	 3.961060 	 -0.060369 	 -0.161194
4.823712 	 3.912964 	 -0.076923 	 -0.166687
4.872203 	 4.040497 	 -0.083432 	 -0.182129
4.918881 	 3.859436 	 -0.088758 	 -0.196716
4.963293 	 3.977295 	 -0.065876 	 -0.181641
5.010425 	 3.860260 	 -0.060145 	 -0.159790
5.057556 	 4.087952 	 -0.067516 	 -0.155243
5.105594 	 3.877991 	 -0.040938 	 -0.127502
5.151366 	 4.063049 	 -0.067985 	 -0.132935
5.196684 	 3.898956 	 -0.068028 	 -0.146667
5.246535 	 3.935303 	 -0.082888 	 -0.167999
5.292760 	 3.906250 	 -0.071490 	 -0.172180
5.336719 	 4.032776 	 -0.073162 	 -0.170715
5.384303 	 3.979706 	 -0.053370 	 -0.149933
5.428262 	 3.976471 	 -0.046041 	 -0.125458
5.475394 	 4.030121 	 -0.077093 	 -0.143555
5.521619 	 4.044250 	 -0.053892 	 -0.140594
5.571016 	 4.065155 	 -0.044933 	 -0.120911
5.614522 	 4.073364 	 -0.078734 	 -0.143280
5.660294 	 4.031891 	 -0.056821 	 -0.143616
5.708784 	 3.943176 	 -0.096343 	 -0.176300
5.753650 	 3.903442 	 -0.086340 	 -0.196991
5.802141 	 3.979370 	 -0.049428 	 -0.162933
5.846553 	 4.008057 	 -0.062638 	 -0.146912
5.892325 	 3.944122 	 -0.068582 	 -0.151672
5.939909 	 3.906128 	 -0.031724 	 -0.117859
5.987494 	 3.894409 	 -0.056704 	 -0.113037
6.032812 	 4.020233 	 -0.042184 	 -0.105835
6.078131 	 3.939301 	 -0.040576 	 -0.096008
6.127528 	 3.940399 	 -0.053487 	 -0.103119
6.169221 	 4.012268 	 -0.060081 	 -0.118866
6.216806 	 3.946045 	 -0.060432 	 -0.129547
6.266656 	 4.001190 	 -0.043367 	 -0.116241
6.312428 	 4.104950 	 -0.063117 	 -0.123444
6.354121 	 4.064270 	 -0.043974 	 -0.115204
6.403065 	 4.083282 	 -0.020964 	 -0.079376
6.447478 	 4.075256 	 -0.022903 	 -0.056366
6.495062 	 4.119965 	 -0.036581 	 -0.060822
6.544006 	 4.013153 	 -0.055340 	 -0.088898
6.588872 	 4.028259 	 -0.019974 	 -0.071381
6.633737 	 4.022278 	 -0.042536 	 -0.073181
6.679509 	 3.988586 	 -0.072236 	 -0.114288
6.728000 	 4.020203 	 -0.041481 	 -0.112854
6.776038 	 3.995087 	 -0.073929 	 -0.132812
6.819090 	 4.067017 	 -0.028070 	 -0.107391
6.868941 	 4.016022 	 -0.040555 	 -0.088470
6.916525 	 4.076172 	 -0.030126 	 -0.075806
6.961391 	 4.049469 	 -0.049513 	 -0.086578
7.010788 	 3.941376 	 -0.041332 	 -0.090424
7.055200 	 4.156067 	 -0.023084 	 -0.068726
7.100066 	 3.880219 	 -0.040075 	 -0.069977
7.147197 	 4.060181 	 -0.029444 	 -0.066162
7.192062 	 4.096039 	 -0.031628 	 -0.061920
7.240100 	 4.020905 	 -0.018994 	 -0.048645
7.284966 	 4.059204 	 -0.036805 	 -0.055450
7.334363 	 3.931580 	 -0.017417 	 -0.046783
7.379681 	 3.979309 	 -0.017279 	 -0.034393
7.425453 	 4.022186 	 -0.037689 	 -0.050598
7.473491 	 4.068146 	 -0.018791 	 -0.045349
7.519263 	 4.124786 	 -0.041492 	 -0.059204
7.565034 	 3.969757 	 -0.012442 	 -0.044159
7.610806 	 3.887970 	 -0.018227 	 -0.032532
7.658391 	 4.063019 	 -0.008181 	 -0.020050
7.704163 	 3.959259 	 -0.031756 	 -0.035126
7.746309 	 4.048523 	 -0.049513 	 -0.067841
7.797066 	 4.049805 	 -0.034621 	 -0.074615
7.841931 	 3.933319 	 -0.007382 	 -0.042847
7.889969 	 4.094391 	 -0.029732 	 -0.040588
7.938460 	 4.013275 	 -0.020613 	 -0.039673
7.979247 	 3.945251 	 -0.010535 	 -0.025024
8.029550 	 4.050232 	 -0.022956 	 -0.027222
8.077135 	 4.100159 	 -0.006647 	 -0.015839
8.121094 	 3.987549 	 -0.003537 	 -0.000946
8.170944 	 3.959259 	 -0.012815 	 -0.003387
8.214903 	 4.174255 	 -0.048395 	 -0.045746
8.260675 	 4.037689 	 -0.038243 	 -0.067413
8.305087 	 4.137054 	 -0.048118 	 -0.082764
8.352219 	 4.121735 	 -0.012879 	 -0.059082
8.400710 	 4.030334 	 -0.044496 	 -0.066193
8.443762 	 3.989166 	 -0.035324 	 -0.071777
8.490894 	 4.084198 	 -0.018813 	 -0.055267
8.539838 	 3.961212 	 -0.012048 	 -0.031647
8.586516 	 4.096405 	 -0.047468 	 -0.056152
8.629568 	 4.090485 	 -0.032118 	 -0.065948
8.680779 	 3.933167 	 0.015436 	 -0.013885
8.724284 	 4.118011 	 0.003686 	 0.016296
8.772322 	 4.105316 	 -0.015894 	 0.004211
8.819907 	 3.994843 	 -0.008522 	 -0.001617
8.863866 	 4.070953 	 -0.000660 	 0.007477
8.912357 	 3.996307 	 -0.026269 	 -0.012482
8.956769 	 4.065094 	 0.002621 	 -0.001434
9.003447 	 3.925598 	 -0.021028 	 -0.008972
9.050125 	 3.994080 	 -0.021923 	 -0.022430
9.094537 	 4.049377 	 0.018972 	 0.013519
9.143481 	 4.068146 	 -0.001981 	 0.024048
9.188347 	 4.136963 	 0.017066 	 0.041534
9.238197 	 3.998260 	 -0.014115 	 0.023254
9.284875 	 4.014435 	 0.019377 	 0.037201
9.328381 	 4.069397 	 -0.006104 	 0.031403
9.376872 	 4.017944 	 -0.004645 	 0.019409
9.420378 	 4.076996 	 -0.004804 	 0.013855
9.467963 	 4.109222 	 -0.003068 	 0.013214
9.514641 	 4.075989 	 -0.041908 	 -0.025909
9.562225 	 3.980255 	 -0.048352 	 -0.067169
9.606184 	 4.029144 	 -0.008735 	 -0.044922
9.655582 	 4.140594 	 -0.006669 	 -0.018158
9.699088 	 3.945740 	 0.008746 	 0.011230
9.748938 	 4.058075 	 -0.017939 	 0.002045
9.791084 	 3.898987 	 -0.008224 	 -0.002472
9.837762 	 4.028381 	 -0.027186 	 -0.020721
9.884894 	 3.907745 	 -0.012261 	 -0.020630
9.932932 	 4.024353 	 -0.003377 	 -0.005310
9.976891 	 4.018463 	 -0.000767 	 0.007660
10.023569 	 4.118256 	 -0.033907 	 -0.019196
10.069794 	 3.944275 	 -0.003910 	 -0.014526
10.120551 	 4.063202 	 0.032789 	 0.039337
10.163150 	 3.950775 	 0.023244 	 0.067688
10.209828 	 4.112030 	 -0.023660 	 0.026794
10.254694 	 4.031006 	 -0.025332 	 -0.010651
10.302278 	 4.024017 	 -0.007553 	 -0.009949
10.348503 	 4.039032 	 -0.000266 	 0.004059
10.395181 	 4.027588 	 0.009289 	 0.023529
10.442766 	 4.072174 	 -0.016842 	 0.008636
10.489444 	 4.026855 	 -0.003846 	 0.005890
10.535669 	 4.104370 	 -0.000096 	 0.014862
10.579628 	 3.998993 	 -0.031702 	 -0.014465
10.625853 	 4.062927 	 0.002344 	 -0.003998
10.674797 	 4.188324 	 -0.010024 	 0.000610
10.719662 	 4.047516 	 -0.002791 	 0.003876
10.768153 	 4.075104 	 0.018919 	 0.032928
10.813019 	 3.958618 	 -0.001140 	 0.033722
10.856978 	 4.001312 	 0.017960 	 0.044891
10.903656 	 4.098206 	 -0.003068 	 0.036713
10.948521 	 4.124634 	 -0.027452 	 -0.000763
10.995653 	 3.990295 	 0.017790 	 0.020172
11.042784 	 4.081085 	 -0.009460 	 0.018158
11.089462 	 3.951080 	 -0.021156 	 -0.005310
11.135687 	 3.969330 	 -0.011931 	 -0.012085
11.183272 	 4.057037 	 -0.000320 	 0.002777
11.225871 	 3.959320 	 -0.009577 	 0.003174
11.279800 	 4.027618 	 -0.008053 	 0.001465
11.324666 	 4.017456 	 -0.004634 	 0.005127
11.369078 	 4.077179 	 -0.026738 	 -0.014801
11.415756 	 3.892761 	 0.000937 	 -0.003235
11.463341 	 4.032013 	 -0.000437 	 0.010101
11.509566 	 4.027649 	 0.014711 	 0.032043
11.554884 	 3.935455 	 -0.035324 	 -0.003601
11.601109 	 4.094299 	 -0.017268 	 -0.021393
11.648694 	 3.965179 	 0.019217 	 0.016327
11.695372 	 4.065216 	 0.002748 	 0.030365
11.742050 	 4.011780 	 -0.001364 	 0.025208
11.791447 	 4.076874 	 -0.019367 	 0.002808
11.833594 	 3.997711 	 0.002407 	 0.008453
11.880272 	 3.958252 	 0.019260 	 0.038055
11.928310 	 4.158295 	 -0.019473 	 0.017120
11.970003 	 4.128418 	 -0.005422 	 0.006409
12.017587 	 4.149994 	 0.019846 	 0.034271
12.065172 	 4.171448 	 0.012251 	 0.048920
12.112756 	 4.047363 	 0.002567 	 0.041840
12.156262 	 3.939941 	 0.010461 	 0.042999
12.205659 	 4.070129 	 0.031681 	 0.069366
12.251431 	 4.156281 	 -0.021252 	 0.034851
12.299469 	 4.062347 	 0.029380 	 0.049500
12.345694 	 4.038727 	 0.008213 	 0.055328
12.392825 	 4.032196 	 0.005752 	 0.046600
12.435878 	 4.000885 	 -0.017002 	 0.018341
12.484822 	 4.011810 	 0.007883 	 0.022125
12.525609 	 4.112091 	 0.000714 	 0.026001
12.577725 	 4.022186 	 0.008980 	 0.033966
12.622137 	 3.947296 	 0.002919 	 0.034607
12.667003 	 4.012390 	 -0.010621 	 0.017548
12.714587 	 4.093262 	 0.034046 	 0.051941
12.760359 	 4.164368 	 -0.024363 	 0.023743
12.806131 	 3.959167 	 -0.019803 	 -0.004089
12.856888 	 4.063995 	 0.011952 	 0.015106
12.900847 	 3.998138 	 0.027803 	 0.053375
12.947978 	 4.146179 	 -0.006903 	 0.039948
12.995110 	 4.084320 	 -0.012101 	 0.013519
13.041335 	 4.101105 	 -0.017417 	 -0.004272
13.083934 	 4.088379 	 0.002546 	 0.006165
13.134238 	 4.065399 	 -0.010706 	 0.004974
13.181369 	 4.010468 	 0.037721 	 0.050598
13.228500 	 4.096558 	 0.030115 	 0.081940
13.273819 	 3.991913 	 0.005326 	 0.065704
13.320950 	 4.071228 	 0.008703 	 0.051147
13.364456 	 4.044220 	 0.015947 	 0.055908
13.412041 	 3.951691 	 0.009012 	 0.053650
13.457359 	 4.171387 	 -0.029316 	 0.011047
13.504491 	 4.180939 	 -0.024980 	 -0.020294
13.549809 	 3.935181 	 0.016075 	 0.010590
13.595128 	 4.000732 	 0.037029 	 0.062866
13.645885 	 4.129364 	 0.010546 	 0.067169
13.690297 	 4.151794 	 -0.002365 	 0.043793
13.739694 	 4.082520 	 -0.005252 	 0.025665
13.782747 	 4.142242 	 0.012261 	 0.035492
13.827612 	 4.095367 	 0.006583 	 0.041138
13.874744 	 4.050079 	 0.025279 	 0.060974
13.919609 	 4.065735 	 -0.013348 	 0.035461
13.969913 	 4.126282 	 -0.004730 	 0.018402
14.013419 	 4.048248 	 0.034323 	 0.054871
14.063269 	 3.966156 	 0.010738 	 0.063049
14.108588 	 4.112854 	 -0.012496 	 0.031433
14.154359 	 4.034424 	 0.009758 	 0.030975
14.203304 	 3.985077 	 0.034110 	 0.067291
14.247263 	 4.041260 	 0.000905 	 0.057190
14.293488 	 4.194366 	 0.012293 	 0.051208
14.341072 	 4.214417 	 -0.007979 	 0.032623
14.387750 	 3.986267 	 0.008554 	 0.032623
14.430803 	 4.052795 	 -0.005017 	 0.025208
14.477028 	 4.053070 	 0.013390 	 0.035614
14.525972 	 4.175354 	 -0.016458 	 0.016571
14.570837 	 3.958069 	 -0.006008 	 0.008087
14.617969 	 4.022980 	 0.025215 	 0.040192
14.664647 	 4.028961 	 -0.007254 	 0.033112
14.711325 	 4.107574 	 0.028166 	 0.054413
14.755284 	 4.004211 	 0.018823 	 0.069305
14.805135 	 3.997742 	 0.005657 	 0.057831
14.850906 	 3.984192 	 0.005603 	 0.047089
14.894865 	 3.906158 	 0.013955 	 0.049774
14.943356 	 3.970551 	 0.028720 	 0.071808
14.989581 	 4.129089 	 0.012868 	 0.069366
15.037619 	 4.104492 	 0.024235 	 0.073914
15.083391 	 4.219025 	 0.022307 	 0.078247
15.128256 	 4.192322 	 0.015787 	 0.071259
15.176747 	 4.075195 	 -0.019516 	 0.029602
15.223425 	 4.068390 	 0.010227 	 0.028992
15.267384 	 4.126099 	 0.000021 	 0.030243
15.316328 	 4.063141 	 -0.000043 	 0.026642
15.363460 	 4.061096 	 -0.001726 	 0.022064
15.409232 	 4.123169 	 0.053071 	 0.076843
15.454550 	 4.071320 	 -0.021529 	 0.046112
15.501228 	 4.059509 	 0.018376 	 0.043854
15.549266 	 4.082520 	 0.027686 	 0.068573
15.595491 	 4.060394 	 0.001119 	 0.055481
15.640356 	 4.124390 	 -0.002418 	 0.033569
15.687035 	 3.978546 	 0.002503 	 0.030426
15.731447 	 3.947296 	 0.012549 	 0.040527
15.781750 	 3.997986 	 -0.012378 	 0.022339
15.825710 	 4.128113 	 0.011047 	 0.029572
15.872841 	 4.023346 	 -0.006807 	 0.022552
15.920879 	 4.086304 	 0.014924 	 0.034515
15.962572 	 4.052185 	 -0.009555 	 0.024078
16.010156 	 4.092499 	 0.027260 	 0.048309
16.056834 	 4.041260 	 0.009215 	 0.055939
16.103966 	 4.089355 	 0.011025 	 0.052429
16.151097 	 4.123199 	 0.029721 	 0.071472
16.196416 	 4.077545 	 0.010003 	 0.067078
16.243094 	 4.007324 	 0.007169 	 0.051971
16.290225 	 4.141815 	 0.018802 	 0.058594
16.336450 	 4.045441 	 -0.014988 	 0.030823
16.384488 	 4.114319 	 0.010983 	 0.031860
16.429807 	 4.089203 	 -0.008895 	 0.022003
16.477391 	 4.117554 	 -0.001129 	 0.017944
16.521803 	 4.076233 	 0.016512 	 0.036713
16.567122 	 4.075287 	 0.010312 	 0.046204
16.615613 	 4.073975 	 0.023372 	 0.062195
16.660025 	 4.092285 	 0.017747 	 0.068634
16.705797 	 3.925934 	 0.022573 	 0.074615
16.753381 	 4.021973 	 0.045977 	 0.103455
16.802779 	 4.132202 	 0.017087 	 0.095703
16.847191 	 4.027191 	 0.005454 	 0.069153
16.891150 	 4.119812 	 0.022829 	 0.070435
16.939188 	 3.980896 	 0.010898 	 0.065094
16.988132 	 4.115051 	 -0.001726 	 0.047150
17.032997 	 4.058228 	 0.024405 	 0.059418
17.077409 	 3.917145 	 -0.003174 	 0.045837
17.124541 	 4.203217 	 -0.005486 	 0.026184
17.170312 	 4.128601 	 0.019292 	 0.041901
17.219710 	 4.095306 	 -0.024384 	 0.014252
17.262309 	 4.064056 	 0.019281 	 0.029114
17.308081 	 4.136139 	 0.041961 	 0.077881
17.356119 	 4.142914 	 0.000948 	 0.065643
17.402344 	 3.998993 	 0.028102 	 0.072266
17.449928 	 4.153137 	 0.035569 	 0.093658
17.494341 	 4.118103 	 0.018845 	 0.089172
17.541925 	 4.137238 	 0.031649 	 0.093536
17.591322 	 4.030334 	 0.021870 	 0.090637
17.634375 	 4.019653 	 0.014775 	 0.077606
17.681053 	 4.155121 	 0.024224 	 0.078369
17.729544 	 3.988098 	 0.005081 	 0.062561
17.772597 	 4.106415 	 0.025332 	 0.069244
17.821088 	 3.983185 	 0.048363 	 0.104492
17.868219 	 4.127319 	 0.033886 	 0.114655
17.914444 	 4.036072 	 0.035622 	 0.114960
17.958403 	 4.133636 	 0.017449 	 0.096710
18.007800 	 4.114380 	 0.027793 	 0.092651
18.059464 	 4.215118 	 0.005220 	 0.071686
18.102063 	 4.126587 	 0.003931 	 0.052307
18.146022 	 4.108948 	 -0.006871 	 0.029022
18.194060 	 4.011871 	 -0.000905 	 0.022217
18.239832 	 4.103241 	 0.027857 	 0.052216
18.285603 	 4.046021 	 0.037082 	 0.086975
18.329109 	 4.083160 	 0.004911 	 0.072876
18.378506 	 4.172546 	 -0.006019 	 0.040588
18.424278 	 4.095703 	 0.006061 	 0.034637
18.470503 	 3.940948 	 0.020272 	 0.052582
18.520354 	 4.037018 	 0.009651 	 0.055176
18.565672 	 4.177155 	 0.000043 	 0.041199
18.611897 	 4.094055 	 0.036688 	 0.069550
18.656763 	 4.124542 	 0.035132 	 0.095947
18.701628 	 3.969177 	 0.039383 	 0.111145
18.750119 	 4.125153 	 -0.009609 	 0.068390
18.798157 	 3.986298 	 0.050067 	 0.091980
18.843022 	 3.916321 	 0.018493 	 0.094513
18.890154 	 4.117249 	 0.026877 	 0.091370
18.935925 	 4.062500 	 0.010546 	 0.075775
18.981697 	 4.107635 	 -0.028219 	 0.021576
19.031094 	 3.936493 	 0.004645 	 0.016785
19.076866 	 4.056396 	 -0.001364 	 0.021027
19.119919 	 4.052338 	 0.007169 	 0.030243
19.166597 	 3.992310 	 -0.010610 	 0.017609
19.215088 	 3.993378 	 0.019803 	 0.036957
19.259953 	 4.052246 	 0.019952 	 0.059906
19.305725 	 4.181244 	 0.017939 	 0.067139
19.354216 	 4.052795 	 0.015968 	 0.067322
19.397722 	 4.119232 	 0.037018 	 0.087982
19.444400 	 4.001129 	 0.018940 	 0.087006
19.492438 	 4.018127 	 0.014871 	 0.074738
19.540022 	 4.073914 	 0.001672 	 0.053467
19.585794 	 4.052490 	 0.004623 	 0.042511
19.631113 	 3.964233 	 0.000138 	 0.034393
19.677791 	 4.174286 	 0.054169 	 0.085114
19.724469 	 4.030487 	 0.031660 	 0.103943
19.769334 	 4.222168 	 0.035026 	 0.109100
19.820544 	 4.078339 	 -0.004740 	 0.071198
19.862691 	 4.077209 	 0.012890 	 0.057648
19.909369 	 4.076843 	 0.011505 	 0.056030
19.956953 	 4.182190 	 -0.017066 	 0.024475
20.002272 	 4.097382 	 0.008639 	 0.026306
20.050310 	 4.153259 	 0.035015 	 0.064850
20.095628 	 4.047302 	 0.000863 	 0.058990
20.144119 	 4.045990 	 0.016938 	 0.056915
20.188078 	 4.049622 	 0.034515 	 0.081024
20.235663 	 4.133301 	 0.001459 	 0.064697
20.281888 	 4.068451 	 0.008139 	 0.050751
20.326753 	 4.029053 	 0.010205 	 0.049225
20.375244 	 4.203369 	 0.045934 	 0.087036
20.421469 	 4.178955 	 0.028059 	 0.100922
20.467241 	 4.017700 	 0.004357 	 0.073975
20.513013 	 4.147308 	 0.025279 	 0.074554
20.560144 	 4.031799 	 0.030222 	 0.088684
20.605463 	 4.134277 	 -0.010440 	 0.053833
20.650328 	 4.186249 	 0.041939 	 0.076904
20.699725 	 4.175171 	 0.044624 	 0.110809
20.744591 	 4.069366 	 0.012932 	 0.094513
20.790363 	 4.032898 	 0.026248 	 0.088409
20.837494 	 4.195465 	 0.033993 	 0.098358
20.885532 	 4.112244 	 -0.000266 	 0.070190
20.930850 	 4.072357 	 0.038477 	 0.084839
20.977075 	 4.130341 	 0.039628 	 0.107483
21.025113 	 3.959381 	 0.026866 	 0.105347
21.067712 	 4.021057 	 -0.009183 	 0.060974
21.115297 	 4.048676 	 0.032736 	 0.070953
21.162428 	 4.128174 	 0.036666 	 0.096191
21.210919 	 4.189423 	 0.019058 	 0.090393
21.255785 	 4.097595 	 0.005657 	 0.067535
21.306541 	 4.073486 	 0.024831 	 0.072327
21.348688 	 4.095184 	 0.037849 	 0.094238
21.393100 	 3.957001 	 0.037039 	 0.109650
21.441138 	 3.948212 	 0.042888 	 0.122192
21.488269 	 4.096100 	 0.045902 	 0.133179
21.535854 	 4.118286 	 0.013625 	 0.104828
21.579359 	 4.183502 	 -0.020996 	 0.043427
21.626491 	 4.022949 	 -0.010248 	 0.012695
21.671356 	 4.079987 	 -0.000703 	 0.013641
21.719394 	 4.110077 	 -0.009598 	 0.008179
21.766525 	 4.253967 	 0.017758 	 0.030945
21.813657 	 4.140747 	 0.027218 	 0.063416
21.859428 	 4.029144 	 0.014125 	 0.067413
21.906107 	 4.157867 	 0.044166 	 0.094269
21.949612 	 4.034424 	 0.033513 	 0.107880
21.998103 	 4.018158 	 -0.008565 	 0.064911
22.044328 	 4.242035 	 0.022562 	 0.060394
22.094632 	 4.175659 	 0.025396 	 0.076477
22.139044 	 4.134979 	 0.000501 	 0.056976
22.183910 	 4.098053 	 -0.014381 	 0.023315
22.227415 	 4.086395 	 0.015425 	 0.034058
22.277719 	 3.931458 	 0.011569 	 0.046875
22.323038 	 4.133972 	 0.033748 	 0.074158
22.370169 	 4.075439 	 -0.007787 	 0.050842
22.417754 	 4.101074 	 -0.010024 	 0.021515
22.462166 	 4.051361 	 0.018237 	 0.037354
22.508844 	 4.061249 	 0.007553 	 0.044983
22.556882 	 4.119232 	 0.004368 	 0.040253
22.600841 	 4.055420 	 0.000511 	 0.033142
22.651598 	 4.098480 	 0.029795 	 0.059143
22.693744 	 4.082001 	 0.009033 	 0.061676
22.742688 	 4.055878 	 0.028176 	 0.073669
22.790273 	 3.997253 	 -0.014445 	 0.041443
22.831512 	 4.196686 	 0.021167 	 0.046448
22.882269 	 4.109192 	 0.003686 	 0.046051
22.926228 	 4.069000 	 0.015809 	 0.049774
22.971094 	 4.211334 	 -0.023446 	 0.017395
23.020944 	 4.158173 	 0.026823 	 0.039276
23.066263 	 4.115814 	 0.024746 	 0.067108
23.111581 	 3.986359 	 0.027303 	 0.081848
23.160072 	 4.189423 	 0.028794 	 0.090698
23.205844 	 4.076447 	 0.031883 	 0.098450
23.251616 	 4.201416 	 0.058622 	 0.132996
23.299654 	 4.163391 	 0.007191 	 0.103729
23.344519 	 4.079285 	 0.029902 	 0.093536
23.388025 	 4.080170 	 -0.007958 	 0.058258
23.436063 	 4.158295 	 0.011068 	 0.046600
23.484554 	 4.176147 	 0.020091 	 0.059052
23.532138 	 4.107483 	 0.024320 	 0.073303
23.577003 	 4.166077 	 -0.013838 	 0.041077
23.624135 	 4.096710 	 0.030829 	 0.058502
23.670360 	 4.223145 	 0.001981 	 0.053680
23.716132 	 4.083557 	 0.021678 	 0.060303
23.762810 	 4.076904 	 0.005720 	 0.055542
23.809035 	 4.044098 	 0.010631 	 0.050812
23.852994 	 4.153168 	 0.013113 	 0.054016
23.902844 	 4.021362 	 0.012048 	 0.055084
23.944537 	 4.095337 	 0.026919 	 0.071014
23.991669 	 4.083496 	 0.022328 	 0.078461
24.042426 	 4.088501 	 -0.001747 	 0.054504
24.090010 	 4.046082 	 0.013348 	 0.049927
24.132610 	 3.978546 	 0.029284 	 0.071960
24.182007 	 4.007111 	 0.005475 	 0.062439
24.225060 	 4.083282 	 -0.006242 	 0.036530
24.273550 	 4.014557 	 0.031223 	 0.059509
24.319775 	 4.141449 	 0.000138 	 0.052368
24.364641 	 4.055908 	 0.016948 	 0.053680
24.412225 	 4.035736 	 0.024927 	 0.070068
24.457544 	 4.167053 	 0.029114 	 0.084137
24.505128 	 4.105133 	 0.029316 	 0.093658
24.551807 	 4.034302 	 0.008341 	 0.074860
24.596219 	 4.120148 	 0.009353 	 0.060120
24.641537 	 4.279297 	 -0.002557 	 0.040649
24.689575 	 4.108185 	 0.035292 	 0.067139
24.738519 	 4.122131 	 0.006615 	 0.064331
24.784291 	 4.067169 	 0.016586 	 0.061371
24.829156 	 4.068237 	 0.034419 	 0.084290
24.876741 	 4.072327 	 0.013785 	 0.078552
24.921606 	 4.062378 	 0.019111 	 0.074097
24.967831 	 4.085266 	 0.003803 	 0.056549
25.014056 	 4.110840 	 -0.013550 	 0.026245
25.063000 	 4.079956 	 0.044858 	 0.065643
25.109225 	 4.118073 	 0.042621 	 0.105164
25.154997 	 4.023407 	 0.013571 	 0.090942
25.198956 	 4.116669 	 0.050930 	 0.112122
25.246994 	 4.062592 	 0.019420 	 0.104370
25.292766 	 4.068146 	 0.004027 	 0.071106
25.339897 	 4.197357 	 0.053263 	 0.102081
25.387935 	 4.060516 	 0.026834 	 0.108917
25.428268 	 4.052612 	 0.026014 	 0.099945
25.477213 	 4.075531 	 0.023851 	 0.093811
25.523891 	 4.191101 	 0.000895 	 0.065643
25.569662 	 4.019043 	 -0.003121 	 0.038757
25.616794 	 4.114410 	 -0.005028 	 0.022919
25.665285 	 4.121490 	 0.012378 	 0.034149
25.709697 	 4.098602 	 -0.005188 	 0.027405
25.756828 	 4.062195 	 -0.011111 	 0.011322
25.803506 	 4.093475 	 0.025801 	 0.040527
25.848825 	 4.164581 	 0.018088 	 0.060791
25.899129 	 4.181366 	 0.022445 	 0.071075
25.941275 	 4.134827 	 -0.007617 	 0.046753
25.989313 	 4.071106 	 0.001779 	 0.032867
26.034631 	 4.092194 	 0.041599 	 0.072235
26.083122 	 4.058228 	 0.024608 	 0.087097
26.130254 	 3.961334 	 0.036155 	 0.099060
26.174213 	 4.102264 	 0.022562 	 0.095825
26.221797 	 4.072296 	 0.010045 	 0.075806
26.270288 	 4.101166 	 0.005103 	 0.056763
26.316513 	 4.101044 	 -0.016405 	 0.022766
26.360019 	 4.078217 	 0.009385 	 0.027771
26.408510 	 3.940063 	 -0.010504 	 0.017670
26.452469 	 4.007874 	 0.031692 	 0.048950
26.500507 	 4.102203 	 0.031404 	 0.081238
26.546732 	 4.073608 	 0.017460 	 0.080048
26.594769 	 4.007141 	 0.043079 	 0.100403
26.638728 	 4.109192 	 0.023180 	 0.099457
26.687219 	 3.885101 	 0.025843 	 0.093903
26.729366 	 4.164642 	 0.019036 	 0.084961
26.776497 	 4.025177 	 0.021881 	 0.079926
26.825441 	 4.144348 	 0.021209 	 0.079163
26.873026 	 4.062103 	 0.024927 	 0.082703
26.917891 	 4.096069 	 0.010045 	 0.070465
26.967288 	 4.090607 	 0.032608 	 0.082520
27.009888 	 4.052460 	 0.004463 	 0.067963
27.053847 	 4.164429 	 0.033694 	 0.079773
27.101884 	 4.129272 	 0.014669 	 0.077087
27.150829 	 4.075348 	 0.018951 	 0.073090
27.196600 	 4.009033 	 0.008149 	 0.061096
27.241466 	 4.081116 	 0.015904 	 0.058807
27.289957 	 4.084015 	 0.011111 	 0.056976
27.336635 	 4.079590 	 0.007862 	 0.050995
27.379687 	 4.002075 	 0.007159 	 0.047272
27.428178 	 4.084900 	 0.015382 	 0.052795
27.476669 	 4.200439 	 0.009321 	 0.052704
27.521082 	 4.119537 	 0.015244 	 0.056183
27.568213 	 3.950195 	 0.032150 	 0.078156
27.615344 	 3.908875 	 0.021316 	 0.083649
27.660663 	 3.828339 	 0.008511 	 0.067871
27.706435 	 4.169189 	 0.020996 	 0.068542
27.753566 	 4.122559 	 0.024182 	 0.077759
27.797525 	 4.087982 	 0.067485 	 0.127502
27.847375 	 4.129486 	 0.023138 	 0.121429
27.895413 	 4.034241 	 0.012442 	 0.089600
27.938466 	 4.170898 	 0.013550 	 0.073334
27.983784 	 4.053253 	 -0.013550 	 0.038147
28.031822 	 4.100281 	 0.005561 	 0.031860
28.077141 	 4.068481 	 0.013092 	 0.042725
28.123366 	 4.095917 	 0.056981 	 0.096863
28.172310 	 4.085541 	 0.031170 	 0.112701
28.217175 	 4.118317 	 0.002887 	 0.076447
28.264760 	 4.042603 	 0.023191 	 0.072052
28.312798 	 4.136047 	 0.054563 	 0.111633
28.359476 	 4.123138 	 0.032576 	 0.119446
28.405247 	 4.038147 	 0.029327 	 0.109741
28.447394 	 4.068085 	 0.033822 	 0.109375
28.496338 	 4.154114 	 -0.015468 	 0.059296
28.544376 	 4.083801 	 0.030530 	 0.065430
28.590147 	 4.146057 	 -0.008234 	 0.045410
28.633653 	 4.062988 	 0.036816 	 0.068695
28.680785 	 4.188019 	 0.005795 	 0.065125
28.726556 	 4.029510 	 -0.015510 	 0.027924
28.772781 	 4.092316 	 0.016213 	 0.037048
28.820819 	 4.182404 	 0.003281 	 0.040131
28.867497 	 3.935516 	 0.026184 	 0.060059
28.914175 	 4.077179 	 0.029529 	 0.081024
28.957681 	 3.902832 	 0.043431 	 0.106171
29.005719 	 3.999084 	 0.054382 	 0.134369
29.052850 	 4.182373 	 0.013018 	 0.109070
29.099982 	 3.996094 	 0.004453 	 0.071960
29.145300 	 4.131317 	 0.032341 	 0.080994
29.191072 	 4.100159 	 0.001065 	 0.064240
29.240016 	 3.990967 	 0.012346 	 0.054626
29.288960 	 4.050201 	 0.017992 	 0.061462
29.330653 	 4.152130 	 0.025162 	 0.074219
29.378691 	 4.037323 	 0.019153 	 0.076263
29.423103 	 4.093384 	 0.046659 	 0.103821
29.468422 	 4.096497 	 0.031819 	 0.112244
29.515553 	 4.149048 	 0.011196 	 0.087372
29.564497 	 4.212280 	 0.006072 	 0.063019
29.605737 	 4.021301 	 0.028166 	 0.073151
29.655588 	 4.049255 	 0.040906 	 0.099060
29.698640 	 4.052856 	 0.027164 	 0.102234
29.748491 	 4.083221 	 -0.003760 	 0.065002
29.796982 	 4.152374 	 0.027516 	 0.068817
29.839128 	 4.152649 	 0.016448 	 0.072784
29.884900 	 3.996399 	 0.019729 	 0.072754
29.932031 	 3.969513 	 0.011899 	 0.066193
29.980069 	 4.010529 	 0.025769 	 0.074371
30.025841 	 4.027283 	 -0.013795 	 0.042114
30.072519 	 4.223419 	 0.032299 	 0.059174
30.119197 	 4.152252 	 0.033034 	 0.087494
30.163609 	 4.064056 	 0.005135 	 0.071136
30.210741 	 4.200562 	 -0.003174 	 0.042908

 Z Turning Point (V) = -0.519775 
 Turning Time Delay (ms) = 0 
 SEN (V) = of32737900
 
 App. Driving Voltage (mVrms) = 0.005000 
 App. Vias. Voltage (V) = 0.000000 
 App. Del Z (Bit) = -10 
 App. Delay Time (ms) = 300 
 App. Velocity (nm/s) = -0.151064 
 Ret. Driving Voltage (mVrms) = 0.005000 
 Ret. Vias. Voltage (V) = 0.000000 
 Ret. Del Z (Bit) = -10 
 Ret. Delay Time (ms) = 300 
 Ret. Velocity (nm/s) = -0.151064 
  
 Data Array Size = 1203 
 Frequency (Hz) = *aqn
 
