17.221523 	 4.138092 	 -0.005923 	 -0.013458
17.172578 	 4.265320 	 -0.042909 	 -0.041046
17.127260 	 3.998169 	 -0.005529 	 -0.029022
17.082394 	 4.202362 	 -0.018759 	 -0.022491
17.036169 	 4.238342 	 -0.010344 	 -0.016388
16.989038 	 4.013489 	 0.008725 	 0.009949
16.941907 	 4.252136 	 0.008128 	 0.028015
16.895229 	 4.172455 	 -0.010322 	 0.016876
16.848550 	 4.184357 	 0.009918 	 0.025604
16.801419 	 4.244568 	 -0.020751 	 0.005280
16.757460 	 4.067017 	 -0.017406 	 -0.011414
16.708969 	 4.188324 	 -0.020975 	 -0.022003
16.664104 	 4.134308 	 -0.023031 	 -0.029694
16.617879 	 4.056519 	 -0.005380 	 -0.016541
16.570747 	 4.263367 	 -0.003409 	 -0.001709
16.526788 	 4.103607 	 -0.011675 	 -0.001709
16.476485 	 4.217499 	 -0.032203 	 -0.025818
16.429807 	 4.092407 	 0.010365 	 -0.001404
16.384488 	 4.051636 	 -0.013358 	 0.001617
16.336903 	 4.202423 	 -0.010834 	 -0.003296
16.293398 	 4.099213 	 -0.008298 	 -0.002411
16.245813 	 4.069946 	 0.004559 	 0.011963
16.198228 	 4.203491 	 -0.010535 	 0.008148
16.153363 	 4.132263 	 -0.023649 	 -0.011810
16.105325 	 4.018860 	 -0.002791 	 -0.004822
16.063632 	 4.152863 	 -0.031021 	 -0.022430
16.015594 	 4.175812 	 -0.017449 	 -0.028107
15.968463 	 4.151062 	 0.005699 	 -0.001495
15.919972 	 4.134247 	 0.013912 	 0.027222
15.873747 	 4.135895 	 -0.008053 	 0.021912
15.829335 	 4.150299 	 -0.017066 	 0.000885
15.782657 	 4.000549 	 -0.027793 	 -0.022919
15.735072 	 4.106354 	 0.005720 	 -0.003296
15.688394 	 4.092957 	 0.001800 	 0.015137
15.641263 	 4.134491 	 -0.006125 	 0.013794
15.597757 	 4.118134 	 -0.018983 	 -0.003418
15.549266 	 4.042389 	 -0.012400 	 -0.009766
15.503041 	 4.216522 	 -0.045274 	 -0.044220
15.458629 	 4.204102 	 -0.020123 	 -0.046326
15.409232 	 4.153351 	 -0.027899 	 -0.045227
15.364366 	 4.099274 	 0.014839 	 -0.002380
15.314969 	 4.092560 	 -0.030786 	 -0.014404
15.270103 	 4.182495 	 -0.013912 	 -0.020691
15.227051 	 4.124725 	 -0.017364 	 -0.020264
15.175388 	 4.046051 	 -0.000064 	 -0.004059
15.131882 	 4.181763 	 -0.001491 	 0.009705
15.087469 	 4.223267 	 0.000629 	 0.016846
15.039432 	 4.090149 	 0.017002 	 0.039246
14.993207 	 4.209167 	 0.003835 	 0.040741
14.944716 	 4.074280 	 -0.028038 	 0.003326
14.899397 	 4.006195 	 -0.009449 	 -0.006714
14.852266 	 4.120789 	 0.007510 	 0.012909
14.808307 	 4.184998 	 -0.022690 	 -0.001251
14.763441 	 4.230408 	 -0.023052 	 -0.020477
14.714497 	 4.108337 	 -0.022488 	 -0.029968
14.668726 	 3.956482 	 0.008245 	 -0.001434
14.621594 	 4.078461 	 -0.000394 	 0.014130
14.572650 	 4.122284 	 -0.017055 	 0.001068
14.531863 	 4.304108 	 -0.026823 	 -0.023132
14.482919 	 4.175781 	 -0.022807 	 -0.033966
14.434428 	 4.168274 	 -0.008139 	 -0.022827
14.389110 	 4.099121 	 0.012197 	 0.011139
14.341072 	 4.220978 	 -0.026461 	 -0.005402
14.296207 	 4.211548 	 -0.004101 	 -0.005920
14.250435 	 4.081329 	 -0.033716 	 -0.026550
14.203304 	 4.078430 	 -0.024490 	 -0.037842
14.154813 	 4.118286 	 -0.020325 	 -0.036255
14.113120 	 4.146118 	 -0.007457 	 -0.020355
14.065535 	 4.192139 	 -0.004421 	 -0.003937
14.017044 	 4.050354 	 -0.024288 	 -0.016693
13.970819 	 4.208221 	 -0.023201 	 -0.029572
13.926860 	 4.183472 	 -0.012048 	 -0.022888
13.877916 	 4.137207 	 -0.006051 	 -0.009949
13.832144 	 4.181183 	 -0.036176 	 -0.032928
13.785919 	 4.086273 	 -0.033684 	 -0.051300
13.739241 	 4.167145 	 -0.039766 	 -0.065491
13.693469 	 4.174408 	 -0.024171 	 -0.058960
13.644525 	 4.142242 	 -0.048459 	 -0.074829
13.600566 	 4.192261 	 -0.008480 	 -0.049072
13.559779 	 4.209412 	 -0.008448 	 -0.021210
13.509476 	 4.125366 	 -0.032629 	 -0.035400
13.459625 	 4.152313 	 0.008320 	 -0.005432
13.412494 	 4.235229 	 -0.030530 	 -0.018494
13.364909 	 4.181671 	 0.013295 	 0.004578
13.320044 	 4.127197 	 -0.030701 	 -0.012085
13.275179 	 4.163391 	 -0.001800 	 -0.008118
13.228047 	 4.174347 	 -0.020400 	 -0.013489
13.183182 	 4.095337 	 -0.021476 	 -0.023804
13.137410 	 4.145386 	 -0.015393 	 -0.023376
13.088919 	 4.264343 	 -0.031777 	 -0.037109
13.044054 	 4.144287 	 -0.013241 	 -0.030579
12.997829 	 4.129883 	 0.013018 	 0.007568
12.949338 	 4.153534 	 -0.002823 	 0.017670
12.902660 	 4.087189 	 0.019952 	 0.039642
12.858701 	 4.114716 	 -0.013966 	 0.024384
12.812022 	 4.214752 	 -0.019761 	 -0.003021
12.763531 	 4.122437 	 -0.034142 	 -0.032074
12.717307 	 4.277191 	 -0.020560 	 -0.036194
12.671988 	 4.119415 	 -0.007041 	 -0.019562
12.625763 	 4.334717 	 -0.020890 	 -0.019989
12.579991 	 4.166107 	 -0.009321 	 -0.014221
12.534219 	 4.184662 	 0.005625 	 0.008667
12.485728 	 4.205658 	 -0.005561 	 0.013062
12.439957 	 4.031372 	 -0.021167 	 -0.006592
12.393279 	 4.299255 	 0.000213 	 0.001923
12.345694 	 4.143341 	 -0.027931 	 -0.015289
12.302641 	 4.289612 	 -0.005561 	 -0.011963
12.256416 	 4.199127 	 -0.018418 	 -0.014557
12.207472 	 4.217865 	 -0.003302 	 -0.004211
12.161700 	 4.266144 	 0.016043 	 0.027344
12.114569 	 4.051361 	 -0.040299 	 -0.010223
12.070157 	 4.143280 	 -0.020922 	 -0.029297
12.022572 	 4.222351 	 -0.009257 	 -0.016449
11.974081 	 4.159210 	 -0.030307 	 -0.030365
11.929669 	 4.255463 	 -0.019047 	 -0.033020
11.883444 	 4.087250 	 -0.013774 	 -0.025269
11.834953 	 4.167267 	 -0.049950 	 -0.056580
11.789182 	 4.040588 	 0.003249 	 -0.029663
11.744316 	 4.017273 	 0.005017 	 0.005646
11.697638 	 4.158966 	 -0.023020 	 -0.007263
11.650053 	 4.239014 	 -0.023180 	 -0.024170
11.605641 	 4.055328 	 -0.006285 	 -0.013031
11.558057 	 4.136230 	 -0.006285 	 -0.002960
11.513191 	 4.103607 	 0.000746 	 0.007629
11.462888 	 4.158508 	 -0.008735 	 0.007904
11.419382 	 4.214325 	 -0.031095 	 -0.020203
11.373610 	 4.300659 	 -0.033556 	 -0.044647
11.327385 	 4.221222 	 -0.035196 	 -0.055878
11.279347 	 4.227325 	 -0.045710 	 -0.073364
11.229950 	 4.232178 	 -0.021881 	 -0.061737
11.185991 	 4.052643 	 -0.016235 	 -0.040253
11.138406 	 4.232117 	 -0.016117 	 -0.029694
11.092181 	 4.009552 	 -0.008384 	 -0.016876
11.046410 	 4.112122 	 -0.018962 	 -0.018005
11.000638 	 4.229156 	 0.011132 	 0.007874
10.952600 	 4.211334 	 -0.018685 	 0.000031
10.909094 	 4.107819 	 -0.006242 	 -0.001617
10.864229 	 4.124298 	 -0.021486 	 -0.013031
10.816191 	 4.274384 	 -0.039212 	 -0.042999
10.769513 	 4.154663 	 -0.035793 	 -0.060211
10.725554 	 4.151245 	 -0.016277 	 -0.046631
10.677516 	 4.237152 	 -0.010077 	 -0.026581
10.630385 	 4.152832 	 -0.011484 	 -0.016083
10.582800 	 4.102051 	 -0.036485 	 -0.037170
10.536575 	 4.060394 	 -0.048544 	 -0.069397
10.491710 	 4.020630 	 -0.027612 	 -0.066162
10.443219 	 4.167267 	 -0.013113 	 -0.042084
10.397447 	 4.163025 	 -0.039117 	 -0.053650
10.353941 	 4.207703 	 -0.041322 	 -0.070526
10.305904 	 4.102417 	 -0.040981 	 -0.079193
10.258772 	 4.200500 	 -0.018866 	 -0.059570
10.212547 	 4.051392 	 -0.024363 	 -0.048035
10.163150 	 4.155823 	 -0.025289 	 -0.046021
10.118738 	 4.131989 	 -0.012719 	 -0.032318
10.073419 	 4.227264 	 -0.042653 	 -0.052185
10.029007 	 4.183319 	 -0.019388 	 -0.048706
9.981422 	 4.195709 	 -0.022988 	 -0.041565
9.933838 	 4.112427 	 -0.011697 	 -0.027924
9.887613 	 4.152283 	 -0.014424 	 -0.019501
9.838216 	 4.139557 	 -0.026632 	 -0.029999
9.790631 	 4.128448 	 -0.026770 	 -0.041260
9.748938 	 4.218231 	 0.011622 	 -0.004456
9.699088 	 4.179718 	 -0.045050 	 -0.032501
9.653316 	 4.234222 	 -0.035143 	 -0.056976
9.611169 	 4.011475 	 -0.038232 	 -0.067261
9.560413 	 4.197266 	 -0.005657 	 -0.038727
9.518266 	 4.215912 	 -0.028176 	 -0.037292
9.472495 	 4.093964 	 -0.023766 	 -0.040710
9.424457 	 4.132172 	 -0.035761 	 -0.053802
9.377325 	 4.118774 	 -0.041045 	 -0.070068
9.331554 	 4.105408 	 -0.011995 	 -0.047424
9.281703 	 4.181366 	 -0.020347 	 -0.036560
9.236385 	 4.085358 	 -0.051463 	 -0.065643
9.192426 	 4.204071 	 -0.044933 	 -0.087891
9.142122 	 4.222229 	 -0.010621 	 -0.055756
9.097710 	 4.147400 	 -0.048757 	 -0.067413
9.051031 	 4.185333 	 -0.016437 	 -0.054260
9.004807 	 4.122284 	 -0.036517 	 -0.055786
8.959035 	 4.168518 	 -0.016874 	 -0.045593
8.911903 	 4.124512 	 -0.055767 	 -0.073303
8.866585 	 4.130402 	 -0.037646 	 -0.082123
8.818547 	 4.176331 	 -0.031617 	 -0.072601
8.772775 	 4.150269 	 -0.030562 	 -0.064514
8.727910 	 4.137329 	 -0.039191 	 -0.070984
8.681232 	 4.190155 	 -0.018514 	 -0.054504
8.635913 	 4.218140 	 -0.046818 	 -0.068878
8.586516 	 4.124512 	 -0.049332 	 -0.088928
8.541197 	 4.190155 	 -0.028315 	 -0.076477
8.496332 	 4.113403 	 -0.025151 	 -0.059845
8.447388 	 4.219727 	 -0.039617 	 -0.065552
8.402522 	 4.208405 	 -0.035335 	 -0.069672
8.354938 	 4.175507 	 -0.040416 	 -0.076599
8.308713 	 4.081177 	 -0.045583 	 -0.086212
8.263394 	 4.089508 	 -0.045604 	 -0.092682
8.215356 	 4.074463 	 -0.050952 	 -0.100891
8.167319 	 4.052124 	 -0.003206 	 -0.056366
8.121094 	 4.160309 	 -0.038499 	 -0.052795
8.076682 	 4.210297 	 -0.033151 	 -0.061493
8.032269 	 4.013824 	 -0.045987 	 -0.076782
7.982872 	 4.229248 	 -0.024437 	 -0.065552
7.939819 	 4.105316 	 -0.050930 	 -0.078766
7.892235 	 4.341583 	 -0.046350 	 -0.093689
7.845557 	 4.200287 	 -0.045604 	 -0.095490
7.799332 	 4.068268 	 -0.041737 	 -0.092010
7.751294 	 4.222412 	 -0.032736 	 -0.080048
7.705069 	 4.299255 	 -0.054872 	 -0.094208
7.662016 	 4.140045 	 -0.049332 	 -0.103912
7.613525 	 4.166107 	 -0.039479 	 -0.096405
7.567754 	 4.222351 	 -0.046318 	 -0.095642
7.520169 	 4.058319 	 -0.042685 	 -0.094849
7.472131 	 4.200562 	 -0.022967 	 -0.071198
7.425453 	 4.189545 	 -0.058909 	 -0.091217
7.382854 	 4.201691 	 -0.060997 	 -0.116638
7.333456 	 4.124390 	 -0.037519 	 -0.104401
7.288138 	 4.093536 	 -0.054275 	 -0.106537
7.241460 	 4.083435 	 -0.048150 	 -0.106812
7.194781 	 4.186768 	 -0.067623 	 -0.126312
7.148103 	 4.183197 	 -0.015073 	 -0.087494
7.103691 	 4.183807 	 -0.052273 	 -0.087921
7.054294 	 4.156036 	 -0.041641 	 -0.091217
7.013507 	 4.137146 	 -0.044251 	 -0.092682
6.964110 	 4.135040 	 -0.030594 	 -0.079041
6.917885 	 4.171356 	 -0.057769 	 -0.096527
6.873473 	 4.247620 	 -0.049322 	 -0.107666
6.825435 	 4.237488 	 -0.050834 	 -0.109192
6.777850 	 4.123535 	 -0.064395 	 -0.125732
6.732532 	 4.066620 	 -0.043974 	 -0.117004
6.685400 	 4.177277 	 -0.069679 	 -0.131012
6.639629 	 4.212250 	 -0.082281 	 -0.160797
6.592044 	 4.143738 	 -0.016693 	 -0.111389
6.543553 	 4.157440 	 -0.048885 	 -0.095581
6.500954 	 4.187805 	 -0.049844 	 -0.103882
6.452916 	 4.229492 	 -0.056480 	 -0.113373
6.408504 	 4.125305 	 -0.053359 	 -0.117645
6.358653 	 4.095062 	 -0.033716 	 -0.097534
6.314694 	 4.002380 	 -0.062030 	 -0.111084
6.267563 	 4.232178 	 -0.039915 	 -0.106293
6.220885 	 4.097504 	 -0.052592 	 -0.107422
6.174660 	 4.162231 	 -0.052358 	 -0.113556
6.128888 	 4.002106 	 -0.081525 	 -0.145691
6.081757 	 4.009399 	 -0.066153 	 -0.155487
6.032812 	 4.193756 	 -0.071980 	 -0.159821
5.987947 	 4.270050 	 -0.043186 	 -0.135193
5.941722 	 4.056274 	 -0.046019 	 -0.112854
5.893684 	 4.090607 	 -0.044528 	 -0.103790
5.847459 	 4.160248 	 -0.072065 	 -0.128113
5.799422 	 4.076019 	 -0.067186 	 -0.145508
5.754103 	 4.115356 	 -0.073354 	 -0.156799
5.709238 	 4.070404 	 -0.104758 	 -0.196777
5.661200 	 4.130219 	 -0.061327 	 -0.182831
5.619507 	 4.115082 	 -0.053114 	 -0.150238
5.570563 	 4.093384 	 -0.082228 	 -0.162872
5.523431 	 4.103394 	 -0.081780 	 -0.179413
5.475847 	 4.142151 	 -0.043367 	 -0.148010
5.434607 	 4.154755 	 -0.089482 	 -0.166199
5.386569 	 4.084259 	 -0.068156 	 -0.169525
5.337172 	 3.996521 	 -0.115602 	 -0.212128
5.292307 	 4.141144 	 -0.070329 	 -0.203217
5.243816 	 4.083862 	 -0.093882 	 -0.205963
5.198950 	 4.027466 	 -0.079788 	 -0.201904
5.151366 	 4.210388 	 -0.091283 	 -0.206543
5.105141 	 4.101349 	 -0.103661 	 -0.225616
5.062088 	 4.153046 	 -0.075964 	 -0.210449
5.014957 	 4.099091 	 -0.113120 	 -0.232300
4.967825 	 3.918518 	 -0.082345 	 -0.223145
4.920241 	 4.165497 	 -0.086755 	 -0.212738
4.874016 	 4.024963 	 -0.092401 	 -0.215179
4.829604 	 4.068634 	 -0.070627 	 -0.196228
4.783832 	 4.128418 	 -0.117232 	 -0.226654
4.735341 	 3.970215 	 -0.119789 	 -0.262207
4.689569 	 4.110931 	 -0.082803 	 -0.241760
4.642438 	 4.055267 	 -0.084294 	 -0.217926
4.594853 	 4.055420 	 -0.060038 	 -0.183502
4.549081 	 4.178345 	 -0.094670 	 -0.194519
4.501950 	 4.131958 	 -0.108604 	 -0.227753
4.457085 	 4.112244 	 -0.117190 	 -0.257080
4.410860 	 3.983429 	 -0.117009 	 -0.273193
4.365088 	 4.122955 	 -0.094510 	 -0.256226
4.317957 	 4.155518 	 -0.083900 	 -0.229370
4.272185 	 4.038635 	 -0.103703 	 -0.234436
4.226866 	 4.086426 	 -0.128055 	 -0.268982
4.177469 	 4.037689 	 -0.132764 	 -0.299255
4.130338 	 4.027466 	 -0.081333 	 -0.261627
4.084113 	 4.041321 	 -0.124615 	 -0.269867
4.039247 	 4.070099 	 -0.094095 	 -0.258514
3.992116 	 4.124451 	 -0.115634 	 -0.263000
3.948157 	 4.087402 	 -0.129483 	 -0.289154
3.900572 	 4.053345 	 -0.149339 	 -0.327026
3.853441 	 4.076233 	 -0.120876 	 -0.321594
3.809029 	 3.992584 	 -0.131475 	 -0.319489
3.758725 	 4.018463 	 -0.125765 	 -0.317871
3.714766 	 4.076599 	 -0.122015 	 -0.310974
3.670807 	 4.076050 	 -0.121259 	 -0.305237
3.620956 	 4.144012 	 -0.124231 	 -0.304169
3.575638 	 4.077911 	 -0.131656 	 -0.313324
3.526694 	 4.035309 	 -0.127565 	 -0.316071
3.481828 	 3.973419 	 -0.154218 	 -0.343719
3.435603 	 4.108215 	 -0.126351 	 -0.336426
3.388472 	 3.949921 	 -0.111821 	 -0.306030
3.342247 	 4.122192 	 -0.122527 	 -0.299377
3.295116 	 4.007507 	 -0.132711 	 -0.311035
3.249344 	 4.119232 	 -0.130058 	 -0.317932
3.202666 	 4.164612 	 -0.129802 	 -0.320312
3.157347 	 3.903168 	 -0.160109 	 -0.350861
3.110216 	 4.229034 	 -0.062691 	 -0.279083
3.064897 	 4.117889 	 -0.111235 	 -0.255951
3.016406 	 4.141357 	 -0.069285 	 -0.220947
2.971088 	 4.100342 	 -0.031106 	 -0.149445
2.924409 	 4.105377 	 -0.099389 	 -0.172089
2.876372 	 4.068024 	 -0.081280 	 -0.189941
2.832413 	 4.182434 	 -0.074782 	 -0.184265
2.787547 	 4.093506 	 -0.084401 	 -0.189514
2.741322 	 4.091522 	 -0.065567 	 -0.176758
2.692831 	 3.331299 	 -0.635835 	 -0.758575
2.645700 	 3.142365 	 -0.587174 	 -1.196808
2.598569 	 3.008759 	 -0.566540 	 -1.350708
2.554156 	 3.002808 	 -0.592500 	 -1.439697
2.505666 	 2.932953 	 -0.610769 	 -1.512512
2.459441 	 3.036804 	 -0.642514 	 -1.586365
2.413669 	 3.055115 	 -0.659399 	 -1.650787
2.366537 	 2.908600 	 -0.620080 	 -1.646393
2.321219 	 2.992828 	 -0.637284 	 -1.647369
2.273634 	 3.091125 	 -0.635025 	 -1.653107
2.224690 	 2.977631 	 -0.626035 	 -1.646759
2.181184 	 3.021545 	 -0.667324 	 -1.682556
2.136319 	 2.983948 	 -0.643452 	 -1.689728
2.088281 	 3.050537 	 -0.655479 	 -1.696228
2.041603 	 3.018219 	 -0.637891 	 -1.686310
1.996738 	 3.040588 	 -0.657790 	 -1.696320
1.952325 	 3.020813 	 -0.590540 	 -1.638855
1.905647 	 3.075500 	 -0.597027 	 -1.591949
1.856703 	 2.893555 	 -0.551956 	 -1.527100
1.813651 	 3.069214 	 -0.591690 	 -1.521210
1.765613 	 3.097992 	 -0.585863 	 -1.529724
1.717575 	 3.153503 	 -0.563876 	 -1.506439
1.669991 	 3.136597 	 -0.547589 	 -1.470581
1.626031 	 3.310272 	 -0.550859 	 -1.451752
1.578447 	 3.105560 	 -0.508461 	 -1.399689
1.534035 	 3.065948 	 -0.487060 	 -1.336548
1.485997 	 3.227417 	 -0.518390 	 -1.332520
1.440678 	 3.236145 	 -0.457211 	 -1.279358
1.392187 	 3.211914 	 -0.451598 	 -1.225647
1.348682 	 3.092316 	 -0.472913 	 -1.220764
1.301097 	 3.287048 	 -0.391751 	 -1.142670
1.255325 	 3.160370 	 -0.393360 	 -1.076721
1.210007 	 3.274933 	 -0.348629 	 -1.001007
1.163329 	 3.384064 	 -0.364342 	 -0.965332
1.116197 	 3.319183 	 -0.335473 	 -0.924957
1.069519 	 3.295471 	 -0.334482 	 -0.893280
1.021935 	 3.344360 	 -0.252777 	 -0.793335
0.974803 	 3.261536 	 -0.297028 	 -0.762390
0.931297 	 3.197327 	 -0.264186 	 -0.731750
0.880087 	 3.330109 	 -0.221937 	 -0.659729
0.836128 	 2.963318 	 -0.070094 	 -0.451965
0.793076 	 3.289795 	 -0.113461 	 -0.343109
0.744585 	 3.313019 	 -0.140594 	 -0.340393
0.698360 	 3.170929 	 -0.097738 	 -0.303467
0.649416 	 2.973724 	 -0.009055 	 -0.177124
0.607269 	 2.866180 	 0.043591 	 -0.029633
0.559685 	 2.579712 	 0.207205 	 0.229492
0.513460 	 2.655762 	 0.046680 	 0.242554
0.464969 	 1.395813 	 0.870800 	 1.048615
0.421010 	 2.362457 	 0.277501 	 1.118958
0.372519 	 1.340332 	 0.555141 	 1.200409
0.327200 	 1.933197 	 0.475396 	 1.269196
0.279616 	 0.904358 	 1.305812 	 2.142853
0.233391 	 1.456085 	 0.733158 	 2.262848
0.187166 	 0.994781 	 1.228538 	 2.607178
0.142754 	 0.874146 	 1.028353 	 2.754944
0.094716 	 0.988861 	 0.890156 	 2.594116
0.049850 	 0.877106 	 1.174795 	 2.770416
0.000000 	 0.630737 	 1.158560 	 2.942657
0.048038 	 0.611084 	 1.268272 	 3.136017
0.094263 	 0.909515 	 1.186257 	 3.177490
0.139581 	 0.933136 	 1.262296 	 3.244110
0.188525 	 0.942230 	 1.319735 	 3.359283
0.232484 	 1.153900 	 1.078058 	 3.192139
0.280522 	 1.483948 	 0.822299 	 2.749969
0.325841 	 1.420074 	 0.685860 	 2.308167
0.372972 	 1.368073 	 0.781553 	 2.158783
0.419197 	 1.778259 	 0.874028 	 2.220825
0.466328 	 1.864258 	 0.500877 	 1.894775
0.511647 	 2.307953 	 0.484791 	 1.584656
0.557872 	 2.456848 	 0.230278 	 1.170013
0.604097 	 2.508331 	 0.129494 	 0.779083
0.648509 	 2.519379 	 0.341790 	 0.784210
0.699266 	 2.837616 	 0.098910 	 0.615173
0.741412 	 2.838531 	 0.051122 	 0.390106
0.792622 	 2.870667 	 0.009800 	 0.226685
0.837488 	 3.053253 	 -0.069945 	 0.052521
0.883713 	 2.970978 	 -0.076827 	 -0.065887
0.929031 	 3.312225 	 -0.165862 	 -0.215851
0.976616 	 3.203979 	 -0.158320 	 -0.311493
1.022841 	 3.112213 	 -0.246673 	 -0.444031
1.068613 	 3.389648 	 -0.275019 	 -0.570251
1.118010 	 3.220215 	 -0.254449 	 -0.616638
1.165141 	 3.316010 	 -0.312975 	 -0.691254
1.207288 	 3.234344 	 -0.330349 	 -0.766632
1.254872 	 3.260193 	 -0.378393 	 -0.859344
1.301097 	 3.120758 	 -0.396225 	 -0.938965
1.346869 	 3.352051 	 -0.408848 	 -0.995575
1.390828 	 3.236786 	 -0.450788 	 -1.070251
1.442944 	 3.082550 	 -0.454048 	 -1.124390
1.486450 	 3.302673 	 -0.488253 	 -1.188080
1.534035 	 3.333984 	 -0.456114 	 -1.196350
1.576634 	 3.173767 	 -0.454516 	 -1.185913
1.626485 	 3.192139 	 -0.533442 	 -1.262848
1.672710 	 3.184814 	 -0.464019 	 -1.258057
1.719841 	 3.174988 	 -0.502421 	 -1.266663
1.766519 	 3.222748 	 -0.542933 	 -1.329590
1.811385 	 3.110626 	 -0.536265 	 -1.366425
1.857610 	 3.207947 	 -0.561000 	 -1.405945
1.907460 	 2.993591 	 -0.584468 	 -1.459595
1.950513 	 3.094879 	 -0.576415 	 -1.485291
1.998550 	 2.909851 	 -0.584883 	 -1.501831
2.045682 	 2.921722 	 -0.601640 	 -1.531067
2.091454 	 3.044708 	 -0.577874 	 -1.525085
2.135866 	 3.050568 	 -0.607680 	 -1.545441
2.181184 	 2.994781 	 -0.607755 	 -1.566895
2.229222 	 2.989685 	 -0.588601 	 -1.555450
2.274994 	 2.968903 	 -0.638349 	 -1.595215
2.322578 	 2.911621 	 -0.698132 	 -1.695740
2.366084 	 2.999878 	 -0.621571 	 -1.686005
2.413669 	 2.962738 	 -0.668358 	 -1.699432
2.461707 	 2.926392 	 -0.683751 	 -1.741577
2.504759 	 2.962006 	 -0.624937 	 -1.705475
2.555969 	 3.053009 	 -0.635558 	 -1.675323
2.600381 	 3.012604 	 -0.683591 	 -1.716675
2.648872 	 2.951935 	 -0.637710 	 -1.707825
2.692831 	 2.978638 	 -0.623244 	 -1.670166
2.740869 	 2.949615 	 -0.661657 	 -1.688202
2.788454 	 3.179138 	 -0.616532 	 -1.664032
2.832413 	 2.961914 	 -0.663820 	 -1.684692
2.880450 	 3.184021 	 -0.612090 	 -1.657623
2.925316 	 3.061218 	 -0.601949 	 -1.616516
2.973354 	 3.121765 	 -0.654094 	 -1.647583
3.017766 	 3.096741 	 -0.578257 	 -1.603180
3.065350 	 3.150757 	 -0.574103 	 -1.547546
3.111575 	 3.251709 	 -0.548356 	 -1.494232
3.156894 	 3.352844 	 -0.540536 	 -1.453156
3.204025 	 3.258179 	 -0.562896 	 -1.454010
3.251610 	 3.306213 	 -0.483843 	 -1.380829
3.298288 	 4.104370 	 -0.067644 	 -0.880066
3.345419 	 4.113342 	 -0.050547 	 -0.472504
3.391644 	 4.031982 	 -0.065642 	 -0.298615
3.437416 	 4.106171 	 -0.083378 	 -0.243134
3.483641 	 4.170197 	 -0.143630 	 -0.288177
3.532132 	 4.136902 	 -0.130175 	 -0.316437
3.576997 	 3.993591 	 -0.145813 	 -0.339142
3.623222 	 4.077057 	 -0.090686 	 -0.298462
3.667635 	 4.051208 	 -0.126735 	 -0.294922
3.712953 	 4.006287 	 -0.129845 	 -0.310059
3.759631 	 4.115112 	 -0.114931 	 -0.301208
3.805403 	 4.041443 	 -0.126905 	 -0.304810
3.851628 	 3.998474 	 -0.129685 	 -0.313141
3.901479 	 4.025635 	 -0.120769 	 -0.309418
3.945438 	 4.216095 	 -0.114037 	 -0.297394
3.993475 	 4.150726 	 -0.121280 	 -0.296356
4.038341 	 4.008911 	 -0.128620 	 -0.306396
4.085925 	 4.118073 	 -0.114750 	 -0.299744
4.134416 	 4.198181 	 -0.105291 	 -0.280670
4.180188 	 4.072327 	 -0.122207 	 -0.286102
4.222334 	 4.102478 	 -0.102276 	 -0.274323
4.271278 	 4.136017 	 -0.097461 	 -0.256256
4.312971 	 4.122528 	 -0.120354 	 -0.270142
4.362822 	 4.282684 	 -0.126383 	 -0.291626
4.413579 	 4.055939 	 -0.087938 	 -0.263458
4.458444 	 4.214539 	 -0.082931 	 -0.231171
4.504216 	 4.038300 	 -0.116966 	 -0.248749
4.547722 	 4.081360 	 -0.105184 	 -0.257080
4.597572 	 4.059357 	 -0.121238 	 -0.272919
4.641531 	 4.007874 	 -0.093615 	 -0.257782
4.691382 	 4.124573 	 -0.133115 	 -0.281586
4.736247 	 4.108215 	 -0.091474 	 -0.264343
4.782019 	 4.274323 	 -0.094691 	 -0.244049
4.829604 	 3.996429 	 -0.110329 	 -0.253052
4.876282 	 4.078491 	 -0.111768 	 -0.264313
4.920694 	 4.187073 	 -0.109946 	 -0.267487
4.966919 	 4.188080 	 -0.057002 	 -0.213409
5.014050 	 4.232269 	 -0.082079 	 -0.193237
5.060728 	 4.079926 	 -0.131784 	 -0.247192
5.107407 	 4.015839 	 -0.082025 	 -0.238586
5.151819 	 4.035431 	 -0.056853 	 -0.189178
5.202576 	 4.027527 	 -0.076529 	 -0.177063
5.245628 	 4.183472 	 -0.060369 	 -0.162903
5.294572 	 4.141266 	 -0.107230 	 -0.197968
5.339438 	 4.128418 	 -0.080481 	 -0.205750
5.385663 	 4.199249 	 -0.101946 	 -0.219543
5.433247 	 4.173157 	 -0.099879 	 -0.232117
5.478566 	 4.194153 	 -0.098068 	 -0.236145
5.524338 	 4.088013 	 -0.077477 	 -0.214600
5.572829 	 4.040161 	 -0.097152 	 -0.218994
5.618147 	 3.944397 	 -0.060965 	 -0.189240
5.661653 	 4.099060 	 -0.036112 	 -0.135712
5.712410 	 4.127289 	 -0.081972 	 -0.150909
5.758635 	 4.048431 	 -0.110638 	 -0.205078
5.801688 	 4.082214 	 -0.076806 	 -0.205719
5.847459 	 4.087830 	 -0.078169 	 -0.193298
5.896857 	 4.132141 	 -0.054520 	 -0.164062
5.941269 	 4.149261 	 -0.078553 	 -0.166718
5.990666 	 4.103546 	 -0.048629 	 -0.146545
6.033719 	 4.162384 	 -0.076965 	 -0.154999
6.080850 	 4.066223 	 -0.078169 	 -0.170898
6.127982 	 4.141205 	 -0.065194 	 -0.164948
6.173753 	 4.049591 	 -0.076582 	 -0.168945
6.220885 	 4.043396 	 -0.023148 	 -0.119293
6.269376 	 4.120422 	 -0.084486 	 -0.140503
6.315147 	 4.214569 	 -0.057343 	 -0.145874
6.358653 	 4.150299 	 -0.050163 	 -0.130005
6.405331 	 4.038818 	 -0.087767 	 -0.158661
6.451103 	 4.198029 	 -0.061849 	 -0.160278
6.499141 	 4.290497 	 -0.081684 	 -0.170898
6.544913 	 4.090851 	 -0.047063 	 -0.147888
6.596576 	 4.181427 	 -0.058739 	 -0.135742
6.641441 	 4.125458 	 -0.062627 	 -0.138092
6.684494 	 4.167389 	 -0.058270 	 -0.137695
6.730719 	 3.948761 	 -0.020602 	 -0.096191
6.774678 	 4.168243 	 -0.034035 	 -0.076569
6.823169 	 4.076477 	 -0.058920 	 -0.098175
6.870300 	 4.113159 	 -0.034365 	 -0.091309
6.914713 	 4.094025 	 -0.042951 	 -0.088531
6.965016 	 4.144226 	 -0.055884 	 -0.104919
7.009428 	 4.048248 	 -0.077402 	 -0.138794
7.055200 	 4.225433 	 -0.028421 	 -0.111389
7.101425 	 4.189484 	 -0.062329 	 -0.115295
7.148103 	 4.057495 	 -0.041183 	 -0.108490
7.196594 	 4.133209 	 -0.042866 	 -0.098633
7.241006 	 4.130249 	 -0.057279 	 -0.110168
7.287231 	 4.135376 	 -0.059740 	 -0.123657
7.334363 	 4.146271 	 -0.061721 	 -0.132233
7.381494 	 4.111206 	 -0.061679 	 -0.137177
7.430891 	 4.203430 	 -0.028634 	 -0.105011
7.474397 	 4.023193 	 -0.063309 	 -0.111969
7.522888 	 4.153687 	 -0.049450 	 -0.116943
7.568207 	 4.052429 	 -0.039170 	 -0.101501
7.614432 	 4.049408 	 -0.044560 	 -0.096802
7.659297 	 4.051361 	 -0.054904 	 -0.107056
7.708694 	 4.112823 	 -0.076411 	 -0.138214
7.751747 	 4.035248 	 -0.048992 	 -0.132751
7.800691 	 4.244232 	 -0.016767 	 -0.084259
7.846010 	 4.216858 	 -0.035505 	 -0.070251
7.892688 	 4.162292 	 -0.060667 	 -0.097534
7.938460 	 4.264252 	 -0.050589 	 -0.108917
7.985591 	 4.115509 	 -0.056928 	 -0.116669
8.030003 	 4.189636 	 -0.027867 	 -0.093079
8.077135 	 4.163635 	 -0.031777 	 -0.074860
8.123360 	 4.042938 	 -0.028869 	 -0.064880
8.171397 	 4.143005 	 -0.003675 	 -0.032623
8.216716 	 4.017822 	 -0.038360 	 -0.044739
8.263394 	 4.117035 	 -0.061444 	 -0.088226
8.310526 	 4.125641 	 -0.038669 	 -0.092316
8.357204 	 4.245361 	 -0.040693 	 -0.087677
8.404335 	 4.051117 	 -0.043122 	 -0.088623
8.451466 	 4.220245 	 -0.038648 	 -0.085999
8.495879 	 4.202515 	 -0.057961 	 -0.102753
8.544370 	 4.192291 	 -0.034653 	 -0.095306
8.585609 	 4.158936 	 -0.019569 	 -0.065582
8.633194 	 4.193420 	 -0.041577 	 -0.069061
8.680779 	 4.127716 	 -0.030264 	 -0.067322
8.729723 	 4.169769 	 -0.001843 	 -0.032379
8.775494 	 4.132477 	 -0.046286 	 -0.051636
8.820813 	 4.194092 	 -0.047585 	 -0.079651
8.868398 	 4.017151 	 -0.032640 	 -0.077820
8.915076 	 4.151489 	 -0.045338 	 -0.082123
8.961754 	 4.267487 	 -0.027303 	 -0.071472
9.004353 	 4.166809 	 -0.051964 	 -0.085510
9.051938 	 4.192291 	 -0.003111 	 -0.050629
9.097256 	 4.066223 	 -0.018184 	 -0.031525
9.146201 	 4.180115 	 -0.007244 	 -0.017609
9.194691 	 4.028717 	 -0.011942 	 -0.011902
9.235478 	 4.106171 	 -0.027164 	 -0.027405
9.288954 	 4.215149 	 -0.057428 	 -0.071686
9.329741 	 4.024963 	 -0.021827 	 -0.065216
9.375966 	 4.134460 	 -0.017417 	 -0.044220
9.424004 	 4.171173 	 -0.014296 	 -0.029633
9.472041 	 4.285370 	 -0.027154 	 -0.035004
9.520985 	 4.228302 	 -0.035324 	 -0.051727
9.562225 	 4.011353 	 -0.040384 	 -0.067780
9.605278 	 4.255615 	 -0.024980 	 -0.061676
9.656488 	 4.123230 	 -0.017161 	 -0.042145
9.705885 	 4.115234 	 -0.052251 	 -0.070282
9.748485 	 4.256897 	 -0.034142 	 -0.075439
9.796976 	 4.137482 	 -0.030190 	 -0.066772
9.839575 	 4.206268 	 -0.021998 	 -0.052856
9.885800 	 4.069824 	 -0.010376 	 -0.031555
9.932478 	 4.137177 	 -0.052464 	 -0.061279
9.980063 	 4.103424 	 -0.013785 	 -0.049744
10.028101 	 4.038940 	 -0.031574 	 -0.050659
10.073419 	 4.089508 	 -0.029359 	 -0.054199
10.119191 	 4.161652 	 -0.020357 	 -0.044556
10.166776 	 4.231384 	 0.012591 	 -0.002258
10.213000 	 4.006104 	 -0.069008 	 -0.056305
10.257866 	 4.059631 	 -0.027345 	 -0.070129
10.307263 	 4.340698 	 -0.010408 	 -0.041046
10.351222 	 4.186371 	 0.000330 	 -0.009674
10.398807 	 4.213531 	 -0.033076 	 -0.026764
10.446391 	 4.123352 	 -0.022083 	 -0.036407
10.491710 	 4.066315 	 -0.013444 	 -0.027100
10.539748 	 3.914520 	 0.035463 	 0.031372
10.584160 	 4.128326 	 -0.036645 	 0.002625
10.631291 	 4.078186 	 -0.032778 	 -0.037231
10.678423 	 4.186676 	 -0.019036 	 -0.037048
10.721928 	 4.177948 	 -0.010610 	 -0.023254
10.771779 	 4.220367 	 -0.004325 	 -0.006989
10.816644 	 4.189545 	 -0.016682 	 -0.010315
10.862869 	 4.011749 	 -0.017609 	 -0.017639
10.908188 	 4.139893 	 -0.009502 	 -0.012848
10.957585 	 4.190125 	 -0.016597 	 -0.014526
11.002451 	 4.043335 	 -0.005167 	 -0.005981
11.050035 	 4.181793 	 -0.005028 	 0.001556
11.095354 	 4.081940 	 -0.019409 	 -0.008789
11.140219 	 4.159424 	 -0.010557 	 -0.010162
11.190070 	 4.267395 	 -0.025875 	 -0.023224
11.234482 	 4.187256 	 -0.018376 	 -0.027710
11.278894 	 4.240295 	 0.008629 	 0.000519
11.326479 	 4.206390 	 -0.021412 	 -0.007050
11.375423 	 4.143707 	 -0.027260 	 -0.028198
11.420288 	 4.233368 	 -0.036315 	 -0.049438
11.464247 	 4.108307 	 -0.027569 	 -0.053711
11.512738 	 4.056122 	 -0.038158 	 -0.062622
11.558963 	 4.078491 	 -0.005934 	 -0.037689
11.606094 	 4.078247 	 0.008714 	 -0.000153
11.650053 	 4.045563 	 -0.027729 	 -0.012329
11.698544 	 4.216492 	 -0.048118 	 -0.054321
11.742503 	 4.275879 	 -0.030317 	 -0.062531
11.789182 	 4.162781 	 -0.018887 	 -0.047485
11.836313 	 4.133118 	 0.000692 	 -0.015686
11.881631 	 4.274780 	 -0.061828 	 -0.059998
11.932388 	 4.265442 	 -0.056683 	 -0.100067
11.978160 	 4.102142 	 -0.024799 	 -0.081207
12.022119 	 4.088593 	 -0.021891 	 -0.057251
12.070157 	 4.113373 	 -0.014541 	 -0.037811
12.117741 	 4.113739 	 -0.031106 	 -0.043274
12.163060 	 4.205200 	 -0.012804 	 -0.033173
12.211098 	 4.069550 	 -0.044166 	 -0.053680
12.250525 	 4.127014 	 -0.010504 	 -0.039795
12.301282 	 4.054749 	 0.011217 	 0.002197
12.347507 	 4.189056 	 -0.005571 	 0.011383
12.392825 	 4.008057 	 -0.007169 	 0.007446
12.437238 	 4.142273 	 -0.022403 	 -0.010101
12.486635 	 4.197327 	 -0.002099 	 -0.003876
12.533313 	 4.209198 	 0.012559 	 0.022766
12.579991 	 4.220398 	 -0.011984 	 0.013153
12.627122 	 4.260956 	 -0.022850 	 -0.010284
12.672441 	 4.294250 	 -0.023489 	 -0.025513
12.720479 	 4.099243 	 0.022669 	 0.015594
12.765797 	 4.237671 	 -0.016884 	 0.011414
12.812476 	 4.276276 	 -0.002471 	 0.007538
12.859607 	 4.094330 	 -0.049609 	 -0.037170
12.906285 	 4.220520 	 -0.024267 	 -0.049927
12.952963 	 4.261383 	 -0.021412 	 -0.042511
12.998282 	 4.198334 	 -0.000756 	 -0.016022
13.043600 	 4.071533 	 0.005198 	 0.010010
13.090279 	 4.237305 	 0.001001 	 0.019623
13.138770 	 4.121521 	 -0.011803 	 0.009247
13.182729 	 4.122345 	 -0.008629 	 0.002594
13.231673 	 4.178558 	 -0.043580 	 -0.035065
13.275632 	 4.085236 	 -0.026301 	 -0.048218
13.322763 	 4.093201 	 -0.041322 	 -0.063049
13.368082 	 4.167847 	 0.000991 	 -0.031372
13.417479 	 4.130310 	 -0.004559 	 -0.006256
13.458266 	 4.252533 	 -0.003100 	 0.003967
13.509929 	 4.093384 	 0.014797 	 0.027740
13.552528 	 4.199310 	 0.027718 	 0.059021
13.598300 	 4.197357 	 -0.020858 	 0.027313
13.648151 	 4.128418 	 -0.032427 	 -0.017792
13.694376 	 4.236969 	 -0.003686 	 -0.011505
13.741507 	 4.164154 	 -0.033620 	 -0.028687
13.786826 	 4.024414 	 0.020219 	 0.007629
13.835316 	 4.190155 	 -0.008203 	 0.013855
13.879729 	 4.098175 	 -0.000810 	 0.014343
13.927313 	 4.095337 	 -0.007595 	 0.010803
13.973991 	 4.194336 	 -0.001949 	 0.012878
14.017044 	 4.130402 	 -0.045465 	 -0.030457
14.062816 	 4.150116 	 0.007574 	 -0.011322
14.111307 	 4.135315 	 -0.015574 	 -0.006226
14.157985 	 4.257355 	 0.006093 	 0.009369
14.204663 	 4.129578 	 -0.002919 	 0.016418
14.249982 	 4.136169 	 -0.026024 	 -0.009827
14.295753 	 4.154266 	 0.014914 	 0.013763
14.343338 	 4.209259 	 -0.018546 	 0.005341
14.389110 	 4.073364 	 -0.025108 	 -0.020508
14.436694 	 4.065399 	 -0.023478 	 -0.031586
14.478841 	 4.375366 	 -0.052688 	 -0.067932
14.527332 	 4.120544 	 -0.026919 	 -0.066406
14.576276 	 4.009705 	 -0.007063 	 -0.036072
14.621141 	 4.117065 	 -0.016512 	 -0.024445
14.669179 	 4.148956 	 -0.017417 	 -0.024170
14.715404 	 4.162598 	 -0.032352 	 -0.038788
14.763441 	 4.131897 	 -0.013018 	 -0.031586
14.807854 	 4.056549 	 0.004975 	 -0.001953
14.853625 	 4.155548 	 0.005124 	 0.019836
14.900757 	 4.220093 	 -0.007563 	 0.014862
14.950607 	 4.116516 	 -0.022903 	 -0.007996
14.993660 	 4.131714 	 0.008234 	 0.008026
15.038979 	 4.076965 	 0.008842 	 0.028503
15.087923 	 4.148590 	 0.005444 	 0.034485
15.130975 	 4.231445 	 -0.006732 	 0.023499
15.177654 	 4.172363 	 0.003665 	 0.024872
15.223878 	 4.227386 	 0.017641 	 0.043427
15.269650 	 4.303375 	 -0.006200 	 0.032501
15.318141 	 4.076843 	 -0.012069 	 0.011139
15.362553 	 4.293640 	 0.004538 	 0.017303
15.412404 	 4.230194 	 0.026184 	 0.049194
15.458176 	 4.199554 	 -0.017833 	 0.026367
15.503041 	 4.010498 	 -0.023553 	 -0.007599
15.549266 	 4.137939 	 0.009492 	 0.008942
15.595944 	 4.038452 	 -0.012581 	 0.007477
15.644435 	 4.182373 	 0.001119 	 0.011780
15.690660 	 4.058594 	 -0.014360 	 0.003265
15.735979 	 4.132080 	 0.000905 	 0.009949
15.781297 	 4.030060 	 0.008746 	 0.026764
15.828429 	 4.174805 	 -0.006786 	 0.020508
15.873747 	 4.139435 	 -0.028613 	 -0.010406
15.921332 	 4.309387 	 -0.012559 	 -0.016876
15.968916 	 4.160126 	 -0.041481 	 -0.043121
16.013782 	 4.055725 	 -0.009875 	 -0.033478
16.061819 	 4.214355 	 0.006093 	 -0.000214
16.106232 	 4.056183 	 0.002099 	 0.016937
16.153816 	 4.226288 	 -0.011942 	 0.009583
16.199588 	 4.169373 	 0.009065 	 0.020752
16.246719 	 4.066284 	 -0.014338 	 0.010193
16.294304 	 4.236450 	 -0.011505 	 -0.000702
16.337357 	 4.186462 	 -0.007318 	 -0.000122
16.389473 	 4.006592 	 -0.030669 	 -0.022705
16.432526 	 4.097168 	 0.003185 	 -0.007294
16.476031 	 4.207550 	 0.001012 	 0.012512
16.522710 	 4.290344 	 -0.016714 	 0.000153
16.572560 	 4.088043 	 -0.011377 	 -0.005829
16.616066 	 4.025269 	 -0.003004 	 0.001923
16.664557 	 4.188507 	 0.000394 	 0.012238
16.712595 	 4.099121 	 -0.006115 	 0.011597
16.755647 	 4.216461 	 -0.023287 	 -0.009033
16.802325 	 4.209229 	 -0.006093 	 -0.007355
16.852176 	 4.201294 	 -0.022786 	 -0.017059
16.896588 	 4.229279 	 -0.009545 	 -0.014740
16.942813 	 4.006378 	 0.011942 	 0.015015
16.989491 	 4.162384 	 0.019526 	 0.044220
17.036169 	 4.149139 	 -0.012613 	 0.026764
17.081035 	 4.020386 	 -0.047937 	 -0.030548
17.125447 	 4.246307 	 -0.013348 	 -0.034637
17.175751 	 4.140289 	 0.008181 	 -0.000610
17.225601 	 4.169220 	 -0.020304 	 -0.005432

 Z Turning Point (V) = -1.106171 
 Turning Time Delay (ms) = 0 
 SEN (V) =  
 App. Driving Voltage (mVrms) = 0.005000 
 App. Vias. Voltage (V) = 0.000000 
 App. Del Z (Bit) = -10 
 App. Delay Time (ms) = 500 
 App. Velocity (nm/s) = -0.090639 
 Ret. Driving Voltage (mVrms) = 0.005000 
 Ret. Vias. Voltage (V) = 0.000000 
 Ret. Del Z (Bit) = -10 
 Ret. Delay Time (ms) = 300 
 Ret. Velocity (nm/s) = -0.151064 
  
 Data Array Size = 743 
 Frequency (Hz) = sen.
 
