23.156447 	 4.133057 	 0.014136 	 0.023224
23.111128 	 4.177185 	 -0.010322 	 0.017365
23.063544 	 4.159424 	 -0.027739 	 -0.013580
23.017772 	 4.146118 	 0.019409 	 0.014771
22.970187 	 4.138489 	 -0.006434 	 0.019928
22.927135 	 4.114563 	 0.000959 	 0.019073
22.881363 	 4.199493 	 -0.000756 	 0.022766
22.836497 	 4.247681 	 0.037039 	 0.058289
22.786194 	 4.165466 	 -0.001726 	 0.052704
22.739969 	 4.137451 	 0.025140 	 0.060852
22.696010 	 4.179840 	 -0.010333 	 0.039734
22.645706 	 4.200134 	 -0.009076 	 0.017242
22.602200 	 4.240173 	 0.004975 	 0.021790
22.556882 	 4.172424 	 -0.010738 	 0.013397
22.508844 	 4.102051 	 -0.016054 	 -0.002380
22.462619 	 4.189911 	 -0.021646 	 -0.018799
22.415034 	 4.055237 	 -0.016309 	 -0.022034
22.368356 	 4.094879 	 -0.008916 	 -0.013245
22.320772 	 4.010376 	 -0.026834 	 -0.025543
22.275906 	 4.123291 	 -0.027793 	 -0.039581
22.229681 	 4.076508 	 -0.036517 	 -0.054932
22.182550 	 4.202148 	 0.007233 	 -0.018677
22.136778 	 4.108948 	 0.007499 	 0.015015
22.089194 	 4.115387 	 0.018930 	 0.042633
22.042969 	 4.059662 	 0.002141 	 0.042664
21.995384 	 4.079437 	 -0.016128 	 0.015503
21.950972 	 4.095367 	 0.003643 	 0.016815
21.905200 	 4.169922 	 0.023148 	 0.046021
21.859428 	 4.114258 	 0.016991 	 0.060852
21.812297 	 4.225464 	 -0.002429 	 0.043762
21.764713 	 4.206818 	 0.004591 	 0.035370
21.719847 	 4.172882 	 0.002162 	 0.031982
21.670450 	 4.141449 	 0.020900 	 0.049774
21.626491 	 4.103607 	 0.002184 	 0.044373
21.579359 	 4.088470 	 -0.028666 	 0.002838
21.534041 	 4.110992 	 0.000117 	 0.000885
21.487363 	 4.265045 	 -0.030797 	 -0.020447
21.438419 	 4.152924 	 -0.019303 	 -0.028839
21.394006 	 4.154297 	 -0.032714 	 -0.041504
21.347328 	 4.248535 	 -0.010876 	 -0.030914
21.302010 	 4.189026 	 -0.005646 	 -0.011322
21.254425 	 4.156372 	 -0.016544 	 -0.012726
21.206841 	 4.077972 	 -0.020581 	 -0.021759
21.164694 	 4.076447 	 0.018706 	 0.014984
21.114391 	 4.130280 	 -0.021540 	 0.003784
21.071791 	 4.069519 	 0.004708 	 0.009460
21.025113 	 4.018433 	 0.024661 	 0.045624
20.977075 	 4.248566 	 -0.001598 	 0.042358
20.932663 	 4.135101 	 -0.009513 	 0.020538
20.883719 	 4.194092 	 -0.040192 	 -0.023224
20.838400 	 4.283051 	 -0.010962 	 -0.025818
20.792175 	 4.306000 	 -0.011473 	 -0.015778
20.746404 	 4.233551 	 -0.013955 	 -0.013092
20.701991 	 4.291077 	 -0.008384 	 -0.006805
20.652141 	 4.312622 	 -0.026376 	 -0.021759
20.606822 	 4.161102 	 -0.013955 	 -0.023163
20.561957 	 4.252228 	 -0.010386 	 -0.014313
20.514825 	 4.169312 	 -0.009992 	 -0.008392
20.468147 	 4.113342 	 -0.025460 	 -0.022217
20.419656 	 4.135834 	 -0.010567 	 -0.019745
20.373885 	 4.091125 	 0.004549 	 0.003265
20.329472 	 4.261505 	 -0.032736 	 -0.018250
20.284607 	 4.214600 	 -0.031979 	 -0.042816
20.235663 	 4.190247 	 0.000341 	 -0.018921
20.190344 	 4.169189 	 -0.016299 	 -0.011505
20.145932 	 4.235443 	 0.003036 	 0.003326
20.095175 	 4.203217 	 0.029827 	 0.044891
20.050310 	 4.062286 	 0.027356 	 0.074707
20.003632 	 4.103394 	 0.017247 	 0.075684
19.955141 	 4.213654 	 0.022530 	 0.077026
19.908916 	 4.164551 	 0.036560 	 0.094696
19.864503 	 4.364288 	 -0.026813 	 0.041565
19.816919 	 4.232147 	 -0.003132 	 0.016693
19.770241 	 4.295563 	 0.003473 	 0.024536
19.721297 	 4.104309 	 -0.028240 	 -0.003693
19.680510 	 4.252167 	 -0.004953 	 -0.004517
19.632472 	 4.209778 	 -0.013870 	 -0.005615
19.584888 	 4.188538 	 -0.022243 	 -0.018951
19.537756 	 4.241699 	 -0.010876 	 -0.017395
19.491985 	 4.249054 	 -0.010109 	 -0.009949
19.445306 	 4.225250 	 0.005795 	 0.009644
19.400894 	 4.106384 	 -0.004495 	 0.013977
19.353763 	 4.015045 	 0.022648 	 0.041229
19.307085 	 4.174042 	 0.028325 	 0.069855
19.260406 	 4.013062 	 0.015063 	 0.073853
19.215994 	 4.051910 	 0.000288 	 0.052948
19.167957 	 4.058075 	 0.000714 	 0.036865
19.120825 	 4.269409 	 -0.016373 	 0.011902
19.075960 	 3.995178 	 -0.015564 	 -0.004730
19.029282 	 4.129181 	 0.003505 	 0.008118
18.981697 	 4.307617 	 -0.007084 	 0.010956
18.935472 	 4.144165 	 -0.012858 	 0.001282
18.890607 	 4.246307 	 0.011153 	 0.019165
18.845288 	 4.112213 	 -0.004410 	 0.021088
18.796344 	 4.207947 	 -0.024277 	 -0.006073
18.752385 	 4.166260 	 -0.003111 	 -0.004669
18.701628 	 4.189392 	 -0.012868 	 -0.006226
18.659935 	 4.098480 	 0.011132 	 0.016235
18.607365 	 4.193420 	 -0.015851 	 0.008026
18.563860 	 4.167206 	 -0.022264 	 -0.012909
18.518541 	 4.087402 	 -0.001374 	 -0.003204
18.471410 	 4.172852 	 -0.029316 	 -0.019470
18.425185 	 4.081024 	 -0.015862 	 -0.024170
18.378960 	 4.138367 	 0.013625 	 0.009460
18.331375 	 4.079651 	 -0.011526 	 0.010406
18.286963 	 4.079437 	 -0.022648 	 -0.011017
18.237112 	 4.049469 	 -0.008863 	 -0.010773
18.193607 	 4.118225 	 -0.026003 	 -0.022522
18.146022 	 4.182129 	 0.015084 	 0.006775
18.102063 	 4.235962 	 0.025662 	 0.048889
18.052666 	 4.135254 	 0.005486 	 0.050537
18.008707 	 4.044159 	 -0.018269 	 0.017242
17.959309 	 4.065186 	 -0.032160 	 -0.021729
17.914897 	 4.164093 	 -0.008810 	 -0.019958
17.867313 	 4.225220 	 0.008703 	 0.009857
17.825620 	 4.164124 	 0.010450 	 0.032104
17.774409 	 4.161285 	 -0.027409 	 0.002075
17.729997 	 4.006287 	 -0.014328 	 -0.013428
17.682866 	 4.129211 	 -0.016139 	 -0.015747
17.637547 	 4.107391 	 0.017694 	 0.015045
17.591322 	 4.146179 	 0.003100 	 0.028717
17.543738 	 4.195099 	 -0.001119 	 0.025208
17.498419 	 4.151337 	 -0.001555 	 0.020294
17.452647 	 4.207947 	 0.006061 	 0.027161
17.405516 	 4.206085 	 -0.001108 	 0.026276
17.356572 	 4.270233 	 -0.015105 	 0.008087
17.307175 	 4.149963 	 -0.008746 	 0.001892
17.264575 	 4.186462 	 -0.010567 	 0.000458
17.217444 	 4.137329 	 -0.015180 	 -0.007263
17.175751 	 4.133484 	 -0.026014 	 -0.024750
17.127713 	 4.226196 	 -0.003782 	 -0.012848
17.076503 	 4.185364 	 0.003707 	 0.009918
17.036169 	 4.258209 	 -0.023223 	 -0.005676
16.990398 	 4.200409 	 -0.008693 	 -0.008606
16.939641 	 4.120270 	 -0.008128 	 -0.003052
16.892056 	 4.038452 	 0.004687 	 0.012939
16.845831 	 4.056000 	 0.018770 	 0.039978
16.799606 	 4.121277 	 -0.009129 	 0.029602
16.753835 	 4.065155 	 -0.012549 	 0.008911
16.706250 	 4.157257 	 -0.003675 	 0.006744
16.660931 	 4.126007 	 -0.016906 	 -0.004517
16.616066 	 4.136993 	 0.020698 	 0.024994
16.566669 	 4.161072 	 -0.011420 	 0.020721
16.523163 	 4.214447 	 -0.034685 	 -0.018585
16.478751 	 4.184052 	 -0.017311 	 -0.028046
16.430713 	 4.156586 	 -0.016288 	 -0.024750
16.388113 	 4.101257 	 -0.006839 	 -0.011932
16.336903 	 4.229889 	 -0.004772 	 -0.000061
16.291132 	 4.161133 	 -0.022733 	 -0.013336
16.244453 	 4.266296 	 -0.017066 	 -0.020416
16.197322 	 4.131989 	 0.009385 	 0.005188
16.151550 	 4.280365 	 0.006594 	 0.026611
16.103513 	 4.227936 	 -0.009555 	 0.018219
16.056834 	 4.188385 	 -0.028144 	 -0.014740
16.013782 	 4.224548 	 0.000597 	 -0.003998
15.963931 	 4.258575 	 -0.010109 	 0.000732
15.915440 	 4.214447 	 -0.028517 	 -0.020386
15.874654 	 4.061310 	 -0.000501 	 -0.008728
15.826616 	 4.196991 	 0.004005 	 0.012421
15.779938 	 4.107483 	 -0.003334 	 0.016479
15.735526 	 4.198029 	 -0.011974 	 0.005859
15.686581 	 4.231842 	 0.003249 	 0.013733
15.639903 	 4.145569 	 -0.009257 	 0.010742
15.597304 	 4.114624 	 -0.015798 	 -0.002838
15.548813 	 4.062500 	 -0.027292 	 -0.024323
15.503041 	 4.080048 	 0.003377 	 -0.006805
15.454550 	 4.122437 	 -0.020027 	 -0.009186
15.410591 	 4.292450 	 0.004442 	 0.004303
15.364366 	 4.189423 	 -0.017598 	 -0.001587
15.314516 	 4.195648 	 -0.003228 	 0.001465
15.267384 	 4.252136 	 -0.011665 	 0.000092
15.225238 	 4.137024 	 -0.042973 	 -0.037659
15.174481 	 4.210236 	 -0.014061 	 -0.037018
15.132788 	 4.154510 	 -0.006104 	 -0.015656
15.085204 	 4.173187 	 0.016554 	 0.020874
15.037619 	 4.218994 	 -0.029806 	 -0.001770
14.990941 	 4.210449 	 0.007233 	 0.005432
14.945169 	 4.170258 	 -0.007606 	 0.009949
14.896678 	 4.031952 	 0.000085 	 0.013306
14.851360 	 4.096222 	 0.011654 	 0.029968
14.804228 	 4.097168 	 -0.000288 	 0.029053
14.758003 	 4.205353 	 0.001641 	 0.027283
14.714497 	 4.143188 	 -0.003409 	 0.019836
14.667819 	 4.063995 	 -0.011622 	 0.007843
14.619781 	 4.116150 	 -0.023915 	 -0.015076
14.574010 	 4.216095 	 -0.019963 	 -0.023560
14.529597 	 4.130249 	 -0.000756 	 -0.006042
14.479294 	 4.269226 	 -0.018983 	 -0.011047
14.433522 	 4.167145 	 0.021966 	 0.022675
14.386391 	 4.203369 	 0.015425 	 0.048798
14.341978 	 4.185486 	 -0.026791 	 0.011230
14.292581 	 4.138275 	 -0.021295 	 -0.016327
14.250888 	 4.090973 	 -0.003249 	 -0.006897
14.201491 	 4.117126 	 0.002226 	 0.010742
14.156625 	 4.084290 	 0.003931 	 0.023895
14.110400 	 4.035461 	 -0.003867 	 0.020935
14.064175 	 4.196289 	 0.008916 	 0.028107
14.015685 	 4.098633 	 -0.010962 	 0.016815
13.970366 	 4.207092 	 -0.008469 	 0.005676
13.923235 	 4.168549 	 0.010919 	 0.021118
13.878822 	 4.167480 	 0.004112 	 0.032745
13.830785 	 4.097931 	 0.012900 	 0.042328
13.785919 	 4.145203 	 -0.009183 	 0.028534
13.739694 	 4.132416 	 0.007862 	 0.028656
13.690297 	 4.260406 	 -0.019473 	 0.009644
13.644978 	 4.167023 	 -0.016512 	 -0.006561
13.598300 	 4.152496 	 -0.019313 	 -0.017731
13.550716 	 4.129150 	 -0.010322 	 -0.014709
13.503584 	 4.158051 	 -0.040576 	 -0.040863
13.459625 	 4.119232 	 -0.036198 	 -0.060547
13.411588 	 4.092346 	 -0.026163 	 -0.056641
13.366269 	 4.109741 	 -0.007734 	 -0.031006
13.322310 	 4.170197 	 -0.015734 	 -0.021545
13.274272 	 4.148468 	 -0.031276 	 -0.036896
13.227594 	 4.171722 	 -0.029369 	 -0.048096
13.181369 	 4.196259 	 -0.045551 	 -0.067749
13.135597 	 4.187317 	 -0.026546 	 -0.063751
13.085294 	 4.106262 	 -0.021188 	 -0.049683
13.038162 	 4.243347 	 -0.013401 	 -0.033173
12.996016 	 4.126312 	 -0.027654 	 -0.036865
12.947978 	 4.211243 	 -0.022594 	 -0.039307
12.901753 	 4.128632 	 -0.032586 	 -0.048889
12.855981 	 4.179993 	 -0.023233 	 -0.046295
12.809303 	 4.184631 	 -0.029327 	 -0.048492
12.764438 	 4.114624 	 -0.014040 	 -0.036499
12.714587 	 4.152893 	 -0.006242 	 -0.017517
12.669269 	 4.148834 	 -0.036464 	 -0.036072
12.625310 	 4.334900 	 -0.042834 	 -0.063965
12.575912 	 4.184265 	 -0.021380 	 -0.056366
12.529687 	 4.210602 	 -0.001641 	 -0.023163
12.483463 	 4.167145 	 0.010237 	 0.011414
12.437691 	 4.125061 	 0.002109 	 0.023743
12.390106 	 4.068329 	 -0.012538 	 0.011444
12.344788 	 4.207947 	 -0.019473 	 -0.009766
12.297203 	 4.099823 	 -0.009651 	 -0.010132
12.252338 	 4.185242 	 -0.011398 	 -0.008972
12.205206 	 4.217560 	 -0.003728 	 0.000061
12.157622 	 4.171082 	 0.009033 	 0.019745
12.110490 	 4.175537 	 -0.006392 	 0.018219
12.066531 	 4.208313 	 0.016235 	 0.035095
12.022572 	 4.229309 	 0.000085 	 0.035461
11.972269 	 4.113251 	 0.007372 	 0.035889
11.925591 	 4.118225 	 -0.003004 	 0.027679
11.880272 	 4.083954 	 -0.003100 	 0.019958
11.834500 	 4.218536 	 0.001545 	 0.019409
11.787822 	 4.206451 	 -0.011228 	 0.009491
11.742957 	 4.189514 	 -0.021912 	 -0.010223
11.696732 	 4.232788 	 -0.000650 	 -0.002411
11.646428 	 4.096161 	 -0.009747 	 0.000885
11.600203 	 4.109039 	 0.003526 	 0.011688
11.557150 	 4.209198 	 -0.019356 	 0.002167
11.511832 	 4.100372 	 -0.041631 	 -0.039154
11.464247 	 4.160675 	 -0.042611 	 -0.066864
11.416663 	 4.200958 	 -0.035633 	 -0.072784
11.371344 	 4.108704 	 0.003814 	 -0.029633
11.327838 	 4.205994 	 -0.028443 	 -0.028290
11.277081 	 4.228882 	 -0.015180 	 -0.028198
11.231310 	 4.240051 	 -0.001033 	 -0.009064
11.185538 	 4.311310 	 -0.004975 	 0.001801
11.137953 	 4.220856 	 -0.007084 	 0.004456
11.091728 	 4.114319 	 -0.024437 	 -0.013947
11.044144 	 4.163177 	 -0.015564 	 -0.019928
10.998825 	 4.162170 	 -0.002567 	 -0.005981
10.954413 	 4.131653 	 -0.016054 	 -0.007721
10.909094 	 4.177979 	 -0.029284 	 -0.027069
10.860603 	 4.170166 	 -0.038051 	 -0.051514
10.813019 	 4.186462 	 -0.030893 	 -0.058777
10.768153 	 4.203125 	 -0.011910 	 -0.039032
10.722382 	 4.112366 	 -0.007350 	 -0.016632
10.677969 	 4.117249 	 -0.024373 	 -0.023895
10.629478 	 4.164032 	 -0.042078 	 -0.052917
10.579628 	 4.168304 	 -0.011228 	 -0.039276
10.535216 	 4.096313 	 -0.034664 	 -0.045410
10.489444 	 4.106262 	 -0.027846 	 -0.051849
10.444579 	 4.134369 	 -0.013412 	 -0.036102
10.396541 	 4.082458 	 -0.012847 	 -0.022278
10.349409 	 4.030334 	 -0.032001 	 -0.035889
10.304997 	 4.066193 	 -0.008639 	 -0.026062
10.254694 	 4.195251 	 -0.007105 	 -0.011627
10.211188 	 4.228119 	 -0.008725 	 -0.005127
10.164963 	 4.269196 	 0.017896 	 0.024872
10.116925 	 4.274445 	 0.000266 	 0.032135
10.069341 	 4.264587 	 -0.023521 	 0.001892
10.023116 	 4.153351 	 -0.036272 	 -0.034485
9.975984 	 4.175293 	 -0.020357 	 -0.039246
9.933838 	 3.987762 	 -0.006562 	 -0.019684
9.886707 	 4.134491 	 -0.011089 	 -0.010406
9.838669 	 4.212067 	 -0.034216 	 -0.032379
9.790178 	 4.152863 	 -0.014733 	 -0.032196
9.743953 	 4.056183 	 -0.020858 	 -0.029846
9.699541 	 4.146240 	 -0.034387 	 -0.044495
9.653769 	 4.180023 	 -0.022445 	 -0.043701
9.605278 	 4.093231 	 -0.024256 	 -0.041718
9.562679 	 4.193481 	 -0.021337 	 -0.037506
9.512375 	 4.213379 	 -0.019271 	 -0.034027
9.470229 	 4.242035 	 -0.046563 	 -0.059570
9.424004 	 4.075134 	 -0.044496 	 -0.078949
9.375060 	 4.010559 	 -0.018504 	 -0.060455
9.326569 	 4.007294 	 -0.000724 	 -0.022430
9.283063 	 4.129913 	 -0.029178 	 -0.028412
9.237291 	 4.093170 	 -0.025225 	 -0.039246
9.190160 	 4.142639 	 -0.024970 	 -0.040527
9.143481 	 4.094208 	 -0.037721 	 -0.055359
9.092725 	 4.100922 	 -0.041109 	 -0.071625
9.050125 	 4.129211 	 -0.064140 	 -0.103394
9.002087 	 4.116333 	 -0.037082 	 -0.099701
8.957222 	 4.186218 	 -0.003707 	 -0.051147
8.913716 	 4.209259 	 -0.000565 	 -0.012329
8.866585 	 4.219269 	 -0.049790 	 -0.045654
8.816281 	 4.095612 	 -0.019878 	 -0.050049
8.773682 	 4.090393 	 -0.045721 	 -0.065979
8.726097 	 4.163849 	 -0.045977 	 -0.085144
8.678966 	 4.075348 	 -0.047724 	 -0.094452
8.630475 	 4.054260 	 -0.027825 	 -0.079498
8.586969 	 4.038574 	 -0.055724 	 -0.093231
8.537572 	 4.086151 	 -0.049524 	 -0.103333
8.491800 	 4.080475 	 -0.019303 	 -0.074524
8.446935 	 4.131134 	 -0.036326 	 -0.067322
8.399803 	 4.184387 	 -0.046541 	 -0.080505
8.355391 	 4.048523 	 -0.061295 	 -0.106689
8.306900 	 4.146271 	 -0.036805 	 -0.099487
8.262941 	 4.225189 	 -0.033321 	 -0.082336
8.214450 	 4.143219 	 -0.045987 	 -0.087524
8.167319 	 4.282318 	 -0.040640 	 -0.088074
8.122000 	 4.239319 	 -0.042110 	 -0.087799
8.076682 	 4.125244 	 -0.033343 	 -0.079926
8.028644 	 4.129150 	 -0.015564 	 -0.053284
7.981512 	 4.173248 	 -0.041662 	 -0.061310
7.937553 	 4.150391 	 -0.022829 	 -0.056061
7.891328 	 4.120270 	 -0.030690 	 -0.053802
7.842384 	 4.224365 	 -0.024682 	 -0.050415
7.797519 	 4.060333 	 -0.037668 	 -0.060883
7.751747 	 4.029755 	 -0.052965 	 -0.086639
7.702803 	 4.046326 	 -0.034419 	 -0.084534
7.655219 	 4.180756 	 -0.051783 	 -0.093872
7.613525 	 4.056274 	 -0.027718 	 -0.079590
7.566394 	 4.047241 	 -0.049471 	 -0.086029
7.517903 	 4.114532 	 -0.037828 	 -0.086884
7.469865 	 4.148529 	 -0.048853 	 -0.092957
7.424094 	 4.083923 	 -0.027452 	 -0.077942
7.379228 	 4.163727 	 -0.051878 	 -0.087891
7.333456 	 4.108154 	 -0.060155 	 -0.111664
7.285872 	 4.124420 	 -0.040587 	 -0.104370
7.242819 	 4.192139 	 -0.039521 	 -0.092529
7.192062 	 4.177887 	 -0.029870 	 -0.076935
7.148103 	 4.211670 	 -0.018908 	 -0.054718
7.099612 	 4.128906 	 -0.007191 	 -0.026672
7.054747 	 4.165466 	 -0.050280 	 -0.055023
7.006256 	 4.038788 	 -0.040661 	 -0.076233
6.961844 	 4.299438 	 -0.040650 	 -0.079865
6.913353 	 4.193359 	 -0.053103 	 -0.095978
6.869394 	 4.273956 	 -0.063969 	 -0.119751
6.822716 	 4.093445 	 -0.056033 	 -0.126495
6.776944 	 4.148102 	 -0.041109 	 -0.111328
6.727547 	 4.086853 	 -0.039127 	 -0.094940
6.682228 	 4.121277 	 -0.013508 	 -0.061279
6.635097 	 4.053162 	 -0.059634 	 -0.083801
6.591591 	 4.253113 	 -0.038776 	 -0.090729
6.541287 	 4.183594 	 -0.048043 	 -0.094543
6.496422 	 4.123199 	 -0.037124 	 -0.088593
6.450197 	 4.142303 	 -0.046968 	 -0.090912
6.406691 	 4.164703 	 -0.041684 	 -0.090881
6.359560 	 4.267731 	 -0.070797 	 -0.119629
6.310616 	 4.224396 	 -0.057013 	 -0.129974
6.266656 	 4.117401 	 -0.085232 	 -0.157410
6.218619 	 4.158539 	 -0.054850 	 -0.150391
6.171034 	 4.207916 	 -0.076358 	 -0.158081
6.126169 	 4.109070 	 -0.087320 	 -0.184631
6.077678 	 4.179840 	 -0.079469 	 -0.189148
6.035078 	 4.154236 	 -0.069349 	 -0.178009
5.986134 	 4.140198 	 -0.101861 	 -0.202881
5.939003 	 4.058563 	 -0.080150 	 -0.203918
5.894138 	 4.036163 	 -0.075282 	 -0.190430
5.846100 	 3.956604 	 -0.097600 	 -0.206390
5.803047 	 4.175568 	 -0.066654 	 -0.190277
5.755009 	 4.031250 	 -0.068188 	 -0.171997
5.707425 	 4.134308 	 -0.083783 	 -0.178375
5.663466 	 4.064301 	 -0.064672 	 -0.170135
5.616788 	 4.024139 	 -0.068859 	 -0.161926
5.568297 	 4.040131 	 -0.070659 	 -0.163177
5.521619 	 4.159576 	 -0.085147 	 -0.179047
5.474487 	 4.195984 	 -0.104758 	 -0.213196
5.427809 	 4.112823 	 -0.092145 	 -0.222778
5.383850 	 3.996124 	 -0.075570 	 -0.207458
5.335359 	 4.078033 	 -0.081450 	 -0.195831
5.289134 	 4.196136 	 -0.071490 	 -0.186310
5.243362 	 4.196381 	 -0.086776 	 -0.191772
5.197137 	 4.154358 	 -0.046968 	 -0.158844
5.152725 	 4.094818 	 -0.055511 	 -0.136993
5.104234 	 4.210022 	 -0.079991 	 -0.156250
5.058916 	 4.089325 	 -0.091432 	 -0.187378
5.013597 	 4.142090 	 -0.107496 	 -0.220856
4.965559 	 4.092743 	 -0.097823 	 -0.233887
4.921147 	 4.078247 	 -0.114537 	 -0.252258
4.874016 	 4.124237 	 -0.119139 	 -0.273071
4.825072 	 4.223297 	 -0.060422 	 -0.222717
4.778394 	 4.115143 	 -0.095224 	 -0.211700
4.732169 	 4.072235 	 -0.100316 	 -0.227386
4.686850 	 4.205261 	 -0.107720 	 -0.244171
4.638359 	 4.209351 	 -0.075474 	 -0.220886
4.593040 	 4.108948 	 -0.124167 	 -0.247772
4.549988 	 4.175385 	 -0.100753 	 -0.256073
4.503763 	 4.116241 	 -0.119299 	 -0.269257
4.456178 	 4.114563 	 -0.101999 	 -0.265167
4.406781 	 4.093964 	 -0.117499 	 -0.271210
4.365541 	 4.032074 	 -0.118777 	 -0.281555
4.314331 	 4.152649 	 -0.075985 	 -0.242615
4.270825 	 4.079346 	 -0.102926 	 -0.235229
4.222334 	 3.875336 	 -0.112023 	 -0.253052
4.175203 	 4.076996 	 -0.126820 	 -0.279755
4.128978 	 4.210571 	 -0.082686 	 -0.253052
4.086832 	 3.977112 	 -0.079884 	 -0.218872
4.038341 	 4.026459 	 -0.081429 	 -0.204071
3.991663 	 4.083801 	 -0.133147 	 -0.252197
3.944984 	 4.037262 	 -0.108497 	 -0.270599
3.895587 	 4.004333 	 -0.139134 	 -0.298981
3.853441 	 4.043365 	 -0.105099 	 -0.289551
3.804044 	 3.971558 	 -0.088012 	 -0.252899
3.758272 	 4.018829 	 -0.125818 	 -0.268585
3.714766 	 4.082428 	 -0.106484 	 -0.271698
3.665822 	 4.199371 	 -0.134607 	 -0.294098
3.618690 	 4.136108 	 -0.123368 	 -0.304626
3.576091 	 4.155945 	 -0.145771 	 -0.328125
3.527600 	 4.217499 	 -0.175406 	 -0.378448
3.479109 	 4.051361 	 -0.147880 	 -0.385193
3.434697 	 4.111969 	 -0.161782 	 -0.390259
3.386659 	 4.137207 	 -0.129877 	 -0.366180
3.343153 	 4.052307 	 -0.118745 	 -0.329834
3.295569 	 4.085388 	 -0.134245 	 -0.325134
3.247531 	 4.061188 	 -0.109424 	 -0.304321
3.202666 	 3.981873 	 -0.107080 	 -0.280640
3.156441 	 4.030029 	 -0.076731 	 -0.237732
3.107497 	 4.104980 	 -0.063873 	 -0.192566
3.063084 	 4.095245 	 -0.080182 	 -0.182953
3.015953 	 4.040100 	 -0.082611 	 -0.189911
2.968822 	 4.082031 	 -0.112311 	 -0.225098
2.922597 	 4.106201 	 -0.121802 	 -0.263397
2.876372 	 4.074249 	 -0.071873 	 -0.232513
2.830147 	 4.040222 	 -0.065056 	 -0.189270
2.781656 	 4.110535 	 -0.080427 	 -0.182312
2.735431 	 4.105804 	 -0.103725 	 -0.210327
2.689659 	 3.977478 	 -0.203689 	 -0.338226
2.644341 	 3.445282 	 -0.546992 	 -0.796295
2.599022 	 3.271240 	 -0.622615 	 -1.224121
2.551437 	 3.023132 	 -0.641790 	 -1.459381
2.507025 	 3.038208 	 -0.615851 	 -1.550110
2.458987 	 2.971924 	 -0.603483 	 -1.568115
2.413669 	 2.993805 	 -0.641406 	 -1.610992
2.367444 	 3.069611 	 -0.642067 	 -1.647491
2.321672 	 2.940582 	 -0.620133 	 -1.640747
2.273181 	 3.015015 	 -0.607542 	 -1.616394
2.227409 	 3.068756 	 -0.623904 	 -1.617279
2.179825 	 3.023895 	 -0.613560 	 -1.612457
2.132240 	 2.957855 	 -0.677050 	 -1.673859
2.090094 	 3.030792 	 -0.646765 	 -1.696960
2.043416 	 2.981476 	 -0.646733 	 -1.693512
1.996284 	 3.013031 	 -0.638573 	 -1.684814
1.950060 	 3.100342 	 -0.621273 	 -1.659912
1.902022 	 3.044739 	 -0.610919 	 -1.629944
1.854890 	 3.207336 	 -0.624096 	 -1.626221
1.811385 	 3.091797 	 -0.612239 	 -1.617828
1.762894 	 3.112823 	 -0.596090 	 -1.590851
1.716216 	 2.970459 	 -0.596655 	 -1.573639
1.670444 	 2.846649 	 -0.541293 	 -1.508942
1.625578 	 3.109436 	 -0.527338 	 -1.440918
1.578900 	 3.100861 	 -0.523663 	 -1.402527
1.530862 	 3.254547 	 -0.570524 	 -1.432983
1.482825 	 3.098816 	 -0.508259 	 -1.400299
1.439772 	 3.119995 	 -0.503167 	 -1.352631
1.390828 	 3.134338 	 -0.507204 	 -1.335419
1.346416 	 3.277924 	 -0.483225 	 -1.303436
1.297018 	 3.272736 	 -0.479806 	 -1.274658
1.253513 	 3.240784 	 -0.455028 	 -1.236664
1.206834 	 3.254028 	 -0.439358 	 -1.192749
1.159703 	 3.034668 	 -0.345891 	 -1.067474
1.113931 	 3.220642 	 -0.371937 	 -1.000397
1.066347 	 3.265259 	 -0.383719 	 -0.993011
1.020575 	 3.272552 	 -0.326109 	 -0.935425
0.975256 	 3.141479 	 -0.316277 	 -0.875092
0.929938 	 3.168854 	 -0.294386 	 -0.821350
0.882806 	 3.200836 	 -0.250540 	 -0.742004
0.834769 	 3.381714 	 -0.228254 	 -0.664917
0.791716 	 3.344696 	 -0.200035 	 -0.592438
0.741412 	 3.264099 	 -0.201005 	 -0.548340
0.697453 	 3.278992 	 -0.166021 	 -0.493408
0.649869 	 3.229828 	 -0.127821 	 -0.413666
0.601831 	 3.239868 	 -0.090057 	 -0.322906
0.556059 	 2.789612 	 0.113983 	 -0.052734
0.509381 	 2.810852 	 0.015990 	 0.052704
0.463609 	 2.883484 	 0.028911 	 0.069244
0.416931 	 2.745758 	 0.063809 	 0.119934
0.372972 	 2.199005 	 0.430580 	 0.541595
0.323122 	 2.294678 	 0.256196 	 0.702393
0.276443 	 1.998901 	 0.434180 	 0.885956
0.231125 	 1.597595 	 0.692358 	 1.307343
0.184447 	 1.415344 	 0.834027 	 1.758728
0.139128 	 1.132599 	 0.950823 	 2.140259
0.090184 	 1.393616 	 1.007644 	 2.418091
0.044412 	 1.020355 	 1.202652 	 2.770477
0.000000 	 0.791260 	 1.256511 	 3.067139
0.046678 	 0.795990 	 1.260943 	 3.225128
0.089731 	 1.006256 	 0.924937 	 2.945862
0.138675 	 1.117371 	 1.003287 	 2.762207
0.186259 	 1.170074 	 0.757296 	 2.460907
0.229765 	 1.675598 	 0.605028 	 2.060272
0.279163 	 1.826172 	 0.490863 	 1.702148
0.322215 	 1.479980 	 0.837095 	 1.858398
0.371613 	 2.070251 	 0.474213 	 1.697388
0.416931 	 1.970367 	 0.535998 	 1.527618
0.465422 	 2.429871 	 0.208451 	 1.141418
0.511194 	 2.794586 	 -0.012261 	 0.597626
0.556966 	 2.773132 	 -0.018269 	 0.258636
0.602737 	 3.042511 	 -0.083804 	 0.039948
0.647603 	 2.994537 	 0.025470 	 0.027069
0.693828 	 3.220123 	 -0.081844 	 -0.044647
0.739146 	 3.100616 	 -0.088353 	 -0.131714
0.788544 	 3.238708 	 -0.091698 	 -0.176178
0.837488 	 3.306763 	 -0.162655 	 -0.271454
0.883260 	 3.311340 	 -0.163497 	 -0.346283
0.928578 	 3.273621 	 -0.158352 	 -0.374054
0.971178 	 3.366760 	 -0.248409 	 -0.478882
1.020122 	 3.367004 	 -0.262449 	 -0.578552
1.068159 	 3.481110 	 -0.301853 	 -0.670441
1.115291 	 3.478088 	 -0.359420 	 -0.787354
1.161063 	 3.298004 	 -0.362105 	 -0.868286
1.204568 	 3.342590 	 -0.398121 	 -0.941467
1.251247 	 3.321533 	 -0.389013 	 -0.980652
1.300191 	 3.258087 	 -0.400060 	 -1.006012
1.344603 	 3.311157 	 -0.402968 	 -1.026123
1.390828 	 3.261475 	 -0.437461 	 -1.071289
1.439319 	 3.264282 	 -0.466852 	 -1.137085
1.484637 	 3.324829 	 -0.460290 	 -1.169647
1.532675 	 3.241394 	 -0.520861 	 -1.247833
1.578447 	 3.212616 	 -0.481947 	 -1.267609
1.623766 	 3.140869 	 -0.510453 	 -1.289124
1.672256 	 3.105835 	 -0.507396 	 -1.308594
1.716669 	 3.062775 	 -0.538289 	 -1.350311
1.763800 	 3.061768 	 -0.548952 	 -1.391266
1.809119 	 3.181580 	 -0.530661 	 -1.394684
1.857610 	 3.091492 	 -0.591733 	 -1.452576
1.902022 	 3.082367 	 -0.573357 	 -1.484741
1.947794 	 3.098846 	 -0.602066 	 -1.520752
1.994472 	 3.091553 	 -0.603398 	 -1.551025
2.043416 	 3.273071 	 -0.568670 	 -1.529053
2.088734 	 3.044678 	 -0.640544 	 -1.578644
2.138132 	 3.005707 	 -0.622125 	 -1.613342
2.181184 	 3.031158 	 -0.630157 	 -1.629333
2.227409 	 2.908508 	 -0.630253 	 -1.640381
2.275447 	 2.949280 	 -0.641289 	 -1.655090
2.319859 	 2.971893 	 -0.621305 	 -1.645935
2.367897 	 3.014008 	 -0.655777 	 -1.670135
2.411403 	 2.987518 	 -0.692667 	 -1.734497
2.458534 	 2.908447 	 -0.630615 	 -1.714081
2.504759 	 2.877869 	 -0.630477 	 -1.678284
2.552344 	 3.094971 	 -0.634493 	 -1.665802
2.599475 	 2.957611 	 -0.653295 	 -1.684479
2.643887 	 2.892700 	 -0.608362 	 -1.651489
2.690112 	 2.912140 	 -0.635217 	 -1.646515
2.736790 	 2.973511 	 -0.610620 	 -1.630585
2.782109 	 3.024323 	 -0.667761 	 -1.671600
2.828787 	 3.132935 	 -0.622892 	 -1.667999
2.877278 	 3.012848 	 -0.632373 	 -1.655945
2.921690 	 3.085785 	 -0.608223 	 -1.633606
2.967462 	 3.091919 	 -0.603313 	 -1.603455
3.015953 	 3.229736 	 -0.579248 	 -1.563904
3.063991 	 3.237885 	 -0.598093 	 -1.555847
3.105684 	 3.221741 	 -0.538172 	 -1.498596
3.155534 	 3.266541 	 -0.535892 	 -1.445496
3.204025 	 3.247986 	 -0.537192 	 -1.423096
3.248438 	 3.338867 	 -0.494762 	 -1.368744
3.293756 	 3.461823 	 -0.354861 	 -1.181366
3.340887 	 3.754364 	 -0.107975 	 -0.778564
3.389378 	 4.001770 	 -0.066792 	 -0.452057
3.435150 	 4.098236 	 -0.038222 	 -0.262115
3.480469 	 4.107544 	 -0.055948 	 -0.184631
3.528053 	 4.097992 	 -0.032576 	 -0.131531
3.576091 	 4.192749 	 -0.017854 	 -0.082336
3.620503 	 4.065125 	 -0.068976 	 -0.106323
3.663103 	 4.064270 	 -0.004985 	 -0.071411
3.713860 	 4.019043 	 -0.007638 	 -0.032013
3.758725 	 4.129242 	 -0.011175 	 -0.019684
3.804950 	 4.242645 	 -0.052954 	 -0.059296
3.854347 	 4.245911 	 -0.047500 	 -0.088440
3.896494 	 4.148437 	 -0.048938 	 -0.096771
3.944984 	 4.168304 	 -0.039159 	 -0.093750
3.992116 	 4.183838 	 -0.051303 	 -0.100067
4.035168 	 4.130463 	 -0.073631 	 -0.132202
4.082300 	 4.024750 	 -0.043292 	 -0.122559
4.127618 	 4.099152 	 -0.086297 	 -0.148682
4.179735 	 4.114258 	 -0.040640 	 -0.135315
4.222787 	 4.092499 	 -0.048629 	 -0.115845
4.270372 	 4.139069 	 -0.054499 	 -0.116821
4.318863 	 4.091217 	 -0.072225 	 -0.138641
4.363728 	 4.123352 	 -0.054797 	 -0.138245
4.410406 	 4.091095 	 -0.067176 	 -0.143188
4.456178 	 4.153809 	 -0.072054 	 -0.155487
4.500137 	 4.170227 	 -0.096119 	 -0.188477
4.549535 	 4.200989 	 -0.100657 	 -0.217285
4.594853 	 4.227203 	 -0.087416 	 -0.218353
4.641078 	 4.132935 	 -0.065098 	 -0.189575
4.689116 	 4.199158 	 -0.069647 	 -0.172943
4.733528 	 4.227844 	 -0.030222 	 -0.125824
4.779753 	 4.122253 	 -0.078372 	 -0.138794
4.828697 	 4.256256 	 -0.073674 	 -0.161591
4.872203 	 4.054016 	 -0.064289 	 -0.157928
4.921147 	 4.153046 	 -0.065801 	 -0.154968
4.967372 	 4.124176 	 -0.086510 	 -0.174225
5.012691 	 4.188385 	 -0.066909 	 -0.171234
5.058009 	 4.087860 	 -0.069263 	 -0.165894
5.106953 	 3.953094 	 -0.078063 	 -0.172699
5.150006 	 4.053772 	 -0.055351 	 -0.156067
5.198950 	 4.176361 	 -0.052241 	 -0.135529
5.244722 	 4.246338 	 -0.069690 	 -0.144379
5.290947 	 4.134399 	 -0.037519 	 -0.122040
5.338078 	 4.139282 	 -0.057886 	 -0.120270
5.382944 	 4.090210 	 -0.063927 	 -0.133209
5.426450 	 4.134857 	 -0.067421 	 -0.142883
5.475847 	 4.138550 	 -0.079032 	 -0.162354
5.523431 	 4.261017 	 -0.081546 	 -0.179382
5.570110 	 4.206421 	 -0.058898 	 -0.164612
5.614522 	 4.099670 	 -0.079916 	 -0.169250
5.663013 	 4.258911 	 -0.087405 	 -0.188721
5.703799 	 4.083527 	 -0.052166 	 -0.163971
5.755463 	 4.091095 	 -0.057982 	 -0.142883
5.800328 	 4.122131 	 -0.065365 	 -0.144226
5.847459 	 4.128174 	 -0.060070 	 -0.142487
5.893684 	 4.134308 	 -0.033609 	 -0.110596
5.940363 	 4.227448 	 -0.052496 	 -0.105255
5.987041 	 4.211151 	 -0.039266 	 -0.099518
6.033719 	 4.201996 	 -0.073418 	 -0.126373
6.078131 	 4.194305 	 -0.057269 	 -0.135406
6.127075 	 4.142120 	 -0.055415 	 -0.129974
6.174660 	 4.135040 	 -0.066824 	 -0.138184
6.219978 	 4.156219 	 -0.065045 	 -0.143341
6.264391 	 4.094574 	 -0.089663 	 -0.173828
6.314241 	 4.163147 	 -0.049673 	 -0.154327
6.359560 	 4.183380 	 -0.062829 	 -0.142670
6.405331 	 4.112061 	 -0.041780 	 -0.121429
6.449290 	 4.163391 	 -0.067218 	 -0.130219
6.498688 	 4.126190 	 -0.045465 	 -0.121277
6.543553 	 4.028839 	 -0.048565 	 -0.111633
6.591591 	 3.981964 	 -0.052038 	 -0.112335
6.638722 	 4.105225 	 -0.052315 	 -0.115112
6.684494 	 4.200714 	 -0.053295 	 -0.117035
6.728453 	 4.134186 	 -0.014466 	 -0.077911
6.777850 	 4.151184 	 -0.086574 	 -0.120819
6.822716 	 4.100220 	 -0.060028 	 -0.140411
6.869847 	 4.278015 	 -0.040171 	 -0.117157
6.914713 	 4.131256 	 -0.038424 	 -0.097687
6.963657 	 4.158386 	 -0.041492 	 -0.091797
7.009428 	 4.116455 	 -0.063980 	 -0.113220
7.054294 	 4.148224 	 -0.061178 	 -0.128784
7.099612 	 4.097717 	 -0.046179 	 -0.119141
7.148557 	 4.130035 	 -0.027761 	 -0.090515
7.194328 	 4.181946 	 -0.017097 	 -0.058472
7.240100 	 4.176849 	 -0.036283 	 -0.058929
7.284059 	 4.277161 	 -0.015436 	 -0.046051
7.332550 	 4.207977 	 -0.008799 	 -0.023315
7.381947 	 4.129364 	 -0.024416 	 -0.027100
7.425453 	 4.300232 	 -0.065375 	 -0.077759
7.473491 	 4.171509 	 -0.058760 	 -0.111359
7.520622 	 4.261658 	 -0.042483 	 -0.106506
7.566394 	 4.141327 	 -0.029955 	 -0.083984
7.608994 	 4.034241 	 -0.052273 	 -0.092834
7.657484 	 4.096191 	 -0.043580 	 -0.096832
7.704616 	 4.161041 	 -0.044507 	 -0.095184
7.751294 	 4.116974 	 -0.041694 	 -0.092499
7.797972 	 4.108185 	 -0.043974 	 -0.092346
7.843744 	 4.165405 	 -0.032235 	 -0.081238
7.891328 	 4.023254 	 -0.062190 	 -0.102478
7.936194 	 4.267212 	 -0.056949 	 -0.119232
7.982872 	 4.156281 	 -0.057269 	 -0.125244
8.027737 	 4.220123 	 -0.017002 	 -0.085602
8.077135 	 4.274139 	 -0.018781 	 -0.052521
8.123813 	 4.295105 	 -0.021465 	 -0.041931
8.170038 	 4.340240 	 -0.024906 	 -0.042267
8.212637 	 4.263153 	 -0.048118 	 -0.066681
8.262488 	 4.204468 	 -0.029700 	 -0.068878
8.308260 	 4.239044 	 -0.048129 	 -0.081848
8.354485 	 4.234589 	 -0.048171 	 -0.095215
8.397990 	 4.173462 	 -0.028858 	 -0.080383
8.448747 	 4.215973 	 -0.022775 	 -0.059174
8.496332 	 4.193176 	 -0.018205 	 -0.042755
8.539384 	 4.156189 	 -0.047937 	 -0.063904
8.585156 	 4.304108 	 -0.017694 	 -0.055481
8.634100 	 4.204956 	 -0.059207 	 -0.082245
8.679419 	 4.093201 	 -0.025513 	 -0.075989
8.725644 	 4.209595 	 -0.006530 	 -0.038025
8.772775 	 4.196411 	 -0.017928 	 -0.025757
8.817641 	 4.087158 	 -0.031223 	 -0.039246
8.866132 	 4.159393 	 -0.038552 	 -0.058502
8.909637 	 4.253693 	 -0.010493 	 -0.040955
8.956769 	 4.273804 	 -0.042632 	 -0.054016
9.005713 	 4.101837 	 -0.033108 	 -0.064728
9.049672 	 4.087982 	 -0.063373 	 -0.096527
9.098163 	 4.165924 	 -0.043090 	 -0.101746
9.140762 	 4.182373 	 -0.036816 	 -0.088287
9.190613 	 4.190155 	 -0.012006 	 -0.054474
9.235025 	 4.180481 	 -0.013785 	 -0.031219
9.283063 	 4.102081 	 -0.015169 	 -0.024323
9.330194 	 4.181244 	 -0.016906 	 -0.021576
9.375966 	 4.123108 	 -0.010088 	 -0.015320
9.420831 	 4.245819 	 -0.013912 	 -0.013214
9.466150 	 4.192413 	 -0.003824 	 -0.004486
9.514188 	 4.143372 	 -0.012421 	 -0.004333
9.560866 	 4.130249 	 -0.044485 	 -0.042145
9.607544 	 4.203918 	 -0.027814 	 -0.054443
9.656488 	 4.110413 	 -0.062808 	 -0.089172
9.700900 	 4.089233 	 -0.012677 	 -0.067322
9.748032 	 4.072418 	 -0.007734 	 -0.030945
9.791084 	 4.061310 	 -0.026142 	 -0.032166
9.839122 	 4.227875 	 -0.032086 	 -0.046539
9.884441 	 4.162384 	 -0.045998 	 -0.069977
9.935651 	 4.037781 	 -0.023351 	 -0.062408
9.975984 	 4.104462 	 -0.012208 	 -0.037628
10.026741 	 4.071136 	 -0.012613 	 -0.022614
10.071153 	 4.237518 	 -0.020229 	 -0.024414
10.119191 	 4.157959 	 -0.026813 	 -0.036469
10.160884 	 4.092163 	 -0.008639 	 -0.024048
10.211641 	 4.110413 	 -0.003164 	 -0.004272
10.256960 	 4.170105 	 -0.007350 	 0.001892
10.302278 	 4.139313 	 0.000831 	 0.011292
10.349409 	 4.055145 	 -0.027356 	 -0.010590
10.397447 	 4.019226 	 -0.017843 	 -0.022980
10.444579 	 4.119690 	 -0.035750 	 -0.042267
10.488538 	 4.065430 	 -0.035963 	 -0.058777
10.536575 	 4.029144 	 -0.010653 	 -0.041260
10.583707 	 4.029144 	 -0.013923 	 -0.026184
10.627666 	 4.208038 	 0.008149 	 0.003876
10.675703 	 4.175110 	 -0.018940 	 -0.002014
10.722835 	 4.138947 	 -0.021241 	 -0.018829
10.768153 	 4.089417 	 0.003941 	 -0.000763
10.813925 	 4.162689 	 -0.024405 	 -0.011963
10.861057 	 4.186279 	 -0.001427 	 -0.005127
10.907281 	 4.278503 	 -0.006583 	 0.002441
10.953506 	 3.955566 	 -0.020464 	 -0.010254
11.003810 	 4.079926 	 -0.022509 	 -0.023956
11.045503 	 4.125671 	 -0.030190 	 -0.040283
11.089462 	 4.216187 	 -0.015489 	 -0.033447
11.138860 	 4.232147 	 0.026546 	 0.019470
11.184631 	 4.220306 	 -0.018386 	 0.012939
11.231763 	 4.181396 	 -0.025172 	 -0.015289
11.277534 	 4.171448 	 -0.022765 	 -0.029968
11.322853 	 4.187439 	 -0.024746 	 -0.035828
11.368625 	 4.179291 	 -0.028411 	 -0.044312
11.417569 	 4.192078 	 -0.043953 	 -0.064819
11.464700 	 4.225098 	 -0.050909 	 -0.089020
11.511378 	 4.183655 	 -0.027484 	 -0.076782
11.558963 	 4.199463 	 -0.018813 	 -0.052551
11.602469 	 4.213287 	 -0.010567 	 -0.030975
11.647334 	 4.172333 	 -0.003750 	 -0.010773
11.695825 	 4.127258 	 0.002546 	 0.008942
11.741597 	 4.045441 	 -0.002461 	 0.014618
11.787822 	 4.230560 	 -0.014125 	 0.003479
11.835860 	 4.172302 	 -0.016235 	 -0.008331
11.883897 	 4.215240 	 -0.014509 	 -0.012421
11.928310 	 4.344543 	 -0.020986 	 -0.021240
11.973175 	 4.138275 	 -0.032001 	 -0.039764
12.021213 	 4.129242 	 -0.015510 	 -0.034607
12.068344 	 4.187317 	 -0.008064 	 -0.018311
12.111850 	 4.076111 	 0.028102 	 0.028168
12.159888 	 4.158081 	 -0.032150 	 0.004974
12.204300 	 4.062775 	 -0.041077 	 -0.042389
12.254150 	 4.093079 	 -0.023894 	 -0.048920
12.297656 	 4.072388 	 0.013103 	 -0.005554
12.347960 	 4.322235 	 -0.024895 	 -0.009735
12.389653 	 4.278229 	 -0.005667 	 -0.009308
12.438144 	 4.169250 	 -0.036762 	 -0.031952
12.484369 	 4.172913 	 -0.050344 	 -0.069458
12.531047 	 4.231079 	 -0.039095 	 -0.080292
12.579085 	 4.159576 	 -0.037444 	 -0.078094
12.625763 	 4.158813 	 -0.034238 	 -0.074463
12.671535 	 4.186554 	 -0.005348 	 -0.040283
12.715041 	 4.223480 	 0.006413 	 -0.000671
12.763985 	 4.269135 	 -0.004559 	 0.009338
12.810210 	 4.132111 	 -0.013465 	 -0.000122
12.854622 	 4.178162 	 -0.006498 	 -0.000916
12.903113 	 4.277344 	 -0.021827 	 -0.012573
12.948885 	 4.142151 	 -0.036027 	 -0.040222
12.996016 	 3.999115 	 -0.036773 	 -0.059235
13.042241 	 4.072479 	 -0.034035 	 -0.063782
13.088013 	 4.015137 	 -0.004559 	 -0.035034
13.134691 	 4.110596 	 0.009353 	 0.004120
13.177744 	 4.126099 	 -0.002642 	 0.015472
13.226234 	 4.077148 	 -0.018216 	 -0.001038
13.273366 	 4.177368 	 -0.008725 	 -0.004486
13.321857 	 4.086182 	 -0.012389 	 -0.006439
13.367175 	 4.148956 	 0.001758 	 0.006470
13.413853 	 4.069275 	 -0.008160 	 0.007019
13.459625 	 4.190857 	 -0.015947 	 -0.003845
13.505850 	 4.210480 	 -0.030243 	 -0.028168
13.551169 	 4.226379 	 0.002748 	 -0.009979
13.599660 	 4.159485 	 -0.010525 	 -0.001678
13.644978 	 4.159760 	 -0.014381 	 -0.008362
13.693469 	 4.210419 	 -0.005646 	 -0.003296
13.737428 	 4.183228 	 -0.025630 	 -0.017883
13.783653 	 4.038544 	 -0.020517 	 -0.028534
13.831238 	 4.122040 	 -0.029849 	 -0.040283
13.879729 	 4.248993 	 -0.017950 	 -0.036407
13.923688 	 4.038177 	 -0.019473 	 -0.031097
13.969006 	 4.197052 	 -0.016842 	 -0.027679
14.018404 	 4.135315 	 -0.004900 	 -0.012604
14.061909 	 4.292816 	 0.011803 	 0.017639
14.109494 	 4.049377 	 0.005603 	 0.031830
14.153906 	 4.170807 	 -0.006402 	 0.021576
14.200584 	 4.139282 	 0.013326 	 0.034912
14.248169 	 4.314240 	 -0.019526 	 0.010925
14.297566 	 4.217285 	 -0.009832 	 -0.002197
14.341978 	 4.202301 	 -0.017822 	 -0.010620
14.389563 	 4.213318 	 0.001023 	 0.001801
14.434882 	 4.242615 	 -0.012900 	 0.001038
14.480200 	 4.175598 	 0.007127 	 0.015106
14.526878 	 4.123383 	 -0.007222 	 0.014954
14.573557 	 4.158295 	 0.011356 	 0.027130
14.621141 	 4.215271 	 0.025598 	 0.056305
14.666460 	 4.228607 	 -0.002525 	 0.044220
14.710872 	 4.200317 	 -0.009396 	 0.021027
14.758456 	 4.128998 	 -0.029838 	 -0.014557
14.804681 	 4.235504 	 0.003835 	 -0.002808
14.851813 	 4.253418 	 -0.015052 	 -0.002197
14.898491 	 4.192413 	 -0.000884 	 0.004120
14.944263 	 4.113464 	 -0.008075 	 0.005554
14.987769 	 4.154114 	 -0.015968 	 -0.005341
15.039885 	 4.203552 	 0.017747 	 0.021606
15.082938 	 4.283051 	 -0.015809 	 0.011688
15.130069 	 4.174286 	 -0.033716 	 -0.024811
15.174028 	 4.042603 	 -0.027377 	 -0.041595
15.223878 	 4.069458 	 0.006253 	 -0.011261
15.272823 	 4.175232 	 -0.016991 	 -0.007416
15.316782 	 3.994049 	 -0.022445 	 -0.021881
15.363460 	 4.190094 	 -0.011952 	 -0.018921
15.410138 	 4.210327 	 -0.049854 	 -0.053101
15.453644 	 4.172272 	 -0.009779 	 -0.041992
15.498962 	 4.087402 	 -0.015169 	 -0.025421
15.547000 	 4.129181 	 -0.034312 	 -0.040894
15.592319 	 4.217102 	 -0.026802 	 -0.048248
15.641716 	 4.096436 	 -0.012091 	 -0.033325
15.686581 	 4.150238 	 -0.001129 	 -0.008606
15.730540 	 4.220276 	 -0.008277 	 -0.000031
15.781750 	 4.185059 	 -0.016512 	 -0.009338
15.827975 	 4.195709 	 -0.009257 	 -0.008301
15.871935 	 4.104462 	 -0.013337 	 -0.007935
15.916347 	 4.120239 	 0.000341 	 0.005127
15.964838 	 4.209686 	 0.021433 	 0.037506
16.010156 	 4.162537 	 -0.002226 	 0.035950
16.057288 	 4.146332 	 -0.018472 	 0.006531
16.103059 	 4.229279 	 0.003633 	 0.011047
16.152003 	 4.152496 	 -0.001395 	 0.019073
16.197775 	 4.307251 	 -0.020176 	 -0.000671
16.244000 	 4.154327 	 -0.029763 	 -0.027313
16.290678 	 4.131134 	 -0.020954 	 -0.034088
16.339169 	 4.166107 	 0.011729 	 0.001129
16.384035 	 4.166321 	 0.023521 	 0.042908
16.429353 	 4.235901 	 0.007798 	 0.050201
16.476938 	 4.185272 	 -0.004751 	 0.032684
16.523616 	 4.169891 	 0.018855 	 0.044952
16.568935 	 4.247253 	 -0.006189 	 0.034760
16.613800 	 4.247223 	 -0.011100 	 0.013824
16.662744 	 4.163086 	 0.032128 	 0.046631
16.708063 	 4.066254 	 0.012101 	 0.061859
16.753835 	 4.173096 	 -0.003228 	 0.041779
16.802325 	 4.178375 	 0.002802 	 0.034180
16.846284 	 4.208069 	 -0.008288 	 0.018433
16.892509 	 4.170166 	 0.022445 	 0.042145
16.937375 	 4.178070 	 -0.019100 	 0.018982
16.989491 	 4.205170 	 -0.028645 	 -0.014801
17.037076 	 4.271027 	 0.003515 	 -0.002838
17.081035 	 4.195435 	 0.028176 	 0.042633
17.125447 	 4.209137 	 0.011409 	 0.056274
17.173485 	 4.220306 	 -0.002759 	 0.040009
17.218803 	 4.209106 	 -0.004240 	 0.024353
17.265028 	 4.183380 	 -0.001257 	 0.019623
17.311707 	 4.118164 	 -0.051868 	 -0.034393
17.357932 	 4.235077 	 0.011686 	 -0.012390
17.406876 	 4.207672 	 0.021199 	 0.034912
17.449928 	 4.113525 	 -0.004708 	 0.032471
17.497966 	 4.232422 	 0.007073 	 0.031677
17.543285 	 4.163208 	 0.005497 	 0.034668
17.592229 	 4.154907 	 0.012112 	 0.042328
17.635735 	 4.207977 	 0.015755 	 0.052979
17.681960 	 4.130188 	 -0.020900 	 0.021271
17.727731 	 4.220642 	 -0.003558 	 0.008667
17.774863 	 4.236237 	 -0.018323 	 -0.004089
17.820634 	 4.138519 	 0.022829 	 0.026337
17.868672 	 4.192169 	 -0.016405 	 0.018188
17.915804 	 4.052551 	 -0.013955 	 -0.001373
17.961122 	 4.255249 	 0.014392 	 0.021423
18.009160 	 3.955658 	 -0.009310 	 0.018311
18.052666 	 4.176239 	 -0.029444 	 -0.015076
18.104329 	 4.086731 	 -0.013880 	 -0.021332
18.146022 	 4.190186 	 -0.026898 	 -0.030365
18.192247 	 4.127625 	 -0.013699 	 -0.026672
18.242097 	 4.082825 	 -0.003217 	 -0.008514
18.288322 	 4.082458 	 -0.003462 	 0.002777
18.332735 	 4.186218 	 -0.015169 	 -0.004303
18.377147 	 4.089630 	 0.001726 	 0.005127
18.424278 	 4.126526 	 0.020368 	 0.036621
18.470956 	 4.241119 	 0.034621 	 0.074646
18.516728 	 4.124512 	 0.015904 	 0.078308
18.564313 	 4.143372 	 0.000266 	 0.054718
18.610085 	 4.226318 	 -0.005720 	 0.030518
18.658122 	 4.012054 	 0.019846 	 0.045105
18.705707 	 4.075073 	 -0.012591 	 0.028381
18.749213 	 4.132141 	 -0.009172 	 0.010040
18.798610 	 4.216248 	 -0.019303 	 -0.005829
18.844382 	 4.222351 	 -0.008362 	 -0.006500
18.889247 	 4.189758 	 -0.010482 	 -0.005127
18.937738 	 4.151184 	 -0.009470 	 -0.004089
18.981244 	 4.220642 	 0.003579 	 0.009430
19.030188 	 4.255219 	 -0.026472 	 -0.009308
19.077319 	 4.202789 	 -0.012634 	 -0.016541
19.123997 	 4.179291 	 0.016618 	 0.017883
19.167050 	 4.123108 	 0.006711 	 0.035553
19.214635 	 4.122955 	 -0.000703 	 0.032135
19.263126 	 4.221008 	 -0.011718 	 0.013885
19.309351 	 4.189362 	 -0.015936 	 -0.002380
19.355576 	 4.045380 	 0.032533 	 0.037811
19.402707 	 4.114319 	 -0.020155 	 0.022614
19.446666 	 4.283234 	 -0.002226 	 0.011536
19.493344 	 4.249298 	 0.003089 	 0.019257
19.540929 	 4.212341 	 -0.004229 	 0.017334
19.585341 	 4.202362 	 -0.006775 	 0.011322
19.632019 	 4.135132 	 -0.008565 	 0.004761
19.681870 	 4.199646 	 -0.022253 	 -0.012421
19.724922 	 4.180084 	 -0.009513 	 -0.012146
19.773413 	 4.084229 	 0.022967 	 0.027893
19.816466 	 4.212219 	 0.024373 	 0.059906
19.864957 	 4.300385 	 0.009257 	 0.058441
19.910275 	 4.244263 	 0.004655 	 0.048126
19.957860 	 4.254211 	 -0.017971 	 0.017731
20.003632 	 4.213440 	 -0.036645 	 -0.025452
20.051216 	 4.173126 	 0.000874 	 -0.012604
20.095628 	 4.140381 	 -0.007670 	 -0.000031
20.144119 	 4.246399 	 -0.038935 	 -0.031921
20.191251 	 4.169373 	 -0.018067 	 -0.036102
20.238835 	 4.184540 	 -0.005571 	 -0.017212
20.283247 	 4.183746 	 -0.005444 	 -0.003876
20.329019 	 4.067200 	 -0.019356 	 -0.011902
20.374791 	 4.161407 	 0.005582 	 0.004150
20.423282 	 4.133087 	 0.008416 	 0.025085
20.468600 	 4.086334 	 0.010035 	 0.037354
20.514825 	 4.106384 	 0.025162 	 0.060089
20.561957 	 4.092163 	 0.009641 	 0.062469
20.605916 	 4.197266 	 -0.006647 	 0.036926
20.655766 	 4.175079 	 -0.008970 	 0.016541
20.699725 	 4.183319 	 -0.014189 	 0.001862
20.744591 	 4.259308 	 0.003984 	 0.012024
20.793082 	 4.220917 	 -0.005678 	 0.014435
20.839307 	 4.190002 	 0.029316 	 0.047485
20.885532 	 4.199280 	 0.027100 	 0.074951
20.930850 	 4.150055 	 0.002567 	 0.060059
20.979341 	 4.117920 	 -0.011228 	 0.028198
21.026019 	 4.191406 	 -0.012783 	 0.007172
21.071791 	 4.131714 	 -0.007670 	 0.002136
21.121188 	 4.165344 	 -0.009705 	 0.000122
21.161522 	 4.236237 	 0.007436 	 0.016632
21.210919 	 4.188324 	 0.026120 	 0.050385
21.255785 	 4.178589 	 -0.035037 	 0.009094
21.303822 	 4.079010 	 -0.005230 	 -0.004211
21.345062 	 4.107147 	 0.009055 	 0.017731
21.396272 	 4.282837 	 -0.005689 	 0.018738
21.440685 	 4.144196 	 -0.005316 	 0.013947
21.487363 	 4.180359 	 -0.048800 	 -0.034790
21.535854 	 4.139069 	 -0.022861 	 -0.047394
21.579813 	 4.171295 	 0.000192 	 -0.017731
21.626491 	 4.049530 	 0.030147 	 0.036987
21.671809 	 4.083435 	 0.004687 	 0.048523
21.718488 	 4.024323 	 0.016277 	 0.052368
21.764259 	 4.056976 	 0.010994 	 0.054077
21.812750 	 4.171997 	 0.018269 	 0.060516
21.860335 	 4.149261 	 0.007393 	 0.055267
21.904747 	 4.261322 	 -0.001630 	 0.036987
21.952785 	 4.186493 	 -0.005177 	 0.023071
21.995837 	 4.166077 	 -0.009044 	 0.010620
22.045235 	 4.157288 	 -0.012900 	 0.000214
22.086475 	 4.267029 	 -0.020890 	 -0.014313
22.135872 	 4.106323 	 -0.002727 	 -0.005615
22.182097 	 4.085388 	 -0.000682 	 0.008209
22.228322 	 4.122986 	 -0.006115 	 0.008545
22.273187 	 4.152466 	 0.002067 	 0.016388
22.322585 	 4.069061 	 0.019612 	 0.041168
22.370169 	 4.115204 	 0.000565 	 0.040039
22.415941 	 4.125916 	 -0.007702 	 0.021759
22.462619 	 4.055817 	 -0.010258 	 0.008789
22.509297 	 4.163635 	 -0.011974 	 -0.000977
22.555975 	 4.227448 	 -0.004719 	 0.001862
22.600388 	 4.234406 	 0.017311 	 0.030243
22.646613 	 4.152771 	 0.010653 	 0.044342
22.694650 	 4.202118 	 -0.018504 	 0.018158
22.742235 	 4.112183 	 -0.015148 	 -0.002319
22.787553 	 3.990540 	 -0.015851 	 -0.011078
22.833778 	 4.032166 	 -0.042291 	 -0.042847
22.877284 	 4.103424 	 0.024767 	 0.001740
22.925322 	 4.183472 	 -0.008543 	 0.015869
22.972906 	 4.149475 	 -0.002312 	 0.013184
23.017772 	 4.275726 	 -0.024629 	 -0.007599
23.067622 	 4.103241 	 -0.004421 	 -0.006531
23.113394 	 4.254028 	 0.000160 	 0.007782
23.156900 	 4.080200 	 -0.013635 	 0.001740
23.204485 	 4.151306 	 -0.009044 	 -0.002228
23.250256 	 4.091370 	 -0.035282 	 -0.029175
23.298294 	 4.132141 	 -0.020485 	 -0.036041
23.344066 	 4.005249 	 0.003483 	 -0.007507
23.392104 	 4.241119 	 -0.016203 	 -0.006775
23.436063 	 4.146179 	 -0.014924 	 -0.013031
23.484100 	 4.063477 	 -0.001161 	 -0.000580
23.529872 	 4.158966 	 -0.028400 	 -0.017456
23.577003 	 4.321716 	 0.005326 	 -0.002716
23.622322 	 4.228149 	 -0.002035 	 0.009979
23.666281 	 4.159668 	 -0.022221 	 -0.006653
23.715678 	 4.159546 	 -0.005401 	 -0.005188
23.761450 	 4.230255 	 -0.016576 	 -0.009186
23.808128 	 4.156128 	 -0.034078 	 -0.033997
23.856166 	 4.234863 	 -0.018269 	 -0.036346
23.902844 	 4.052948 	 0.005678 	 -0.005432
23.949522 	 4.066589 	 -0.007979 	 0.003540
23.993481 	 4.128998 	 0.011888 	 0.022491
24.039253 	 4.202148 	 -0.040608 	 -0.014557
24.088197 	 4.085541 	 -0.025257 	 -0.038025
24.134875 	 4.110779 	 -0.013465 	 -0.028839
24.177928 	 4.079437 	 0.022104 	 0.017273
24.228232 	 4.066132 	 -0.025875 	 0.003357
24.272191 	 4.238251 	 -0.036539 	 -0.036072
24.318416 	 4.263245 	 -0.008586 	 -0.029053
24.365094 	 4.146149 	 0.005401 	 0.002594
24.408147 	 4.295532 	 0.010610 	 0.027527
24.460263 	 4.282623 	 0.000586 	 0.029572
24.505582 	 4.168243 	 -0.032086 	 -0.007050
24.549994 	 4.091278 	 -0.035314 	 -0.040894
24.596219 	 4.031860 	 -0.020634 	 -0.042328
24.644710 	 4.212097 	 -0.007606 	 -0.022980
24.690935 	 4.155457 	 -0.006796 	 -0.007996
24.738519 	 4.159515 	 -0.014370 	 -0.010345
24.787463 	 4.195312 	 -0.011270 	 -0.009338
24.830063 	 4.294189 	 0.000969 	 0.004517
24.878101 	 4.175568 	 0.013827 	 0.029785
24.921153 	 4.171051 	 0.002557 	 0.034760
24.970551 	 4.150238 	 0.015063 	 0.045227
25.016776 	 4.239868 	 0.004890 	 0.043854
25.060735 	 4.074951 	 0.051825 	 0.087799
25.108319 	 4.189453 	 0.002727 	 0.076294
25.156357 	 4.161438 	 0.017588 	 0.066132
25.200769 	 4.231445 	 0.004740 	 0.055023
25.248354 	 4.221375 	 0.027196 	 0.067535
25.293672 	 4.073425 	 -0.050355 	 0.002106
25.344429 	 4.151306 	 -0.015137 	 -0.024567
25.387482 	 4.080200 	 -0.012506 	 -0.017334
25.432800 	 4.143585 	 -0.006424 	 -0.006958
25.479478 	 4.085236 	 0.012890 	 0.020325
25.522984 	 4.151001 	 0.005518 	 0.033142
25.571022 	 4.227997 	 -0.003782 	 0.025238
25.619513 	 4.228149 	 -0.006147 	 0.016113
25.662112 	 4.166138 	 -0.007201 	 0.009613
25.711057 	 4.233368 	 -0.001374 	 0.012665
25.756828 	 4.109406 	 0.004975 	 0.022919
25.804866 	 4.245056 	 -0.003302 	 0.020355
25.850185 	 4.215057 	 -0.023638 	 -0.004517
25.894597 	 4.249939 	 -0.041098 	 -0.042328
25.940822 	 4.263123 	 -0.001300 	 -0.024231
25.988860 	 4.163391 	 -0.024693 	 -0.023468
26.037350 	 4.241425 	 0.001246 	 -0.007050
26.084482 	 4.213257 	 -0.014445 	 -0.004883
26.128894 	 4.215240 	 0.010930 	 0.015900
26.176025 	 4.212189 	 0.004527 	 0.029083
26.219984 	 4.120422 	 -0.000597 	 0.026062
26.265756 	 4.172974 	 -0.002120 	 0.021454
26.314700 	 4.177948 	 -0.007691 	 0.013611
26.360472 	 4.169220 	 0.002131 	 0.017944
26.408057 	 4.160217 	 -0.022243 	 -0.001617
26.453375 	 4.162323 	 0.004538 	 0.008148
26.500507 	 4.234924 	 -0.009236 	 0.007507
26.544012 	 4.124298 	 -0.013071 	 -0.002563
26.594769 	 4.101471 	 -0.018056 	 -0.011963
26.640088 	 4.094055 	 -0.003675 	 -0.003876
26.687219 	 3.986481 	 -0.034653 	 -0.026672
26.732991 	 4.129395 	 -0.007212 	 -0.022003
26.776950 	 4.187225 	 0.000362 	 0.000092
26.821362 	 4.146484 	 0.005795 	 0.018890
26.873026 	 4.201172 	 0.006157 	 0.029358
26.917891 	 4.292206 	 0.015840 	 0.044189
26.965022 	 4.345184 	 0.002514 	 0.041382
27.011700 	 4.266724 	 -0.010472 	 0.019806
27.058832 	 4.157837 	 -0.021923 	 -0.006073
27.103697 	 4.129089 	 0.011601 	 0.013123
27.151282 	 4.071289 	 0.020197 	 0.044891
27.196147 	 4.104980 	 -0.013518 	 0.027252
27.242825 	 4.221191 	 0.008501 	 0.026001
27.289957 	 4.250549 	 -0.022903 	 0.004486
27.335275 	 4.104645 	 -0.005017 	 -0.001007
27.382407 	 4.177917 	 0.033662 	 0.045288
27.429085 	 4.164185 	 0.007659 	 0.055237
27.474857 	 4.177063 	 -0.005518 	 0.034302
27.519269 	 4.026093 	 -0.018365 	 0.005920
27.567307 	 4.145905 	 0.013944 	 0.021240
27.613531 	 4.220245 	 0.014871 	 0.043793
27.663835 	 4.200531 	 0.002759 	 0.042114
27.703716 	 4.151276 	 -0.015457 	 0.016571
27.753566 	 4.248444 	 -0.011196 	 0.001923
27.799791 	 4.143219 	 -0.020368 	 -0.013306
27.845110 	 4.289368 	 -0.006583 	 -0.008698
27.894960 	 4.274963 	 -0.020442 	 -0.015778
27.942998 	 4.075165 	 -0.025119 	 -0.028839
27.984238 	 4.110046 	 -0.012847 	 -0.023621
28.031822 	 4.198090 	 -0.013508 	 -0.017792
28.079860 	 4.172119 	 0.008671 	 0.007874
28.124725 	 4.217468 	 0.001726 	 0.022736
28.172310 	 4.200714 	 0.004101 	 0.028076
28.217175 	 4.243195 	 0.024405 	 0.052643
28.263400 	 4.292267 	 0.020240 	 0.067505
28.312344 	 4.258148 	 -0.008970 	 0.040741
28.355397 	 4.180664 	 -0.011004 	 0.013947
28.403888 	 4.247711 	 0.000170 	 0.014801
28.452379 	 4.091034 	 0.002844 	 0.022491
28.499057 	 4.174194 	 0.002493 	 0.026337
28.543469 	 4.193665 	 -0.025609 	 -0.000732
28.587881 	 4.128052 	 -0.041226 	 -0.042206
28.635013 	 4.126129 	 0.011398 	 -0.012390
28.682144 	 4.162201 	 0.005028 	 0.017303
28.730182 	 4.216339 	 -0.024267 	 -0.003082
28.774141 	 4.310883 	 0.002482 	 0.003174
28.824445 	 4.156128 	 -0.013891 	 0.000244
28.868404 	 4.142059 	 -0.011143 	 -0.003693
28.913269 	 4.175140 	 0.002621 	 0.009094
28.960854 	 4.165771 	 -0.008511 	 0.008301
29.004813 	 4.152283 	 0.018301 	 0.031433
29.053304 	 4.155090 	 -0.001364 	 0.033691
29.098169 	 4.257477 	 -0.020837 	 0.005341
29.144847 	 4.233551 	 0.018504 	 0.024902
29.191072 	 4.143005 	 0.009438 	 0.042328
29.236844 	 4.157013 	 -0.015031 	 0.019073
29.285788 	 4.263214 	 -0.031244 	 -0.017731
29.333826 	 4.235168 	 -0.003515 	 -0.012024
29.379144 	 4.113525 	 -0.015095 	 -0.008575
29.424916 	 4.192444 	 0.001715 	 0.003174
29.473407 	 4.210480 	 0.014583 	 0.027435
29.519179 	 4.156799 	 0.024469 	 0.057129
29.564951 	 4.031616 	 0.009033 	 0.057465
29.608456 	 4.090088 	 0.020197 	 0.062958
29.658307 	 4.307922 	 -0.015840 	 0.031860
29.704532 	 4.209106 	 0.000895 	 0.020966
29.749397 	 4.123993 	 -0.007009 	 0.015198
29.798795 	 4.212921 	 0.004815 	 0.021698
29.841847 	 4.218048 	 0.035921 	 0.062134
29.888979 	 4.100372 	 0.030360 	 0.087189
29.936110 	 4.309418 	 0.010962 	 0.074677
29.981882 	 4.268158 	 0.008469 	 0.058868
30.026747 	 4.095123 	 0.007808 	 0.051361
30.075691 	 4.159332 	 -0.007318 	 0.030975
30.122369 	 4.107483 	 0.010940 	 0.034088
30.169048 	 4.075256 	 0.004677 	 0.037964
30.216632 	 4.160187 	 -0.001641 	 0.030609
30.261951 	 4.168243 	 -0.006679 	 0.017395
30.306363 	 4.171173 	 0.032746 	 0.051544
30.351682 	 4.289490 	 0.034227 	 0.085083
30.398813 	 4.172577 	 0.023809 	 0.089752
30.443678 	 4.048553 	 0.011356 	 0.073730
30.489903 	 4.244965 	 -0.025673 	 0.021240
30.538847 	 4.264221 	 -0.001182 	 0.008667
30.583713 	 4.069397 	 -0.002056 	 0.014374
30.629485 	 4.158600 	 -0.021135 	 -0.003510
30.676163 	 4.152893 	 -0.034323 	 -0.034210
30.722841 	 4.195221 	 0.004155 	 -0.012634
30.770879 	 4.183472 	 -0.013124 	 -0.004181
30.817557 	 4.263184 	 -0.012453 	 -0.007812
30.863329 	 4.266296 	 -0.007105 	 -0.002319
30.909554 	 4.228210 	 -0.000075 	 0.008667
30.954872 	 4.240265 	 0.003824 	 0.021912
31.003816 	 4.184784 	 -0.001641 	 0.022064
31.047775 	 4.252075 	 0.010535 	 0.032471
31.095813 	 4.123413 	 0.024075 	 0.057312
31.139772 	 4.174133 	 0.009449 	 0.058411
31.185544 	 4.221008 	 -0.020900 	 0.021423
31.232675 	 4.180939 	 0.011622 	 0.025421
31.281166 	 4.107147 	 -0.008938 	 0.019714
31.326485 	 4.143402 	 0.024725 	 0.043030
31.369537 	 4.192261 	 0.002109 	 0.043976
31.421201 	 4.095215 	 -0.002503 	 0.030640
31.468785 	 4.126587 	 0.016810 	 0.042023
31.515010 	 4.252960 	 0.014307 	 0.053223
31.560329 	 4.116211 	 0.008405 	 0.051208
31.605647 	 4.229248 	 0.004442 	 0.043182
31.653232 	 4.276550 	 0.009758 	 0.044800
31.699004 	 4.235352 	 -0.002610 	 0.033722
31.747948 	 4.252014 	 -0.004943 	 0.021484
31.790547 	 4.186432 	 -0.002333 	 0.017670
31.838585 	 4.266510 	 0.000043 	 0.019653
31.884810 	 4.112244 	 -0.017396 	 0.003693
31.931035 	 4.087036 	 0.005252 	 0.012421
31.977260 	 4.170105 	 0.009598 	 0.029053
32.024391 	 4.098206 	 0.018248 	 0.049194
32.070616 	 4.301178 	 0.012027 	 0.055298
32.115482 	 4.218109 	 -0.027175 	 0.013855
32.163519 	 4.159302 	 0.005092 	 0.012634
32.210197 	 4.116577 	 0.007510 	 0.027985
32.256876 	 4.188049 	 -0.024022 	 0.003021
32.302647 	 4.117340 	 -0.016586 	 -0.015289
32.350232 	 4.028534 	 -0.011324 	 -0.013000

 Z Turning Point (V) = -1.073273 
 Turning Time Delay (ms) = 0 
 SEN (V) =  
 App. Driving Voltage (mVrms) = 0.005000 
 App. Vias. Voltage (V) = 0.000000 
 App. Del Z (Bit) = -10 
 App. Delay Time (ms) = 100 
 App. Velocity (nm/s) = -0.453193 
 Ret. Driving Voltage (mVrms) = 0.005000 
 Ret. Vias. Voltage (V) = 0.000000 
 Ret. Del Z (Bit) = -10 
 Ret. Delay Time (ms) = 100 
 Ret. Velocity (nm/s) = -0.453193 
  
 Data Array Size = 1197 
 Frequency (Hz) = sen.
 
