20.561050 	 4.137543 	 0.000629 	 0.015717
20.517091 	 4.214630 	 -0.000842 	 0.018494
20.469507 	 4.111237 	 0.032001 	 0.054016
20.423282 	 4.213348 	 -0.008650 	 0.040070
20.373885 	 4.227448 	 -0.001545 	 0.024841
20.330379 	 4.307556 	 -0.015159 	 0.007385
20.282794 	 4.140442 	 -0.031596 	 -0.023621
20.236569 	 4.018829 	 -0.031606 	 -0.043976
20.191704 	 4.234619 	 0.008938 	 -0.010040
20.144572 	 4.026215 	 -0.001001 	 0.010254
20.099254 	 4.188385 	 -0.029135 	 -0.012665
20.049403 	 4.221008 	 -0.026206 	 -0.031677
20.003632 	 4.165649 	 0.000075 	 -0.012115
19.956953 	 4.364532 	 -0.021284 	 -0.014893
19.912541 	 4.154266 	 -0.040395 	 -0.045593
19.864503 	 4.184357 	 -0.025439 	 -0.050140
19.818279 	 4.226410 	 0.008916 	 -0.009796
19.776132 	 4.246246 	 -0.016884 	 -0.005981
19.726282 	 4.082367 	 -0.007148 	 -0.005035
19.680963 	 4.081238 	 -0.018344 	 -0.011841
19.631113 	 4.224731 	 -0.012261 	 -0.013031
19.587154 	 4.110748 	 0.015809 	 0.018188
19.539569 	 4.241547 	 -0.009673 	 0.016541
19.491985 	 4.061432 	 -0.012783 	 0.003418
19.447572 	 4.170349 	 -0.003526 	 0.005341
19.404973 	 4.275665 	 -0.019942 	 -0.006744
19.357388 	 4.200470 	 -0.034642 	 -0.034119
19.308897 	 4.109833 	 -0.013007 	 -0.029968
19.264032 	 4.195343 	 -0.015766 	 -0.022522
19.218713 	 4.307251 	 -0.048395 	 -0.053741
19.171129 	 4.245148 	 0.004463 	 -0.026215
19.124904 	 4.245178 	 -0.004645 	 -0.002899
19.077773 	 4.116394 	 0.002376 	 0.010986
19.031094 	 4.244659 	 0.011260 	 0.030151
18.984869 	 4.290649 	 0.002738 	 0.033234
18.938644 	 4.181274 	 -0.028283 	 -0.001099
18.890154 	 4.169891 	 -0.021689 	 -0.020081
18.843929 	 4.163086 	 0.015468 	 0.010254
18.798610 	 4.229340 	 0.001672 	 0.024323
18.751932 	 4.128601 	 -0.044326 	 -0.021942
18.707520 	 4.129120 	 0.001609 	 -0.013947
18.659935 	 4.247375 	 -0.014722 	 -0.007538
18.610538 	 4.110199 	 -0.006264 	 -0.003326
18.567485 	 4.193604 	 -0.045710 	 -0.038818
18.519901 	 4.165436 	 -0.024213 	 -0.048126
18.473676 	 4.091064 	 -0.024235 	 -0.043121
18.427451 	 4.140381 	 -0.000277 	 -0.016815
18.378960 	 4.087250 	 -0.019686 	 -0.016083
18.333188 	 4.096436 	 -0.059367 	 -0.065002
18.288322 	 4.200623 	 -0.007659 	 -0.048248
18.241191 	 4.119476 	 0.001055 	 -0.010773
18.194513 	 4.143494 	 -0.004304 	 0.003418
18.147382 	 4.175507 	 -0.048704 	 -0.038696
18.101610 	 4.209564 	 -0.018216 	 -0.040741
18.056291 	 4.214508 	 -0.020251 	 -0.034393
18.010066 	 4.156189 	 -0.012911 	 -0.024750
17.962029 	 4.153107 	 -0.001662 	 -0.005859
17.916257 	 4.143280 	 -0.010003 	 -0.001740
17.867766 	 4.292328 	 -0.006147 	 0.001587
17.823354 	 4.023590 	 0.001065 	 0.011139
17.776675 	 4.206299 	 -0.014935 	 0.003326
17.729091 	 4.137756 	 0.002866 	 0.010742
17.684225 	 4.363373 	 -0.018866 	 -0.001587
17.638454 	 4.170471 	 0.001161 	 0.005676
17.589510 	 4.206360 	 -0.012996 	 0.002075
17.541472 	 4.149872 	 -0.006541 	 0.001587
17.498419 	 4.163025 	 0.005049 	 0.016388
17.452194 	 4.160614 	 -0.001001 	 0.020294
17.406422 	 4.082642 	 -0.000064 	 0.020752
17.358838 	 4.024384 	 -0.012400 	 0.008362
17.313066 	 4.270386 	 -0.026770 	 -0.016357
17.268201 	 4.173187 	 -0.011974 	 -0.017242
17.220163 	 4.326599 	 -0.005550 	 -0.006531
17.171672 	 4.160858 	 -0.031244 	 -0.025024
17.127713 	 4.273224 	 -0.002589 	 -0.014465
17.081488 	 4.226349 	 0.018887 	 0.024292
17.033904 	 4.232025 	 -0.007436 	 0.023315
16.990398 	 4.018463 	 -0.045892 	 -0.027649
16.942813 	 4.212585 	 0.002993 	 -0.014740
16.895682 	 4.123383 	 -0.000352 	 0.006348
16.850816 	 4.230438 	 -0.026600 	 -0.011810
16.803685 	 4.090515 	 -0.019015 	 -0.023315
16.754288 	 4.262482 	 -0.030285 	 -0.036926
16.709875 	 4.092041 	 0.008416 	 -0.007904
16.662744 	 4.264587 	 0.011622 	 0.024078
16.615160 	 4.128296 	 0.002493 	 0.030609
16.568028 	 4.184296 	 0.023255 	 0.050842
16.523616 	 4.241730 	 -0.023244 	 0.019165
16.476938 	 4.279572 	 -0.006626 	 0.003998
16.431619 	 4.210815 	 -0.019292 	 -0.008636
16.383128 	 4.106476 	 0.001044 	 0.002167
16.336903 	 4.086365 	 -0.008682 	 0.005157
16.292491 	 4.179535 	 -0.023851 	 -0.013275
16.248079 	 4.124664 	 -0.007041 	 -0.010406
16.200041 	 4.087219 	 -0.000298 	 0.003906
16.152003 	 4.203125 	 -0.021742 	 -0.007843
16.108951 	 4.137238 	 -0.006061 	 -0.004913
16.057741 	 4.105957 	 -0.041130 	 -0.034698
16.009703 	 4.149078 	 -0.002365 	 -0.021423
15.967557 	 4.186584 	 -0.018227 	 -0.016510
15.919972 	 4.119812 	 -0.006701 	 -0.010986
15.874654 	 4.254517 	 -0.004879 	 0.001373
15.828882 	 3.972260 	 -0.023244 	 -0.012695
15.782204 	 4.197205 	 0.001747 	 -0.002167
15.733260 	 4.132629 	 0.017311 	 0.029694
15.686128 	 4.253387 	 -0.007254 	 0.025726
15.638997 	 4.221436 	 -0.013848 	 0.006409
15.592319 	 4.215393 	 -0.022903 	 -0.014343
15.547453 	 4.121765 	 0.016512 	 0.013123
15.501682 	 4.149200 	 -0.017396 	 0.007202
15.454550 	 4.209442 	 -0.005571 	 0.003174
15.410591 	 3.965637 	 -0.022871 	 -0.012146
15.362100 	 4.059174 	 0.008011 	 0.006012
15.314969 	 4.158600 	 -0.020954 	 -0.003296
15.268744 	 4.086151 	 -0.028656 	 -0.027679
15.221613 	 4.031311 	 -0.036272 	 -0.049622
15.177200 	 4.183624 	 -0.024171 	 -0.050201
15.130069 	 4.169250 	 0.021678 	 0.002899
15.083844 	 4.160309 	 -0.016416 	 0.005280
15.038525 	 4.136353 	 -0.011920 	 -0.003967
14.990941 	 4.221130 	 -0.044187 	 -0.039215
14.945622 	 4.258789 	 -0.023425 	 -0.047211
14.899850 	 4.193298 	 0.014019 	 -0.003357
14.851813 	 4.150879 	 -0.001342 	 0.014679
14.807854 	 4.073792 	 -0.005401 	 0.011169
14.759363 	 4.159515 	 -0.000096 	 0.015686
14.713138 	 4.126373 	 0.004176 	 0.023529
14.668272 	 4.300507 	 -0.007031 	 0.015930
14.623407 	 4.202545 	 -0.027622 	 -0.012054
14.574916 	 4.247498 	 -0.027271 	 -0.032166
14.529144 	 4.186646 	 -0.009694 	 -0.023071
14.479747 	 4.079498 	 -0.041183 	 -0.045105
14.435788 	 4.118073 	 0.019377 	 -0.004700
14.388657 	 4.160126 	 -0.024885 	 -0.009155
14.341525 	 4.228424 	 -0.001097 	 -0.003845
14.297566 	 4.210846 	 -0.019782 	 -0.010162
14.250435 	 4.247406 	 -0.037998 	 -0.039886
14.201038 	 4.093475 	 -0.056203 	 -0.078217
14.157532 	 4.247437 	 -0.013721 	 -0.058472
14.110400 	 4.257416 	 -0.010322 	 -0.030457
14.063722 	 4.232330 	 0.006306 	 0.001129
14.017497 	 4.092346 	 0.020496 	 0.035553
13.969460 	 4.228088 	 -0.012613 	 0.023102
13.924594 	 4.213287 	 -0.017854 	 -0.000763
13.876556 	 4.199493 	 0.011782 	 0.017548
13.831238 	 4.130432 	 0.010354 	 0.036224
13.785013 	 4.265503 	 -0.033002 	 -0.001526
13.739241 	 4.125275 	 -0.007489 	 -0.009888
13.693469 	 4.122192 	 -0.032192 	 -0.027985
13.647697 	 4.168243 	 0.001193 	 -0.010254
13.600113 	 4.046570 	 -0.006530 	 0.003204
13.552982 	 4.137726 	 -0.027249 	 -0.017761
13.508116 	 4.223328 	 -0.024885 	 -0.032074
13.460985 	 4.099640 	 -0.028411 	 -0.040619
13.415666 	 4.273163 	 -0.034312 	 -0.052704
13.369441 	 4.236603 	 -0.000682 	 -0.024231
13.321857 	 4.067017 	 -0.001619 	 -0.000397
13.275632 	 4.167542 	 -0.000192 	 0.010529
13.226234 	 4.216492 	 -0.011398 	 0.006134
13.182275 	 4.227203 	 -0.004165 	 0.004395
13.136504 	 4.211334 	 -0.009523 	 0.002808
13.087560 	 4.128479 	 -0.035058 	 -0.027222
13.044507 	 4.139282 	 0.002791 	 -0.010254
12.996469 	 4.235077 	 -0.032320 	 -0.023407
12.950697 	 4.216370 	 -0.008586 	 -0.019562
12.904926 	 4.213531 	 0.010472 	 0.011627
12.857794 	 4.133209 	 -0.021742 	 -0.000031
12.814288 	 4.094971 	 -0.008501 	 -0.005280
12.765797 	 4.164551 	 -0.021327 	 -0.015472
12.716853 	 4.129150 	 0.012538 	 0.010620
12.670628 	 4.185272 	 -0.034834 	 -0.014740
12.625763 	 4.099731 	 -0.043143 	 -0.053131
12.578632 	 4.060364 	 -0.000096 	 -0.028351
12.529687 	 4.144257 	 -0.021529 	 -0.022919
12.484822 	 4.147949 	 -0.028965 	 -0.035828
12.436331 	 4.190338 	 -0.021923 	 -0.037964
12.392825 	 4.221283 	 0.000863 	 -0.011383
12.347054 	 4.119446 	 -0.021103 	 -0.013702
12.300375 	 4.182465 	 -0.013529 	 -0.016235
12.253244 	 4.184296 	 -0.031106 	 -0.032471
12.209285 	 4.035431 	 -0.022786 	 -0.039612
12.160341 	 4.147461 	 -0.034589 	 -0.048889
12.114569 	 4.096802 	 -0.048406 	 -0.073212
12.071516 	 4.294159 	 -0.047937 	 -0.088654
12.021666 	 4.125183 	 -0.032597 	 -0.080261
11.975441 	 4.137268 	 -0.036741 	 -0.074585
11.929669 	 4.166382 	 -0.015936 	 -0.053955
11.883444 	 4.357666 	 0.005689 	 -0.010620
11.837672 	 4.103394 	 -0.013795 	 -0.005646
11.789635 	 4.140839 	 -0.016725 	 -0.013824
11.742957 	 4.131317 	 -0.016277 	 -0.017426
11.699451 	 4.310455 	 -0.024363 	 -0.027313
11.651413 	 4.198059 	 -0.046424 	 -0.057678
11.605641 	 4.237579 	 0.002621 	 -0.028351
11.558510 	 4.243530 	 -0.015393 	 -0.015015
11.510472 	 4.260437 	 -0.000778 	 -0.002533
11.466966 	 4.116425 	 -0.015446 	 -0.004883
11.419382 	 4.200775 	 -0.012165 	 -0.008575
11.373157 	 4.186584 	 -0.046094 	 -0.044647
11.325119 	 4.158600 	 -0.047553 	 -0.075897
11.278894 	 4.227753 	 -0.029806 	 -0.072174
11.231763 	 4.271393 	 -0.056044 	 -0.090118
11.184631 	 4.176605 	 -0.028656 	 -0.080566
11.140219 	 4.257843 	 -0.011484 	 -0.046387
11.093994 	 4.199615 	 -0.058984 	 -0.075958
11.044597 	 4.049377 	 -0.024480 	 -0.071136
10.999278 	 4.246613 	 -0.031521 	 -0.062439
10.955772 	 4.210541 	 -0.024395 	 -0.053925
10.910001 	 4.161346 	 -0.016884 	 -0.039124
10.863322 	 4.082550 	 -0.035005 	 -0.048431
10.814832 	 4.294373 	 0.027622 	 0.005096
10.766794 	 4.186432 	 -0.046446 	 -0.022827
10.719662 	 4.115387 	 -0.037593 	 -0.054962
10.675703 	 4.239075 	 0.007265 	 -0.019226
10.630385 	 4.205688 	 -0.030019 	 -0.024506
10.583707 	 4.225250 	 -0.018418 	 -0.029907
10.536575 	 4.176422 	 -0.050472 	 -0.060211
10.487631 	 4.106567 	 -0.007894 	 -0.044067
10.445938 	 4.193085 	 -0.035995 	 -0.048126
10.396541 	 4.250214 	 -0.042174 	 -0.067566
10.350316 	 4.063019 	 -0.042451 	 -0.079865
10.304091 	 4.181427 	 -0.040512 	 -0.082550
10.260132 	 4.219391 	 -0.032640 	 -0.075775
10.212094 	 4.158417 	 -0.047394 	 -0.083954
10.164056 	 4.135162 	 -0.002535 	 -0.046753
10.118285 	 4.096130 	 0.001715 	 -0.007141
10.072966 	 4.182434 	 -0.015894 	 -0.007080
10.024475 	 4.208221 	 -0.029700 	 -0.028687
9.978250 	 4.206543 	 -0.027111 	 -0.039185
9.933838 	 4.223724 	 -0.012506 	 -0.029572
9.883987 	 4.320709 	 -0.012954 	 -0.018768
9.839122 	 4.277069 	 -0.034664 	 -0.036896
9.794257 	 4.083435 	 0.004559 	 -0.012390
9.748485 	 4.284576 	 -0.020805 	 -0.012665
9.703166 	 4.175446 	 -0.030030 	 -0.033539
9.654675 	 4.265198 	 -0.028709 	 -0.044281
9.608904 	 4.187317 	 -0.041045 	 -0.061707
9.560413 	 4.319000 	 -0.040821 	 -0.075165
9.516000 	 4.165649 	 -0.027633 	 -0.067017
9.469322 	 4.132996 	 -0.028794 	 -0.059479
9.422191 	 4.202240 	 -0.011473 	 -0.038391
9.377325 	 4.150146 	 -0.032469 	 -0.043304
9.330647 	 4.157318 	 -0.052784 	 -0.075134
9.282156 	 4.001312 	 -0.004996 	 -0.046814
9.235931 	 4.152649 	 -0.045519 	 -0.058136
9.191066 	 4.130646 	 -0.018749 	 -0.051910
9.143935 	 4.076508 	 -0.043431 	 -0.063568
9.099069 	 4.256622 	 -0.022392 	 -0.057312
9.050578 	 4.181488 	 -0.011697 	 -0.034851
9.005713 	 4.097992 	 -0.034898 	 -0.044678
8.956769 	 4.204651 	 -0.050110 	 -0.073822
8.913263 	 4.064423 	 -0.016288 	 -0.058105
8.863412 	 4.202454 	 -0.033481 	 -0.055786
8.818547 	 4.259247 	 -0.051261 	 -0.079956
8.773228 	 4.220978 	 0.007222 	 -0.034882
8.723831 	 4.172485 	 -0.013028 	 -0.014557
8.677153 	 4.228882 	 -0.056225 	 -0.057526
8.633194 	 4.266083 	 -0.043686 	 -0.080811
8.586969 	 4.210358 	 -0.040874 	 -0.082825
8.538931 	 4.234467 	 -0.040544 	 -0.083679
8.495879 	 4.228363 	 -0.022158 	 -0.064545
8.446028 	 4.197205 	 -0.042046 	 -0.070312
8.398897 	 4.215363 	 -0.040661 	 -0.078583
8.355391 	 4.158234 	 -0.031606 	 -0.072388
8.307806 	 4.122101 	 -0.032768 	 -0.067291
8.259769 	 4.230927 	 -0.025300 	 -0.057556
8.218076 	 4.282440 	 -0.041726 	 -0.067657
8.168678 	 4.097565 	 -0.042366 	 -0.078003
8.124719 	 4.066406 	 -0.047340 	 -0.088898
8.078947 	 4.049622 	 -0.008650 	 -0.056335
8.029550 	 4.195465 	 -0.051292 	 -0.070557
7.983778 	 4.162415 	 -0.041971 	 -0.084503
7.938913 	 4.285309 	 -0.036826 	 -0.080841
7.893141 	 4.203888 	 -0.035100 	 -0.074707
7.842838 	 4.208160 	 -0.051793 	 -0.089691
7.799332 	 4.236420 	 -0.038105 	 -0.088684
7.748575 	 4.170258 	 -0.018706 	 -0.062378
7.703709 	 4.153625 	 -0.062584 	 -0.090454
7.661110 	 4.198700 	 -0.053743 	 -0.109283
7.612166 	 4.139160 	 -0.065247 	 -0.127808
7.566847 	 4.100647 	 -0.047543 	 -0.118774
7.520622 	 4.203339 	 -0.036283 	 -0.097931
7.473038 	 4.131622 	 -0.058888 	 -0.107513
7.427266 	 4.341248 	 -0.070936 	 -0.134125
7.383307 	 4.144104 	 -0.064140 	 -0.143890
7.335269 	 4.255615 	 -0.046009 	 -0.126251
7.286325 	 4.170135 	 -0.043985 	 -0.109344
7.239647 	 4.133362 	 -0.024331 	 -0.080780
7.193422 	 4.109070 	 -0.051889 	 -0.087189
7.149463 	 4.155945 	 -0.050941 	 -0.099915
7.101878 	 4.104340 	 -0.035271 	 -0.089844
7.057013 	 4.056305 	 -0.026323 	 -0.069397
7.009882 	 4.043152 	 -0.068124 	 -0.100739
6.962750 	 4.207123 	 -0.022413 	 -0.083344
6.916072 	 4.194244 	 -0.030680 	 -0.066071
6.870753 	 4.154144 	 -0.061626 	 -0.095062
6.823622 	 4.209412 	 -0.078095 	 -0.137238
6.778304 	 4.195404 	 -0.038126 	 -0.120483
6.729813 	 4.082184 	 -0.051719 	 -0.111664
6.684947 	 4.189606 	 -0.053231 	 -0.115723
6.637816 	 4.118439 	 -0.034973 	 -0.098358
6.591138 	 4.143616 	 -0.063373 	 -0.112305
6.544460 	 4.147369 	 -0.080278 	 -0.147980
6.499141 	 4.139648 	 -0.036720 	 -0.124756
6.451103 	 4.200867 	 -0.070094 	 -0.131012
6.406691 	 4.179718 	 -0.091741 	 -0.170227
6.360013 	 4.165741 	 -0.096779 	 -0.202179
6.311522 	 4.120178 	 -0.061498 	 -0.181549
6.264844 	 4.328400 	 -0.051708 	 -0.148682
6.219072 	 4.023346 	 -0.087927 	 -0.168274
6.173300 	 4.281586 	 -0.049439 	 -0.151093
6.125716 	 4.082520 	 -0.061626 	 -0.141602
6.080850 	 4.119324 	 -0.059293 	 -0.138855
6.037344 	 4.230316 	 -0.072736 	 -0.150055
5.986588 	 4.118164 	 -0.074547 	 -0.162842
5.940363 	 4.164154 	 -0.069551 	 -0.163422
5.896404 	 4.224915 	 -0.025907 	 -0.116547
5.847913 	 4.069519 	 -0.090792 	 -0.146851
5.799875 	 4.217438 	 -0.097940 	 -0.193085
5.757275 	 4.134216 	 -0.080641 	 -0.198547
5.710144 	 4.173706 	 -0.093338 	 -0.207214
5.662106 	 4.011658 	 -0.074473 	 -0.196594
5.616335 	 4.224457 	 -0.064949 	 -0.174744
5.571016 	 4.131653 	 -0.123091 	 -0.221802
5.524791 	 4.226440 	 -0.062595 	 -0.202850
5.475847 	 4.292664 	 -0.103427 	 -0.212769
5.432794 	 4.235779 	 -0.052922 	 -0.180817
5.385210 	 4.040314 	 -0.088822 	 -0.183594
5.338985 	 4.096466 	 -0.059857 	 -0.169037
5.291853 	 4.226990 	 -0.091421 	 -0.183716
5.245628 	 4.191315 	 -0.099964 	 -0.211548
5.201669 	 4.212433 	 -0.107411 	 -0.235352
5.151819 	 4.117554 	 -0.084731 	 -0.225372
5.106047 	 4.224457 	 -0.091986 	 -0.219574
5.061635 	 4.084259 	 -0.095916 	 -0.224304
5.011784 	 4.122284 	 -0.110830 	 -0.242920
4.969185 	 4.218750 	 -0.107986 	 -0.253754
4.922054 	 4.213531 	 -0.083336 	 -0.232330
4.874016 	 4.261444 	 -0.110447 	 -0.242310
4.828244 	 4.075104 	 -0.079682 	 -0.226074
4.784285 	 4.192169 	 -0.132274 	 -0.259949
4.733981 	 4.048584 	 -0.094766 	 -0.257538
4.689569 	 4.181427 	 -0.091932 	 -0.238464
4.641985 	 4.108154 	 -0.115698 	 -0.253357
4.598932 	 4.116058 	 -0.118884 	 -0.273376
4.549081 	 4.188416 	 -0.092582 	 -0.255249
4.502856 	 4.107269 	 -0.140029 	 -0.286865
4.455272 	 4.194519 	 -0.145877 	 -0.326141
4.411766 	 4.170197 	 -0.130484 	 -0.330139
4.363275 	 4.037506 	 -0.133158 	 -0.328735
4.318863 	 4.193298 	 -0.105642 	 -0.299957
4.270825 	 4.116455 	 -0.132775 	 -0.305023
4.224600 	 4.191284 	 -0.145909 	 -0.331879
4.178828 	 4.128601 	 -0.127246 	 -0.329193
4.132150 	 4.246429 	 -0.123699 	 -0.316956
4.084566 	 4.190369 	 -0.133925 	 -0.320953
4.040154 	 4.168884 	 -0.142064 	 -0.336212
3.993929 	 4.186676 	 -0.142415 	 -0.345062
3.946344 	 4.034668 	 -0.135608 	 -0.342651
3.898759 	 4.158386 	 -0.139667 	 -0.343567
3.854800 	 4.094208 	 -0.150937 	 -0.357300
3.804950 	 4.108246 	 -0.147763 	 -0.364441
3.759631 	 4.139343 	 -0.106516 	 -0.320984
3.711140 	 4.217926 	 -0.126841 	 -0.308899
3.666728 	 4.074066 	 -0.120908 	 -0.305054
3.620956 	 4.180084 	 -0.102212 	 -0.280975
3.572466 	 4.260345 	 -0.128641 	 -0.290741
3.526694 	 4.102264 	 -0.117371 	 -0.294312
3.480922 	 4.140381 	 -0.145494 	 -0.321014
3.436963 	 4.205353 	 -0.113429 	 -0.309570
3.390285 	 4.147278 	 -0.100071 	 -0.278259
3.342700 	 4.359344 	 -0.122708 	 -0.283203
3.294209 	 4.113190 	 -0.079266 	 -0.248993
3.251610 	 3.392487 	 -0.654083 	 -0.816284
3.202213 	 3.386932 	 -0.662903 	 -1.307892
3.156894 	 3.355072 	 -0.655564 	 -1.523895
3.109763 	 3.315979 	 -0.697152 	 -1.664825
3.063538 	 3.244873 	 -0.620261 	 -1.664490
3.016406 	 3.312103 	 -0.681716 	 -1.700317
2.970181 	 3.313934 	 -0.701327 	 -1.762573
2.924863 	 3.084229 	 -0.686222 	 -1.783112
2.877278 	 3.281982 	 -0.694499 	 -1.795197
2.831960 	 3.125946 	 -0.693647 	 -1.803802
2.784375 	 3.323395 	 -0.633523 	 -1.744751
2.739510 	 3.161072 	 -0.684571 	 -1.748993
2.693738 	 3.155243 	 -0.666856 	 -1.753235
2.647060 	 3.191650 	 -0.683325 	 -1.762451
2.600835 	 3.138275 	 -0.683143 	 -1.773895
2.552797 	 3.175659 	 -0.667750 	 -1.764557
2.505666 	 3.258331 	 -0.689982 	 -1.776642
2.460800 	 3.291016 	 -0.660187 	 -1.761902
2.415028 	 3.167877 	 -0.663638 	 -1.744598
2.367444 	 3.120056 	 -0.661060 	 -1.736298
2.319406 	 3.176788 	 -0.603515 	 -1.671509
2.278619 	 3.247498 	 -0.618194 	 -1.635468
2.227863 	 3.267975 	 -0.621550 	 -1.628204
2.182997 	 3.455200 	 -0.615275 	 -1.620117
2.135413 	 3.471130 	 -0.554843 	 -1.550232
2.089188 	 3.267120 	 -0.601214 	 -1.542999
2.042509 	 3.338745 	 -0.556207 	 -1.511108
1.996738 	 3.400574 	 -0.549378 	 -1.471527
1.950513 	 3.396088 	 -0.521905 	 -1.422180
1.902022 	 3.497955 	 -0.478591 	 -1.343567
1.856703 	 3.322937 	 -0.469984 	 -1.281494
1.810931 	 3.438751 	 -0.444098 	 -1.223938
1.764253 	 3.391052 	 -0.427128 	 -1.170990
1.716216 	 3.461853 	 -0.451139 	 -1.163849
1.671803 	 3.541992 	 -0.406548 	 -1.123016
1.627391 	 3.257782 	 -0.377924 	 -1.058167
1.580260 	 3.370056 	 -0.340863 	 -0.978058
1.533582 	 3.326996 	 -0.364171 	 -0.951050
1.486450 	 3.350006 	 -0.293321 	 -0.874420
1.441585 	 3.336182 	 -0.224334 	 -0.739624
1.390828 	 3.264526 	 -0.233144 	 -0.660187
1.346416 	 3.084106 	 -0.176845 	 -0.568787
1.300191 	 3.080017 	 -0.153217 	 -0.479736
1.253966 	 3.022705 	 -0.049354 	 -0.320984
1.205475 	 2.647308 	 0.034429 	 -0.121002
1.161969 	 2.225159 	 0.155284 	 0.128693
1.114384 	 2.409607 	 0.327430 	 0.469849
1.068159 	 1.592773 	 1.013802 	 1.412109
1.021028 	 1.480286 	 0.877128 	 1.966370
0.975256 	 1.763092 	 0.453259 	 1.712128
0.929485 	 1.121765 	 0.544233 	 1.532013
0.883713 	 1.457123 	 0.506469 	 1.451538
0.837488 	 1.044922 	 1.212591 	 2.141174
0.788091 	 0.935364 	 0.933715 	 2.438721
0.742772 	 0.782135 	 0.974259 	 2.500702
0.696094 	 0.756195 	 1.113521 	 2.694305
0.651228 	 0.628601 	 1.116131 	 2.841339
0.604550 	 0.716675 	 1.231169 	 3.030457
0.557419 	 0.571960 	 1.066063 	 2.987732
0.508928 	 0.499115 	 1.282408 	 3.131805
0.464516 	 0.570984 	 0.957588 	 2.942535
0.421010 	 0.582550 	 1.158965 	 2.939575
0.372066 	 0.524323 	 1.069067 	 2.925323
0.325841 	 0.463745 	 1.086634 	 2.903076
0.280522 	 0.447632 	 1.358244 	 3.183624
0.230219 	 0.497528 	 1.107204 	 3.157501
0.187166 	 0.470642 	 1.217363 	 3.157349
0.140034 	 0.492767 	 1.286317 	 3.277191
0.094263 	 0.431549 	 1.293902 	 3.364655
0.048944 	 0.415283 	 1.568421 	 3.699188
0.000000 	 0.355469 	 1.259718 	 3.630951
0.045772 	 0.419403 	 1.185490 	 3.399719
0.091544 	 0.385529 	 1.259260 	 3.346832
0.140941 	 0.441620 	 0.947467 	 3.025085
0.182181 	 0.379761 	 1.288959 	 3.115692
0.232484 	 0.434540 	 1.292485 	 3.296783
0.277803 	 0.556946 	 1.314579 	 3.399414
0.324481 	 0.457733 	 1.029408 	 3.153900
0.373878 	 0.439911 	 1.360769 	 3.278839
0.417838 	 0.529602 	 1.163844 	 3.263153
0.465422 	 0.494598 	 1.209256 	 3.231232
0.512553 	 0.483673 	 1.282770 	 3.297913
0.558325 	 0.520721 	 1.032550 	 3.102295
0.606816 	 0.592346 	 1.222220 	 3.113861
0.648056 	 0.541779 	 1.190944 	 3.163391
0.697000 	 0.478302 	 1.348550 	 3.335754
0.742772 	 0.764069 	 1.084961 	 3.191254
0.787637 	 0.632965 	 1.100855 	 3.057129
0.835675 	 0.738831 	 0.815513 	 2.696136
0.882806 	 0.793213 	 1.108919 	 2.728607
0.927219 	 0.678802 	 1.176691 	 2.930145
0.973897 	 0.886841 	 0.833463 	 2.685577
1.018762 	 1.130096 	 0.878342 	 2.486572
1.066347 	 1.021240 	 0.851434 	 2.388397
1.115744 	 1.051270 	 0.911238 	 2.395477
1.160609 	 1.399872 	 0.601331 	 2.094086
1.206834 	 1.259308 	 0.702851 	 1.942688
1.254872 	 1.813507 	 0.602663 	 1.814850
1.298831 	 1.670410 	 0.484759 	 1.589233
1.343243 	 1.498810 	 0.875424 	 1.851898
1.391281 	 2.339203 	 0.210592 	 1.425995
1.440678 	 2.336334 	 0.214363 	 0.972626
1.482825 	 2.309784 	 0.275584 	 0.837921
1.531316 	 2.580719 	 0.187859 	 0.707397
1.578447 	 3.128784 	 -0.129355 	 0.282013
1.625578 	 2.826843 	 0.051953 	 0.153687
1.668631 	 2.972046 	 -0.057663 	 0.051941
1.717575 	 3.294678 	 -0.184845 	 -0.172241
1.767426 	 3.418030 	 -0.200760 	 -0.341339
1.810478 	 3.292206 	 -0.262620 	 -0.490204
1.855344 	 3.343964 	 -0.284213 	 -0.605347
1.902022 	 3.305359 	 -0.322828 	 -0.706024
1.949606 	 3.421143 	 -0.341119 	 -0.786682
1.995831 	 3.512238 	 -0.364640 	 -0.856110
2.043869 	 3.176788 	 -0.356800 	 -0.886597
2.089641 	 3.490967 	 -0.436194 	 -0.983490
2.137225 	 3.347382 	 -0.455219 	 -1.079285
2.182997 	 3.343079 	 -0.420257 	 -1.093781
2.229222 	 3.428314 	 -0.470389 	 -1.139313
2.275900 	 3.377899 	 -0.424167 	 -1.131470
2.321219 	 3.443878 	 -0.557495 	 -1.247284
2.369257 	 3.412323 	 -0.526145 	 -1.324982
2.414122 	 3.380920 	 -0.540281 	 -1.359619
2.458987 	 3.275513 	 -0.552851 	 -1.395416
2.508385 	 3.328949 	 -0.557112 	 -1.420868
2.556422 	 3.302826 	 -0.610311 	 -1.489868
2.600381 	 3.170197 	 -0.637124 	 -1.569946
2.646153 	 3.300568 	 -0.586630 	 -1.565186
2.693738 	 3.217773 	 -0.648916 	 -1.607513
2.740416 	 3.196594 	 -0.621624 	 -1.624237
2.787094 	 3.333038 	 -0.642525 	 -1.643219
2.831053 	 3.302979 	 -0.626908 	 -1.643524
2.881357 	 3.277771 	 -0.651729 	 -1.663330
2.926222 	 3.287323 	 -0.635974 	 -1.666077
2.973354 	 3.148041 	 -0.674217 	 -1.700897
3.017766 	 3.205658 	 -0.680086 	 -1.738922
3.063538 	 3.289825 	 -0.659186 	 -1.736176
3.113388 	 3.230804 	 -0.675537 	 -1.744537
3.157347 	 3.341736 	 -0.633044 	 -1.710907
3.204025 	 3.137665 	 -0.672565 	 -1.720428
3.251157 	 3.161377 	 -0.684901 	 -1.753113
3.295569 	 3.153931 	 -0.692678 	 -1.780060
3.344966 	 3.323792 	 -0.659942 	 -1.760864
3.389832 	 3.214264 	 -0.698995 	 -1.781281
3.436057 	 3.101013 	 -0.712896 	 -1.820190
3.483188 	 3.335815 	 -0.632394 	 -1.759033
3.531679 	 3.342957 	 -0.666983 	 -1.736267
3.573372 	 3.294586 	 -0.692912 	 -1.766663
3.619597 	 3.341064 	 -0.670722 	 -1.767181
3.667635 	 3.275177 	 -0.647755 	 -1.735535
3.712953 	 3.336700 	 -0.687085 	 -1.753143
3.761897 	 3.326996 	 -0.695532 	 -1.786194
3.806310 	 3.229431 	 -0.686574 	 -1.794830
3.853441 	 3.374146 	 -0.630551 	 -1.737549
3.903291 	 3.231964 	 -0.665726 	 -1.724915
3.946344 	 3.461426 	 -0.643398 	 -1.710815
3.990756 	 3.411743 	 -0.685359 	 -1.738861
4.040607 	 3.318573 	 -0.652911 	 -1.733612
4.087738 	 3.462006 	 -0.605081 	 -1.667786
4.133057 	 3.467773 	 -0.622945 	 -1.639587
4.178375 	 3.557953 	 -0.583637 	 -1.593567
4.225960 	 3.496277 	 -0.546438 	 -1.516998
4.272638 	 3.865875 	 -0.229735 	 -1.136353
4.317050 	 4.217285 	 -0.043346 	 -0.645599
4.365994 	 4.086304 	 -0.064704 	 -0.372498
4.409953 	 4.068176 	 -0.102628 	 -0.296539
4.457538 	 4.131348 	 -0.060028 	 -0.232483
4.502856 	 4.238556 	 -0.150458 	 -0.278717
4.550441 	 4.175140 	 -0.106686 	 -0.289825
4.594853 	 4.238220 	 -0.121781 	 -0.292877
4.642438 	 4.098267 	 -0.122367 	 -0.300293
4.690022 	 4.284210 	 -0.123720 	 -0.304291
4.734888 	 4.077087 	 -0.124689 	 -0.307526
4.784738 	 4.121368 	 -0.123091 	 -0.305939
4.830057 	 4.143188 	 -0.116359 	 -0.297699
4.873109 	 4.030579 	 -0.147433 	 -0.326050
4.921147 	 4.224396 	 -0.105397 	 -0.305756
4.969638 	 4.165527 	 -0.121461 	 -0.297363
5.013144 	 4.172363 	 -0.095565 	 -0.273834
5.062541 	 4.204010 	 -0.114804 	 -0.272125
5.107860 	 4.081238 	 -0.154868 	 -0.320862
5.155898 	 4.146301 	 -0.108529 	 -0.309143
5.199857 	 4.297333 	 -0.102052 	 -0.278656
5.246535 	 4.059448 	 -0.073226 	 -0.232391
5.290947 	 4.200165 	 -0.130239 	 -0.258636
5.340797 	 4.194885 	 -0.105898 	 -0.269043
5.387476 	 4.125244 	 -0.078435 	 -0.235107
5.430981 	 4.251526 	 -0.086766 	 -0.216980
5.480832 	 4.174164 	 -0.083900 	 -0.210083
5.526151 	 4.182312 	 -0.131379 	 -0.254852
5.571016 	 4.170105 	 -0.086372 	 -0.246765
5.616335 	 4.080444 	 -0.082292 	 -0.220825
5.661200 	 4.192352 	 -0.090217 	 -0.215912
5.707878 	 4.177185 	 -0.084007 	 -0.210541
5.756822 	 4.120728 	 -0.111075 	 -0.234100
5.801688 	 4.103394 	 -0.079778 	 -0.221466
5.849725 	 4.206543 	 -0.081759 	 -0.206085
5.894591 	 4.115692 	 -0.064448 	 -0.179901
5.943082 	 4.167084 	 -0.101243 	 -0.202118
5.987494 	 4.116394 	 -0.085168 	 -0.209076
6.033719 	 4.236084 	 -0.120332 	 -0.243439
6.081303 	 4.078186 	 -0.075463 	 -0.225189
6.125716 	 4.178162 	 -0.082973 	 -0.207581
6.174660 	 4.200317 	 -0.100998 	 -0.221680
6.219072 	 4.053131 	 -0.069061 	 -0.201263
6.268469 	 4.230591 	 -0.078095 	 -0.188751
6.313335 	 4.254700 	 -0.106154 	 -0.216278
6.360013 	 4.100891 	 -0.086862 	 -0.219330
6.408504 	 4.209137 	 -0.062510 	 -0.187866
6.450650 	 4.085449 	 -0.078808 	 -0.180420
6.500047 	 4.212067 	 -0.073354 	 -0.178009
6.544460 	 4.123322 	 -0.086393 	 -0.187958
6.592497 	 4.194275 	 -0.070563 	 -0.181702
6.636909 	 4.212616 	 -0.077945 	 -0.181122
6.684494 	 4.205811 	 -0.088896 	 -0.194061
6.729813 	 4.120148 	 -0.048161 	 -0.161530
6.776491 	 4.187958 	 -0.085892 	 -0.171021
6.822716 	 4.244843 	 -0.087352 	 -0.191071
6.872566 	 4.081116 	 -0.104460 	 -0.218658
6.917885 	 4.223785 	 -0.077636 	 -0.209412
6.964563 	 4.102264 	 -0.085029 	 -0.201965
7.010788 	 4.149139 	 -0.067996 	 -0.185730
7.055653 	 4.115234 	 -0.059964 	 -0.163269
7.103691 	 4.128235 	 -0.072949 	 -0.163696
7.148103 	 4.235840 	 -0.105365 	 -0.202118
7.193422 	 4.114563 	 -0.056161 	 -0.180084
7.241006 	 4.047119 	 -0.055298 	 -0.150085
7.289044 	 4.382904 	 -0.069839 	 -0.151123
7.335269 	 4.224823 	 -0.073461 	 -0.161346
7.378775 	 4.150208 	 -0.093988 	 -0.190857
7.429079 	 4.185303 	 -0.066334 	 -0.179779
7.473038 	 4.161072 	 -0.091709 	 -0.190887
7.518356 	 4.090637 	 -0.060187 	 -0.174103
7.565034 	 4.017212 	 -0.062009 	 -0.156464
7.613525 	 4.107422 	 -0.099315 	 -0.188416
7.661110 	 4.002960 	 -0.070883 	 -0.187164
7.705522 	 4.163055 	 -0.057141 	 -0.161194
7.753560 	 4.128418 	 -0.058419 	 -0.144623
7.799785 	 4.280182 	 -0.064225 	 -0.144257
7.846010 	 4.102295 	 -0.056619 	 -0.138214
7.892235 	 4.207245 	 -0.069519 	 -0.145660
7.936647 	 4.189728 	 -0.055383 	 -0.140045
7.986497 	 4.133118 	 -0.053924 	 -0.128693
8.028644 	 4.252197 	 -0.054850 	 -0.124481
8.080307 	 4.117157 	 -0.063330 	 -0.132965
8.125626 	 4.140198 	 -0.085189 	 -0.162292
8.169585 	 4.209351 	 -0.039308 	 -0.137207
8.218529 	 4.190399 	 -0.045157 	 -0.112305
8.265660 	 4.222595 	 -0.092252 	 -0.153503
8.307353 	 4.258514 	 -0.024171 	 -0.119720
8.354938 	 4.088104 	 -0.028922 	 -0.081726
8.401616 	 4.138580 	 -0.059218 	 -0.098083
8.450107 	 4.154541 	 -0.061295 	 -0.120026
8.496785 	 4.131500 	 -0.046627 	 -0.114990
8.539838 	 4.222015 	 -0.044581 	 -0.104980
8.589688 	 4.289520 	 -0.058835 	 -0.115234
8.634100 	 4.177704 	 -0.052699 	 -0.119812
8.681232 	 4.117920 	 -0.077871 	 -0.144714
8.725644 	 4.098328 	 -0.055309 	 -0.141937
8.775494 	 4.123138 	 -0.069274 	 -0.146423
8.817641 	 4.137543 	 -0.034962 	 -0.118073
8.867038 	 4.217529 	 -0.061061 	 -0.119385
8.910544 	 4.260315 	 -0.072459 	 -0.141968
8.959488 	 4.251862 	 -0.041737 	 -0.123901
9.004807 	 4.174622 	 -0.046041 	 -0.108795
9.050578 	 4.169403 	 -0.041226 	 -0.098785
9.097256 	 4.066376 	 -0.057279 	 -0.109070
9.144841 	 4.167053 	 -0.076475 	 -0.140442
9.196051 	 4.224335 	 -0.049620 	 -0.133118
9.235931 	 4.182159 	 -0.068443 	 -0.139496
9.283516 	 4.140442 	 -0.014871 	 -0.093048
9.327928 	 4.186493 	 -0.073098 	 -0.112427
9.377325 	 4.182465 	 -0.054968 	 -0.125031
9.423550 	 4.243439 	 -0.042579 	 -0.110107
9.469322 	 4.142181 	 -0.040885 	 -0.098541
9.514641 	 4.208130 	 -0.068528 	 -0.120819
9.563585 	 4.159882 	 -0.032086 	 -0.104462
9.607997 	 4.101166 	 -0.032736 	 -0.081909
9.656941 	 4.172424 	 -0.057183 	 -0.097351
9.701807 	 4.199341 	 -0.087906 	 -0.145935
9.745312 	 4.199554 	 -0.039649 	 -0.127380
9.796069 	 4.175140 	 -0.038488 	 -0.101288
9.842294 	 4.210510 	 -0.062222 	 -0.114258
9.888066 	 4.220154 	 -0.042909 	 -0.109955
9.936104 	 4.263580 	 -0.040022 	 -0.096008
9.982782 	 4.149323 	 -0.003196 	 -0.050842
10.027194 	 4.195374 	 -0.005465 	 -0.018188
10.074326 	 4.157288 	 -0.031873 	 -0.032196
10.120551 	 4.209473 	 -0.051420 	 -0.068542
10.164963 	 4.242889 	 -0.025918 	 -0.066437
10.213907 	 4.239014 	 -0.031862 	 -0.061371
10.259225 	 4.227448 	 -0.042014 	 -0.071960
10.305904 	 4.104065 	 -0.014573 	 -0.052582
10.351222 	 4.212952 	 -0.063980 	 -0.084717
10.399713 	 4.258545 	 -0.044496 	 -0.098511
10.445485 	 4.090027 	 -0.024501 	 -0.075836
10.492616 	 4.035736 	 -0.028485 	 -0.060333
10.537482 	 4.202423 	 -0.048459 	 -0.076904
10.583707 	 4.066528 	 -0.045327 	 -0.089539
10.630838 	 4.036224 	 -0.057950 	 -0.106323
10.676157 	 4.229065 	 -0.012442 	 -0.071350
10.723288 	 4.268707 	 -0.027516 	 -0.053436
10.769513 	 4.179535 	 -0.032160 	 -0.056915
10.816644 	 4.135040 	 -0.005497 	 -0.032318
10.864682 	 4.193512 	 -0.035537 	 -0.042053
10.907735 	 4.171234 	 -0.033907 	 -0.057007
10.957585 	 4.105164 	 -0.048810 	 -0.078278
10.997919 	 4.195221 	 -0.026323 	 -0.070129
11.049582 	 4.199280 	 -0.018674 	 -0.049225
11.095807 	 4.148224 	 -0.011398 	 -0.030396
11.141579 	 4.122162 	 -0.010930 	 -0.017914
11.186897 	 4.219025 	 -0.045987 	 -0.048431
11.234482 	 4.255432 	 -0.038073 	 -0.068268
11.279347 	 4.210205 	 -0.024331 	 -0.058258
11.328745 	 4.127319 	 -0.020794 	 -0.045227
11.371797 	 4.140015 	 -0.020070 	 -0.037201
11.422101 	 4.241730 	 -0.044837 	 -0.059357
11.466060 	 4.250214 	 -0.017566 	 -0.049622
11.512285 	 4.172150 	 -0.066217 	 -0.087372
11.558510 	 4.116791 	 -0.003633 	 -0.058044
11.606548 	 4.247284 	 -0.035090 	 -0.051178
11.652773 	 4.198090 	 -0.030232 	 -0.058289
11.699451 	 4.176666 	 -0.014402 	 -0.040497
11.743410 	 4.159454 	 -0.012911 	 -0.025238
11.792807 	 4.092896 	 -0.055181 	 -0.062317
11.839485 	 4.214417 	 -0.040416 	 -0.080475
11.884804 	 4.155334 	 -0.023851 	 -0.064972
11.928310 	 4.252197 	 0.000320 	 -0.026337
11.978613 	 4.213257 	 -0.031297 	 -0.033112
12.023932 	 4.046967 	 -0.011963 	 -0.028687
12.071063 	 4.250397 	 -0.006690 	 -0.012390
12.114569 	 4.180176 	 -0.013635 	 -0.010193
12.164420 	 4.228973 	 -0.008203 	 -0.006134
12.209738 	 3.997742 	 -0.048097 	 -0.043671
12.256870 	 4.224548 	 -0.006136 	 -0.032990
12.301735 	 4.123444 	 -0.044198 	 -0.051636
12.348866 	 4.265228 	 -0.030115 	 -0.059753
12.399170 	 4.095123 	 -0.010674 	 -0.036835
12.439050 	 4.127441 	 -0.023830 	 -0.033875
12.487994 	 4.145935 	 -0.037369 	 -0.051605
12.536032 	 4.216156 	 -0.002013 	 -0.027924
12.579991 	 4.073608 	 -0.045487 	 -0.049805
12.629388 	 4.147308 	 -0.011164 	 -0.039551
12.672441 	 4.076019 	 -0.032501 	 -0.044403
12.718666 	 4.166046 	 0.011995 	 -0.008362
12.765344 	 4.220886 	 -0.033524 	 -0.021942
12.812476 	 4.209259 	 -0.054744 	 -0.067780
12.860513 	 4.215149 	 -0.034664 	 -0.076508
12.904926 	 4.110291 	 -0.019526 	 -0.056152
12.953870 	 4.226440 	 -0.026291 	 -0.046326
12.997375 	 4.208588 	 0.000032 	 -0.018280
13.042694 	 4.131256 	 -0.042962 	 -0.041473
13.090732 	 4.185760 	 -0.032650 	 -0.058777
13.136957 	 4.188568 	 -0.046627 	 -0.075653
13.184541 	 4.288452 	 -0.022967 	 -0.062500
13.229407 	 4.286896 	 -0.031990 	 -0.058685
13.276991 	 4.156067 	 -0.021934 	 -0.050629
13.323216 	 4.152496 	 -0.043431 	 -0.064362
13.369894 	 4.108215 	 -0.028304 	 -0.063324
13.415213 	 4.170227 	 -0.013018 	 -0.041199
13.464610 	 4.163422 	 -0.027942 	 -0.041412
13.511288 	 4.128601 	 -0.012485 	 -0.030334
13.553435 	 4.128448 	 -0.033407 	 -0.041687
13.601019 	 4.220337 	 -0.031255 	 -0.052460
13.646791 	 4.105347 	 -0.006509 	 -0.031006
13.696642 	 4.095459 	 -0.060251 	 -0.066833
13.740147 	 4.127319 	 -0.015968 	 -0.058594
13.787732 	 4.262939 	 0.002844 	 -0.017059
13.834863 	 4.257355 	 -0.018663 	 -0.014435
13.881995 	 4.162720 	 -0.015606 	 -0.018799
13.927313 	 4.070984 	 -0.033162 	 -0.038635
13.972179 	 4.307648 	 -0.013135 	 -0.032135
14.020216 	 4.217499 	 -0.037625 	 -0.046356
14.068254 	 4.189087 	 -0.043644 	 -0.068634
14.113120 	 4.262970 	 -0.038435 	 -0.076080
14.157532 	 4.258270 	 -0.003292 	 -0.041229
14.204210 	 4.145325 	 -0.039053 	 -0.048553
14.252248 	 4.079529 	 -0.003686 	 -0.030243
14.297566 	 4.174286 	 0.004218 	 0.001038
14.344698 	 4.230530 	 -0.017833 	 -0.003387
14.392735 	 4.214355 	 -0.009151 	 -0.006317
14.437148 	 4.192169 	 -0.010354 	 -0.005920
14.485638 	 4.298248 	 -0.028688 	 -0.024689
14.531410 	 4.233002 	 -0.029242 	 -0.041107
14.574916 	 4.083405 	 -0.049268 	 -0.068817
14.624767 	 4.085144 	 -0.043495 	 -0.084137
14.667366 	 4.189941 	 -0.004293 	 -0.047211
14.715857 	 4.250793 	 -0.030680 	 -0.042175
14.761629 	 4.225464 	 -0.016320 	 -0.035828
14.809213 	 4.277283 	 -0.050270 	 -0.062286
14.855891 	 4.059723 	 -0.018450 	 -0.055206
14.899397 	 4.147003 	 -0.028080 	 -0.049896
14.942450 	 4.269409 	 -0.036581 	 -0.059845
14.989581 	 4.128418 	 -0.016405 	 -0.045959
15.037619 	 4.143372 	 0.003441 	 -0.009552
15.082938 	 4.226624 	 -0.007244 	 0.001923
15.130069 	 4.139099 	 -0.028059 	 -0.019745
15.177654 	 4.181580 	 -0.023372 	 -0.031708
15.223878 	 4.178375 	 0.017886 	 0.008179
15.269197 	 4.140198 	 -0.004378 	 0.019745
15.319048 	 4.257507 	 -0.042440 	 -0.024567
15.366632 	 4.185211 	 -0.032885 	 -0.049347
15.412404 	 4.089355 	 -0.014647 	 -0.037720
15.453191 	 4.134918 	 -0.028645 	 -0.040680
15.503494 	 4.210083 	 0.009683 	 -0.006012
15.547453 	 3.962921 	 -0.023521 	 -0.011627
15.596851 	 4.132294 	 0.000905 	 -0.000610
15.643529 	 4.215179 	 -0.018695 	 -0.006836
15.690207 	 4.149048 	 -0.000234 	 0.000641
15.735072 	 4.234406 	 -0.026919 	 -0.015533
15.781297 	 4.305328 	 -0.018152 	 -0.024445
15.831148 	 4.037506 	 0.020528 	 0.014160
15.876920 	 4.125336 	 -0.041545 	 -0.016022
15.923145 	 4.183502 	 -0.015574 	 -0.027771
15.968916 	 4.228546 	 -0.024107 	 -0.031494
16.014235 	 4.192352 	 0.013358 	 0.003082
16.059554 	 4.194244 	 -0.027697 	 -0.009003
16.106232 	 4.080078 	 0.002216 	 -0.000458
16.154723 	 4.206482 	 -0.016054 	 -0.003998
16.196869 	 4.118530 	 -0.006274 	 -0.002411
16.246266 	 4.150970 	 -0.023809 	 -0.017395
16.293851 	 4.317322 	 -0.035005 	 -0.041901
16.341888 	 4.097961 	 -0.012101 	 -0.033295
16.386301 	 4.161407 	 -0.001704 	 -0.009125
16.432526 	 4.238342 	 -0.017513 	 -0.011047
16.481923 	 4.346313 	 -0.027186 	 -0.027863
16.524522 	 4.190674 	 -0.012911 	 -0.024811
16.569841 	 4.194122 	 -0.007031 	 -0.010162
16.617879 	 4.262512 	 -0.022797 	 -0.018097
16.664557 	 4.064209 	 -0.000469 	 -0.004364
16.708969 	 4.174469 	 -0.017321 	 -0.007904
16.756100 	 4.158905 	 -0.030104 	 -0.029724
16.804138 	 4.163208 	 -0.037210 	 -0.051147
16.852176 	 4.219482 	 0.000160 	 -0.024750
16.897041 	 4.327484 	 0.011196 	 0.011322
16.944626 	 4.158508 	 -0.026674 	 -0.005768
16.988585 	 4.213440 	 0.008543 	 0.008636
17.037076 	 4.119232 	 -0.013049 	 0.005157
17.082394 	 4.236664 	 -0.025012 	 -0.016296
17.126807 	 4.161346 	 -0.017992 	 -0.023254
17.176204 	 4.165405 	 -0.030467 	 -0.037811
17.221523 	 4.172516 	 -0.049886 	 -0.069458
17.268201 	 4.104980 	 -0.004719 	 -0.044250
17.313972 	 4.178284 	 -0.018482 	 -0.028503
17.360197 	 4.237366 	 -0.010780 	 -0.019104
17.407329 	 4.216095 	 -0.024213 	 -0.025696
17.452647 	 4.244171 	 -0.024682 	 -0.035492
17.499326 	 4.207245 	 -0.008021 	 -0.020752
17.545097 	 4.142120 	 -0.006456 	 -0.006927
17.594495 	 4.278107 	 -0.030232 	 -0.023743
17.639813 	 4.237274 	 0.006903 	 -0.002563
17.686038 	 4.133270 	 0.019761 	 0.034149
17.732716 	 4.129608 	 -0.010674 	 0.023163
17.777582 	 4.166290 	 -0.014349 	 0.003479
17.826526 	 4.288422 	 -0.027825 	 -0.020508
17.870485 	 4.149048 	 -0.011004 	 -0.020294
17.915804 	 4.134613 	 -0.028315 	 -0.030670
17.966560 	 4.203461 	 -0.036240 	 -0.050446
18.009160 	 4.221161 	 -0.024437 	 -0.049164
18.060823 	 4.148956 	 0.014807 	 -0.003235
18.106142 	 4.247925 	 0.028368 	 0.046143
18.147382 	 4.061340 	 -0.025662 	 0.017822
18.195419 	 4.141449 	 -0.033566 	 -0.024658
18.242097 	 4.152344 	 -0.000405 	 -0.013062
18.288776 	 4.184875 	 -0.019718 	 -0.013733
18.334547 	 4.208954 	 -0.021550 	 -0.024445
18.382132 	 4.238770 	 -0.016448 	 -0.023895
18.429263 	 4.225372 	 -0.009662 	 -0.015106
18.474582 	 4.084534 	 -0.042920 	 -0.042725
18.521260 	 4.217377 	 0.006136 	 -0.016724
18.570204 	 4.056854 	 -0.039383 	 -0.033997
18.614616 	 4.176178 	 -0.031266 	 -0.050568
18.659029 	 4.138855 	 -0.014466 	 -0.037079

 Z Turning Point (V) = -0.245758 
 Turning Time Delay (ms) = 0 
 SEN (V) =  
 App. Driving Voltage (mVrms) = 0.005000 
 App. Vias. Voltage (V) = 0.000000 
 App. Del Z (Bit) = -10 
 App. Delay Time (ms) = 500 
 App. Velocity (nm/s) = -0.090639 
 Ret. Driving Voltage (mVrms) = 0.005000 
 Ret. Vias. Voltage (V) = 0.000000 
 Ret. Del Z (Bit) = -10 
 Ret. Delay Time (ms) = 500 
 Ret. Velocity (nm/s) = -0.090639 
  
 Data Array Size = 846 
 Frequency (Hz) = sen.
 
