4.366901 	 7.211334 	 0.000660 	 0.030609
4.318410 	 7.209503 	 0.001353 	 0.029358
4.273997 	 7.208344 	 0.000863 	 0.028503
4.227319 	 7.202820 	 0.001875 	 0.028992
4.180188 	 7.209534 	 0.001491 	 0.028229
4.133510 	 7.203613 	 0.002301 	 0.028778
4.088191 	 7.222748 	 0.001886 	 0.029968
4.043326 	 7.206482 	 0.001949 	 0.029022
3.993475 	 7.207672 	 0.002077 	 0.029175
3.948610 	 7.210449 	 0.000575 	 0.027893
3.902385 	 7.203491 	 0.002844 	 0.030518
3.855254 	 7.212921 	 0.001065 	 0.029114
3.808122 	 7.213715 	 0.001470 	 0.028076
3.760538 	 7.206543 	 0.001619 	 0.028900
3.715672 	 7.200623 	 0.002919 	 0.028503
3.668994 	 7.206665 	 0.000458 	 0.029480
3.620050 	 7.214569 	 0.002418 	 0.028687
3.576544 	 7.221436 	 0.002152 	 0.030029
3.527147 	 7.209412 	 0.003473 	 0.031189
3.481828 	 7.213776 	 0.003089 	 0.031769
3.437416 	 7.208466 	 0.002045 	 0.031830
3.388925 	 7.206604 	 0.003377 	 0.031982
3.345419 	 7.223389 	 0.001140 	 0.030670
3.294209 	 7.213501 	 0.002642 	 0.030151
3.249797 	 7.218353 	 0.001001 	 0.030182
3.200853 	 7.209473 	 0.003004 	 0.029602
3.154175 	 7.211609 	 0.001353 	 0.030396
3.111122 	 7.209290 	 0.002674 	 0.028931
3.064444 	 7.226929 	 0.003217 	 0.032288
3.019125 	 7.221405 	 0.003292 	 0.031708
2.971088 	 7.215576 	 0.002525 	 0.033813
2.926222 	 7.218323 	 0.002919 	 0.033081
2.877731 	 7.219482 	 0.002035 	 0.030396
2.833772 	 7.215698 	 0.002184 	 0.030823
2.784375 	 7.208069 	 0.003377 	 0.030457
2.738150 	 7.208679 	 0.001726 	 0.029694
2.693738 	 7.199524 	 0.003483 	 0.031616
2.646606 	 7.205963 	 0.003483 	 0.031982
2.602194 	 7.214600 	 0.002482 	 0.033234
2.555516 	 7.202850 	 0.002631 	 0.033508
2.508838 	 7.212708 	 0.003675 	 0.032898
2.463972 	 7.205170 	 0.003217 	 0.035034
2.412762 	 7.209686 	 0.005145 	 0.036255
2.368803 	 7.209503 	 0.001598 	 0.032410
2.322125 	 7.215118 	 0.003824 	 0.032837
2.272728 	 7.197601 	 0.002663 	 0.031586
2.229675 	 7.214661 	 0.003526 	 0.030609
2.185716 	 7.203552 	 0.003760 	 0.032684
2.138132 	 7.210480 	 0.003206 	 0.032623
2.089641 	 7.196259 	 0.003047 	 0.032410
2.043416 	 7.208588 	 0.003569 	 0.033539
1.996738 	 7.209503 	 0.002418 	 0.031036
1.950513 	 7.200714 	 0.003132 	 0.031586
1.901569 	 7.206482 	 0.005049 	 0.035980
1.856703 	 7.208771 	 0.004442 	 0.036804
1.810478 	 7.209503 	 0.005582 	 0.038208
1.763347 	 7.206573 	 0.004602 	 0.036774
1.718481 	 7.207581 	 0.003494 	 0.034912
1.674522 	 7.204071 	 0.004506 	 0.035706
1.623766 	 7.214752 	 0.004463 	 0.035095
1.577994 	 7.200562 	 0.002386 	 0.033875
1.530409 	 7.200531 	 0.004879 	 0.034882
1.485997 	 7.196747 	 0.003814 	 0.034790
1.440678 	 7.203705 	 0.003952 	 0.035950
1.395813 	 7.038513 	 0.029050 	 0.062347
1.343243 	 7.019592 	 0.031926 	 0.088226
1.300644 	 7.004547 	 0.037806 	 0.105804
1.254419 	 7.000519 	 0.037018 	 0.113922
1.207288 	 6.999542 	 0.039521 	 0.121368
1.160156 	 6.985504 	 0.038712 	 0.123627
1.113478 	 6.995880 	 0.041726 	 0.129211
1.066800 	 6.982819 	 0.043165 	 0.134644
1.021935 	 6.990662 	 0.044922 	 0.137665
0.974803 	 6.979340 	 0.044123 	 0.140503
0.928125 	 6.972290 	 0.046840 	 0.142792
0.882806 	 6.964752 	 0.045774 	 0.143768
0.832503 	 6.953461 	 0.048459 	 0.148437
0.788544 	 6.945343 	 0.054286 	 0.156464
0.742319 	 6.943878 	 0.048992 	 0.157990
0.695641 	 6.934418 	 0.050408 	 0.157227
0.648509 	 6.920074 	 0.053327 	 0.161133
0.604550 	 6.878540 	 0.054637 	 0.164734
0.556966 	 6.872498 	 0.051697 	 0.162781
0.513913 	 6.846527 	 0.055074 	 0.165833
0.463156 	 6.816895 	 0.057226 	 0.170929
0.417384 	 6.778534 	 0.055681 	 0.172180
0.370706 	 6.719147 	 0.053945 	 0.169403
0.323575 	 6.595459 	 0.062989 	 0.178070
0.273271 	 6.610565 	 0.058781 	 0.182312
0.233844 	 6.513580 	 0.067580 	 0.190796
0.187166 	 6.151459 	 0.087085 	 0.221008
0.139128 	 6.040375 	 0.087842 	 0.240417
0.091544 	 5.938568 	 0.099134 	 0.261047
0.046678 	 5.733215 	 0.108007 	 0.285339
0.000000 	 5.372070 	 0.137451 	 0.329529
0.048038 	 5.543152 	 0.125957 	 0.350769
0.092450 	 5.565277 	 0.123134 	 0.350708
0.138675 	 6.151917 	 0.073983 	 0.298950
0.185806 	 6.320312 	 0.073588 	 0.254761
0.231125 	 6.422180 	 0.068891 	 0.231964
0.280069 	 6.497955 	 0.069540 	 0.220154
0.327654 	 6.610718 	 0.064193 	 0.210358
0.370253 	 6.676117 	 0.058483 	 0.196198
0.416931 	 6.713531 	 0.056843 	 0.186005
0.462703 	 6.708435 	 0.058100 	 0.183472
0.510287 	 6.709503 	 0.057364 	 0.180206
0.556966 	 6.837738 	 0.056864 	 0.177307
0.604550 	 6.875153 	 0.052507 	 0.171997
0.649416 	 6.899750 	 0.057876 	 0.171997
0.694281 	 6.901550 	 0.060038 	 0.177734
0.745038 	 6.916901 	 0.061785 	 0.182831
0.788091 	 6.915680 	 0.059207 	 0.184052
0.836128 	 6.925873 	 0.053785 	 0.179108
0.880994 	 6.946625 	 0.051218 	 0.170471
0.929031 	 6.959473 	 0.047660 	 0.161926
0.975710 	 6.970825 	 0.047884 	 0.156006
1.021935 	 6.971863 	 0.046882 	 0.152679
1.067706 	 6.965973 	 0.045529 	 0.147430
1.115291 	 6.979462 	 0.041993 	 0.143005
1.163329 	 6.993744 	 0.040533 	 0.137054
1.208194 	 6.990417 	 0.039425 	 0.133026
1.252153 	 6.993134 	 0.039457 	 0.132233
1.301550 	 6.988831 	 0.037487 	 0.129608
1.344150 	 7.004730 	 0.036017 	 0.126404
1.392187 	 7.003632 	 0.042025 	 0.129730
1.437959 	 7.011658 	 0.034152 	 0.126251
1.486450 	 7.006470 	 0.032203 	 0.118256
1.532675 	 7.001770 	 0.034419 	 0.116394
1.579807 	 7.024445 	 0.032608 	 0.113678
1.623312 	 7.020630 	 0.034706 	 0.114288
1.670897 	 7.050598 	 0.033204 	 0.113129
1.716216 	 7.041565 	 0.036091 	 0.117035
1.764706 	 7.064667 	 0.031500 	 0.113770
1.812291 	 7.058502 	 0.034376 	 0.114532
1.857610 	 7.076721 	 0.034557 	 0.115723
1.904288 	 7.076324 	 0.036421 	 0.118896
1.950966 	 7.067352 	 0.034536 	 0.118256
1.994472 	 7.068512 	 0.038573 	 0.122284
2.043416 	 7.065735 	 0.034014 	 0.119141
2.089641 	 7.074615 	 0.036187 	 0.119476
2.137225 	 7.089203 	 0.031542 	 0.115967
2.181638 	 7.099487 	 0.032331 	 0.111664
2.229222 	 7.103333 	 0.033087 	 0.112305
2.273634 	 7.112976 	 0.028453 	 0.107544
2.322578 	 7.131531 	 0.029039 	 0.103546
2.367444 	 7.120544 	 0.035580 	 0.109070
2.413216 	 7.119720 	 0.029305 	 0.106934
2.460800 	 7.180359 	 0.005305 	 0.077728
2.507025 	 7.208527 	 0.004016 	 0.054993
2.550984 	 7.211792 	 0.002397 	 0.042969
2.601288 	 7.212860 	 0.002727 	 0.036560
2.647966 	 7.219635 	 0.001395 	 0.031647
2.692831 	 7.213470 	 0.002961 	 0.032501
2.738150 	 7.207672 	 0.002599 	 0.031464
2.785281 	 7.204712 	 0.002514 	 0.031891
2.831506 	 7.200500 	 0.001981 	 0.031006
2.877278 	 7.199493 	 0.000927 	 0.030090
2.923503 	 7.199738 	 0.001662 	 0.029266
2.971541 	 7.218719 	 0.001555 	 0.028015
3.015500 	 7.214813 	 0.002205 	 0.029999
3.062178 	 7.211761 	 0.001481 	 0.030518
3.112029 	 7.200653 	 0.001204 	 0.029327
3.154628 	 7.223877 	 0.001481 	 0.027710
3.204932 	 7.203400 	 0.000565 	 0.027496
3.247531 	 7.221771 	 0.002003 	 0.027313
3.295569 	 7.197906 	 0.004037 	 0.030365
3.340887 	 7.210724 	 0.001534 	 0.030151
3.390738 	 7.215790 	 0.004059 	 0.033813
3.438322 	 7.214844 	 0.002194 	 0.032837
3.483641 	 7.208557 	 0.001843 	 0.032379
3.526241 	 7.213806 	 0.003590 	 0.032837
3.574278 	 7.209839 	 0.003100 	 0.033600
3.620956 	 7.209137 	 0.002653 	 0.031952
3.668541 	 7.218781 	 0.001917 	 0.030609
3.712047 	 7.211670 	 0.001385 	 0.030029
3.762804 	 7.212280 	 0.003057 	 0.031403
3.808575 	 7.216400 	 0.001172 	 0.028290
3.851175 	 7.206055 	 0.002067 	 0.029541
3.902838 	 7.218719 	 0.001811 	 0.028320
3.946797 	 7.193634 	 0.002386 	 0.029663
3.991663 	 7.216553 	 0.001502 	 0.029938
4.040607 	 7.208649 	 0.003281 	 0.030518
4.086378 	 7.216553 	 0.000341 	 0.028961
4.128978 	 7.213654 	 0.002152 	 0.028839
4.179735 	 7.213043 	 0.002802 	 0.030426
4.224600 	 7.223602 	 0.001140 	 0.030609
4.270825 	 7.205078 	 0.004048 	 0.031738
4.317957 	 7.224396 	 0.002003 	 0.030548
4.363275 	 7.209381 	 0.003111 	 0.031647
4.409500 	 7.211700 	 0.000192 	 0.029358
4.457538 	 7.206116 	 0.001438 	 0.028442
4.504216 	 7.218689 	 0.001364 	 0.027069
4.550894 	 7.213715 	 0.003462 	 0.031067
4.594400 	 7.204987 	 0.000852 	 0.029816
4.640625 	 7.213562 	 0.001385 	 0.028839
4.688663 	 7.210449 	 -0.000224 	 0.026886
4.735794 	 7.202759 	 0.001023 	 0.026947
4.784285 	 7.215271 	 0.002088 	 0.027588
4.829150 	 7.211945 	 0.000607 	 0.028076
4.873563 	 7.212830 	 0.001438 	 0.027527

 Z Turning Point (V) = 3.430298 
 Turning Time Delay (ms) = 0 
 SEN (V) =  
 App. Driving Voltage (mVrms) = 0.307000 
 App. Vias. Voltage (V) = 0.000000 
 App. Del Z (Bit) = -10 
 App. Delay Time (ms) = 500 
 App. Velocity (nm/s) = -0.090639 
 Ret. Driving Voltage (mVrms) = 0.307000 
 Ret. Vias. Voltage (V) = 0.000000 
 Ret. Del Z (Bit) = -10 
 Ret. Delay Time (ms) = 500 
 Ret. Velocity (nm/s) = -0.090639 
  
 Data Array Size = 200 
 Frequency (Hz) = sen.
 
