5.936284 	 7.209595 	 0.003973 	 0.036316
5.887793 	 7.211914 	 0.003132 	 0.034851
5.842021 	 7.201660 	 0.004985 	 0.034821
5.798062 	 7.213348 	 0.003537 	 0.035522
5.747758 	 7.208679 	 0.003686 	 0.034058
5.702893 	 7.202789 	 0.002589 	 0.032593
5.659387 	 7.203491 	 0.002780 	 0.032593
5.610443 	 7.200806 	 0.001981 	 0.031006
5.566937 	 7.199402 	 0.003888 	 0.032959
5.517540 	 7.200287 	 0.003068 	 0.033508
5.470409 	 7.210358 	 0.003750 	 0.032349
5.428716 	 7.206482 	 0.002993 	 0.032562
5.381131 	 7.202972 	 0.003878 	 0.033813
5.333546 	 7.219879 	 0.003164 	 0.034088
5.287775 	 7.206787 	 0.003707 	 0.033508
5.240190 	 7.203156 	 0.004059 	 0.032745
5.193512 	 7.193481 	 0.004293 	 0.032654
5.145927 	 7.213715 	 0.003079 	 0.032318
5.100609 	 7.196930 	 0.004048 	 0.033081
5.054384 	 7.215881 	 0.003228 	 0.034393
5.009065 	 7.207489 	 0.003558 	 0.032349
4.964200 	 7.206818 	 0.005316 	 0.035706
4.914803 	 7.209808 	 0.001683 	 0.031921
4.868578 	 7.204681 	 0.004197 	 0.032013
4.824619 	 7.199707 	 0.004378 	 0.034363
4.775674 	 7.201996 	 0.004698 	 0.034851
4.729903 	 7.205505 	 0.004900 	 0.037720
4.686397 	 7.210632 	 0.003366 	 0.034821
4.633827 	 7.196686 	 0.003217 	 0.030396
4.591681 	 7.206635 	 0.004378 	 0.033508
4.543643 	 7.203369 	 0.003601 	 0.032959
4.500591 	 7.200989 	 0.003675 	 0.034058
4.450287 	 7.198792 	 0.003803 	 0.033142
4.408141 	 7.208557 	 0.004176 	 0.033356
4.357384 	 7.212097 	 0.001044 	 0.031158
4.310252 	 7.200775 	 0.004453 	 0.032959
4.266293 	 7.200531 	 0.002631 	 0.034882
4.220068 	 7.209473 	 0.003973 	 0.034912
4.172484 	 7.203400 	 0.002812 	 0.033600
4.126712 	 7.205902 	 0.002312 	 0.031982
4.077768 	 7.208832 	 0.003377 	 0.031952
4.032903 	 7.197601 	 0.004176 	 0.033539
3.987584 	 7.206909 	 0.004101 	 0.034424
3.938640 	 7.196625 	 0.003121 	 0.033142
3.893774 	 7.216553 	 0.003111 	 0.032990
3.847549 	 7.205658 	 0.003856 	 0.033447
3.799512 	 7.198334 	 0.003398 	 0.032990
3.757819 	 7.202820 	 0.002961 	 0.032593
3.709781 	 7.205841 	 0.004677 	 0.032135
3.664009 	 7.206543 	 0.004421 	 0.034210
3.616878 	 7.216553 	 0.004282 	 0.034790
3.571559 	 7.203766 	 0.004155 	 0.034790
3.527147 	 7.199585 	 0.003057 	 0.034851
3.478656 	 7.201996 	 0.004165 	 0.033081
3.431978 	 7.217224 	 0.004240 	 0.034698
3.385300 	 7.204224 	 0.001992 	 0.032990
3.340434 	 7.209534 	 0.003356 	 0.033386
3.295569 	 7.199097 	 0.003973 	 0.032898
3.248438 	 7.197998 	 0.003728 	 0.033997
3.201306 	 7.200531 	 0.003057 	 0.033081
3.151003 	 7.209808 	 0.004751 	 0.032776
3.107497 	 7.197754 	 0.003984 	 0.035278
3.060365 	 7.199860 	 0.004165 	 0.034790
3.014140 	 7.204865 	 0.002439 	 0.034119
2.968369 	 7.204376 	 0.004336 	 0.036530
2.923050 	 7.207092 	 0.004250 	 0.036133
2.873653 	 7.215912 	 0.003611 	 0.033752
2.831053 	 7.211853 	 0.003654 	 0.034424
2.783015 	 7.196991 	 0.004506 	 0.035248
2.734978 	 7.206482 	 0.004623 	 0.034241
2.690565 	 7.200836 	 0.003899 	 0.031494
2.640262 	 7.195129 	 0.003601 	 0.033478
2.596756 	 7.200623 	 0.003451 	 0.033875
2.550531 	 7.205933 	 0.002045 	 0.032379
2.502946 	 7.198486 	 0.004527 	 0.032776
2.456268 	 7.202881 	 0.002642 	 0.032532
2.407777 	 7.206635 	 0.003185 	 0.033051
2.362459 	 7.193481 	 0.005081 	 0.034790
2.317593 	 7.203979 	 0.003185 	 0.034058
2.270915 	 7.203094 	 0.003590 	 0.032715
2.224237 	 7.203094 	 0.004101 	 0.034271
2.177559 	 7.187012 	 0.003068 	 0.032776
2.133147 	 7.204224 	 0.002993 	 0.032471
2.086469 	 7.192596 	 0.002525 	 0.032318
2.037071 	 7.206512 	 0.003111 	 0.030701
1.992206 	 7.199402 	 0.003111 	 0.032379
1.945074 	 7.203156 	 0.003856 	 0.033508
1.896130 	 7.054535 	 0.031276 	 0.062897
1.853531 	 7.066467 	 0.028634 	 0.085083
1.804587 	 7.032806 	 0.026706 	 0.091705
1.764253 	 7.049744 	 0.026035 	 0.093201
1.714856 	 7.038574 	 0.025407 	 0.092804
1.669084 	 7.040833 	 0.027239 	 0.093811
1.622406 	 7.029541 	 0.026791 	 0.094604
1.573915 	 7.035492 	 0.026898 	 0.094696
1.530862 	 7.017365 	 0.029827 	 0.098053
1.481465 	 7.025360 	 0.028144 	 0.097534
1.434787 	 7.015930 	 0.027335 	 0.097595
1.389468 	 7.018524 	 0.032810 	 0.102753
1.343697 	 7.011627 	 0.030232 	 0.103699
1.295659 	 7.028473 	 0.031266 	 0.106506
1.251247 	 6.996552 	 0.029923 	 0.105438
1.205928 	 7.013397 	 0.030179 	 0.105194
1.156078 	 6.981720 	 0.028688 	 0.104523
1.110306 	 6.984314 	 0.028741 	 0.102478
1.064534 	 6.982574 	 0.028538 	 0.099548
1.016496 	 6.977753 	 0.034845 	 0.106232
0.972084 	 6.983612 	 0.033236 	 0.112305
0.925859 	 6.964996 	 0.031052 	 0.109833
0.881447 	 6.952484 	 0.035654 	 0.112274
0.833409 	 6.951813 	 0.040405 	 0.120636
0.786278 	 6.948456 	 0.040853 	 0.126648
0.741866 	 6.940796 	 0.045465 	 0.134705
0.692921 	 6.924957 	 0.047372 	 0.142822
0.646696 	 6.896942 	 0.048182 	 0.148499
0.602737 	 6.877777 	 0.046286 	 0.147949
0.555606 	 6.854889 	 0.051442 	 0.153259
0.509381 	 6.850494 	 0.049727 	 0.155090
0.459531 	 6.774933 	 0.055330 	 0.159607
0.411946 	 6.747681 	 0.055799 	 0.166443
0.366174 	 6.724609 	 0.053913 	 0.166840
0.322215 	 6.668518 	 0.060400 	 0.174469
0.274631 	 6.617676 	 0.060432 	 0.178558
0.229312 	 6.557007 	 0.064022 	 0.186737
0.183994 	 6.419220 	 0.069509 	 0.195587
0.137315 	 6.247559 	 0.072566 	 0.206512
0.087918 	 5.958160 	 0.097365 	 0.236603
0.040334 	 5.948364 	 0.088204 	 0.252289
0.000000 	 5.369202 	 0.149744 	 0.318390
0.040334 	 6.041473 	 0.086830 	 0.307129
0.090637 	 6.223480 	 0.079224 	 0.269928
0.135049 	 6.345612 	 0.073301 	 0.242523
0.180368 	 6.278351 	 0.077370 	 0.234497
0.227953 	 6.345398 	 0.071170 	 0.224365
0.275990 	 6.415253 	 0.063213 	 0.210205
0.323575 	 6.655518 	 0.056608 	 0.191437
0.370706 	 6.756836 	 0.053167 	 0.178986
0.415572 	 6.816681 	 0.051974 	 0.169403
0.458624 	 6.814301 	 0.053338 	 0.166870
0.507115 	 6.860657 	 0.052816 	 0.165955
0.553340 	 6.884888 	 0.049716 	 0.161224
0.598206 	 6.897583 	 0.048395 	 0.156647
0.646696 	 6.935516 	 0.045423 	 0.150391
0.691109 	 6.940796 	 0.044038 	 0.146423
0.739600 	 6.957733 	 0.042888 	 0.143494
0.783559 	 6.951691 	 0.039276 	 0.137238
0.831596 	 6.961945 	 0.039021 	 0.132843
0.876915 	 6.968811 	 0.036837 	 0.126923
0.924046 	 6.963745 	 0.038563 	 0.127106
0.967552 	 6.970551 	 0.033918 	 0.122162
1.021481 	 6.983643 	 0.032214 	 0.116028
1.068613 	 6.996155 	 0.030914 	 0.111694
1.108946 	 6.991821 	 0.033290 	 0.110382
1.156531 	 7.008789 	 0.033545 	 0.111572
1.204568 	 7.003479 	 0.030254 	 0.110901
1.249434 	 7.013397 	 0.028634 	 0.103668
1.296112 	 7.014648 	 0.028751 	 0.102905
1.342790 	 7.026825 	 0.032533 	 0.106995
1.392641 	 7.027557 	 0.029050 	 0.105927
1.436600 	 7.022797 	 0.029838 	 0.103210
1.481012 	 7.038391 	 0.030062 	 0.104095
1.528143 	 7.037598 	 0.034781 	 0.108612
1.577994 	 7.036835 	 0.028720 	 0.106995
1.618781 	 7.052368 	 0.030136 	 0.105377
1.667725 	 7.058319 	 0.031415 	 0.104279
1.711684 	 7.059570 	 0.029348 	 0.104889
1.761987 	 7.056458 	 0.030786 	 0.104523
1.808665 	 7.066681 	 0.029167 	 0.104401
1.853078 	 7.059723 	 0.028847 	 0.103699
1.898849 	 7.058716 	 0.030807 	 0.103607
1.945981 	 7.083344 	 0.029273 	 0.103088
1.990393 	 7.084869 	 0.032853 	 0.106201
2.037524 	 7.084503 	 0.031255 	 0.108215
2.085562 	 7.080780 	 0.029657 	 0.105164
2.132240 	 7.099823 	 0.026333 	 0.100861
2.177106 	 7.113403 	 0.025534 	 0.095551
2.222878 	 7.109863 	 0.027196 	 0.095367
2.270915 	 7.105988 	 0.023873 	 0.093567
2.318047 	 7.101440 	 0.022104 	 0.089478
2.362912 	 7.110748 	 0.022285 	 0.086273
2.410043 	 7.121582 	 0.023084 	 0.085236
2.457175 	 7.126556 	 0.023521 	 0.085449
2.504306 	 7.139648 	 0.019239 	 0.082031
2.550078 	 7.140778 	 0.021731 	 0.081146
2.596303 	 7.153961 	 0.020410 	 0.079315
2.642981 	 7.147949 	 0.019153 	 0.079102
2.691019 	 7.156860 	 0.017928 	 0.075378
2.733618 	 7.170776 	 0.016671 	 0.072754
2.779843 	 7.200043 	 0.003249 	 0.055511
2.831506 	 7.203674 	 0.002748 	 0.044006
2.872293 	 7.215759 	 0.003025 	 0.037201
2.920784 	 7.199677 	 0.003611 	 0.035126
2.968822 	 7.197906 	 0.002738 	 0.033722
3.013687 	 7.209320 	 0.003984 	 0.033813
3.060365 	 7.199615 	 0.003164 	 0.033600
3.107497 	 7.202576 	 0.003015 	 0.033356
3.155081 	 7.203827 	 0.004112 	 0.032959
3.199947 	 7.206696 	 0.002791 	 0.033112
3.247531 	 7.205688 	 0.002834 	 0.031281
3.293303 	 7.205933 	 0.002993 	 0.032776
3.341341 	 7.198883 	 0.003441 	 0.032715
3.387112 	 7.213745 	 0.001758 	 0.031769
3.431978 	 7.213196 	 0.003153 	 0.031158
3.477296 	 7.209625 	 0.004112 	 0.035095
3.526694 	 7.206207 	 0.004815 	 0.035675
3.570200 	 7.199738 	 0.004048 	 0.035645
3.621410 	 7.204620 	 0.004442 	 0.035645
3.665822 	 7.204895 	 0.002226 	 0.034515
3.709781 	 7.213593 	 0.004112 	 0.034637
3.754646 	 7.206787 	 0.001182 	 0.031647
3.798605 	 7.200592 	 0.002706 	 0.029388
3.848003 	 7.206940 	 0.003569 	 0.030884
3.894228 	 7.200714 	 0.005145 	 0.034485
3.939093 	 7.203613 	 0.002162 	 0.031952
3.987584 	 7.203552 	 0.002855 	 0.030884
4.031543 	 7.205688 	 0.003132 	 0.031586
4.078221 	 7.213715 	 0.002674 	 0.031708
4.126259 	 7.205811 	 0.004091 	 0.034271
4.170671 	 7.206696 	 0.003483 	 0.033783
4.218709 	 7.196075 	 0.003324 	 0.034027
4.265387 	 7.205841 	 0.002482 	 0.032440
4.311159 	 7.208923 	 0.004186 	 0.034515
4.358290 	 7.198761 	 0.004112 	 0.034790
4.406328 	 7.208923 	 0.002993 	 0.033691
4.454819 	 7.210663 	 0.004485 	 0.035675
4.496965 	 7.197662 	 0.004495 	 0.036041
4.541830 	 7.205719 	 0.004016 	 0.034698
4.593494 	 7.209534 	 0.003910 	 0.035400

 Z Turning Point (V) = 1.503357 
 Turning Time Delay (ms) = 0 
 SEN (V) =  
 App. Driving Voltage (mVrms) = 0.307000 
 App. Vias. Voltage (V) = 0.000000 
 App. Del Z (Bit) = -10 
 App. Delay Time (ms) = 500 
 App. Velocity (nm/s) = -0.090639 
 Ret. Driving Voltage (mVrms) = 0.307000 
 Ret. Vias. Voltage (V) = 0.000000 
 Ret. Del Z (Bit) = -10 
 Ret. Delay Time (ms) = 500 
 Ret. Velocity (nm/s) = -0.090639 
  
 Data Array Size = 228 
 Frequency (Hz) = sen.
 
