26.224516 	 4.034698 	 -0.007670 	 0.015625
26.176932 	 4.140289 	 0.008266 	 0.024780
26.129800 	 4.194855 	 -0.002067 	 0.025482
26.085388 	 4.306335 	 0.012559 	 0.035797
26.041882 	 4.239044 	 -0.036869 	 -0.005432
25.991125 	 4.232422 	 0.010972 	 0.006866
25.945807 	 4.223419 	 -0.000128 	 0.018280
25.899582 	 4.207977 	 0.023084 	 0.044373
25.851997 	 4.279510 	 -0.032736 	 0.007385
25.805319 	 4.194122 	 -0.001630 	 0.001099
25.760907 	 4.254303 	 -0.014839 	 -0.003387
25.715135 	 4.193207 	 -0.033833 	 -0.029663
25.666191 	 4.247650 	 -0.015010 	 -0.029297
25.622685 	 4.247314 	 0.013667 	 0.006653
25.576007 	 4.272888 	 -0.005625 	 0.014740
25.526610 	 4.178284 	 -0.026493 	 -0.011139
25.481291 	 4.074158 	 0.040970 	 0.038727
25.435519 	 4.168182 	 0.000746 	 0.048828
25.387482 	 4.202148 	 -0.003665 	 0.029816
25.339897 	 4.206390 	 -0.002503 	 0.021881
25.295485 	 4.288116 	 0.016799 	 0.039185
25.248807 	 4.263153 	 0.017801 	 0.055908
25.202582 	 4.162872 	 0.014466 	 0.060486
25.156810 	 4.165497 	 -0.010983 	 0.034637
25.107413 	 4.106537 	 -0.002152 	 0.021301
25.062094 	 4.235046 	 0.003910 	 0.025879
25.017682 	 4.245087 	 0.001257 	 0.027008
24.974176 	 4.100769 	 -0.017524 	 0.006256
24.923872 	 4.201263 	 -0.005497 	 0.002930
24.874928 	 4.210327 	 0.023596 	 0.036530
24.831876 	 4.214569 	 0.005795 	 0.044861
24.781572 	 4.235260 	 -0.003611 	 0.030426
24.738519 	 4.155457 	 0.011281 	 0.036804
24.693201 	 4.239319 	 -0.024863 	 0.008423
24.646523 	 4.232208 	 -0.008820 	 -0.002289
24.601204 	 4.172150 	 -0.016043 	 -0.008423
24.554073 	 4.263611 	 -0.034365 	 -0.033295
24.508301 	 4.126404 	 -0.004229 	 -0.021057
24.459810 	 4.284180 	 -0.001481 	 -0.002136
24.413132 	 4.114349 	 0.002269 	 0.012665
24.366907 	 4.150513 	 0.013476 	 0.033325
24.321135 	 4.150299 	 0.026866 	 0.061188
24.275816 	 4.266083 	 -0.002365 	 0.048248
24.228685 	 4.143707 	 0.008693 	 0.042511
24.181554 	 4.139893 	 -0.011004 	 0.023315
24.133516 	 4.119415 	 -0.014093 	 0.003510
24.088651 	 4.265259 	 0.012442 	 0.021210
24.037894 	 4.229553 	 -0.009033 	 0.017242
23.995294 	 4.201172 	 0.018003 	 0.035278
23.947256 	 4.162689 	 -0.015851 	 0.018555
23.901031 	 4.101135 	 -0.016565 	 -0.002991
23.856619 	 4.217682 	 -0.008938 	 -0.004547
23.809488 	 4.063141 	 0.026237 	 0.033447
23.761903 	 4.052521 	 0.013007 	 0.051910
23.716132 	 4.119263 	 -0.012016 	 0.028778
23.669453 	 4.260071 	 -0.032373 	 -0.013184
23.624135 	 4.124512 	 -0.000224 	 -0.006531
23.579269 	 4.121246 	 0.027803 	 0.039246
23.533951 	 4.092407 	 0.029710 	 0.072357
23.483647 	 4.133209 	 -0.000117 	 0.056366
23.440594 	 4.209625 	 -0.006615 	 0.031281
23.392104 	 4.148804 	 0.016107 	 0.041260
23.343613 	 4.176758 	 -0.012922 	 0.023468
23.299200 	 4.196228 	 -0.000149 	 0.017975
23.250710 	 4.264374 	 -0.016714 	 0.003143
23.204485 	 4.284363 	 0.010472 	 0.018829
23.160979 	 4.307251 	 0.029465 	 0.056427
23.115660 	 4.245972 	 -0.002876 	 0.045441
23.068529 	 4.210937 	 -0.001438 	 0.029968
23.019585 	 4.147552 	 0.009950 	 0.036652
22.972453 	 4.120392 	 -0.032128 	 0.000061
22.927588 	 4.200226 	 -0.003260 	 -0.003571
22.882269 	 4.195435 	 0.001289 	 0.010895
22.837404 	 4.260590 	 0.013497 	 0.031891
22.789819 	 4.085266 	 0.013103 	 0.045532
22.741328 	 4.237549 	 0.010067 	 0.049164
22.694650 	 4.268188 	 -0.016725 	 0.021545
22.649332 	 4.288055 	 0.001204 	 0.016388
22.603560 	 4.068115 	 -0.006456 	 0.014099
22.558241 	 4.165314 	 -0.023031 	 -0.007690
22.511110 	 4.200867 	 -0.019729 	 -0.020599
22.462166 	 4.193878 	 0.023308 	 0.020508
22.415488 	 4.126312 	 -0.000096 	 0.030975
22.374248 	 4.203766 	 -0.012996 	 0.012970
22.323944 	 4.148285 	 0.006701 	 0.019775
22.277719 	 4.177307 	 -0.005497 	 0.018433
22.233760 	 4.177368 	 0.000330 	 0.018524
22.184363 	 4.173340 	 0.026823 	 0.049713
22.138591 	 4.266052 	 -0.007191 	 0.037994
22.090100 	 4.041168 	 -0.019505 	 0.005646
22.049313 	 4.309418 	 0.010056 	 0.018402
22.000822 	 4.250000 	 0.008245 	 0.034576
21.950972 	 4.174377 	 0.024757 	 0.057648
21.906560 	 4.280182 	 -0.002567 	 0.045807
21.860788 	 4.231445 	 -0.007862 	 0.024567
21.812297 	 4.214447 	 -0.003388 	 0.016602
21.769698 	 4.148163 	 0.017534 	 0.037842
21.719847 	 4.132263 	 0.017055 	 0.054779
21.678154 	 4.232178 	 -0.001768 	 0.042480
21.629210 	 4.124664 	 -0.037369 	 -0.008331
21.580719 	 4.115112 	 -0.014935 	 -0.021912
21.536307 	 4.111359 	 -0.019707 	 -0.023132
21.489175 	 4.127167 	 0.011526 	 0.006592
21.444763 	 4.131226 	 -0.008533 	 0.011169
21.395366 	 4.246429 	 -0.013806 	 0.000549
21.348688 	 4.168396 	 -0.011569 	 -0.004089
21.303822 	 4.135132 	 -0.007989 	 -0.001678
21.257144 	 4.073578 	 0.009342 	 0.017700
21.211372 	 4.173035 	 0.007105 	 0.031067
21.163788 	 4.119293 	 0.001534 	 0.031158
21.118016 	 4.172180 	 0.010738 	 0.038605
21.074057 	 4.117126 	 0.001268 	 0.035950
21.025113 	 4.069275 	 -0.009161 	 0.019073
20.979794 	 4.145966 	 0.015627 	 0.034546
20.932210 	 4.135101 	 -0.008458 	 0.025269
20.886891 	 4.160309 	 0.011547 	 0.032166
20.838853 	 4.073578 	 -0.000991 	 0.030670
20.796707 	 4.154266 	 -0.008565 	 0.016846
20.750029 	 4.171844 	 0.012698 	 0.030945
20.699725 	 4.131165 	 -0.006360 	 0.024170
20.653500 	 4.237518 	 0.006690 	 0.028473
20.608635 	 4.196716 	 -0.015904 	 0.011139
20.562410 	 4.099365 	 -0.023873 	 -0.013062
20.514372 	 4.111328 	 0.008490 	 0.005310
20.467241 	 4.083954 	 0.003281 	 0.021606
20.417844 	 4.380219 	 -0.003196 	 0.021362
20.374338 	 4.192413 	 0.017151 	 0.039337
20.331285 	 4.127441 	 -0.003419 	 0.033813
20.281435 	 4.137817 	 -0.011484 	 0.014008
20.234756 	 4.081177 	 0.031841 	 0.047058
20.190344 	 4.287170 	 0.017012 	 0.064209
20.142760 	 4.206604 	 0.004421 	 0.052826
20.098347 	 4.105133 	 0.023287 	 0.063202
20.051669 	 4.115204 	 0.040821 	 0.094879
20.002725 	 4.254242 	 0.018472 	 0.089386
19.958766 	 4.047089 	 -0.002716 	 0.056976
19.913901 	 4.130310 	 0.012570 	 0.050659
19.864503 	 4.140320 	 0.014765 	 0.057617
19.820091 	 4.238586 	 0.010013 	 0.054749
19.770694 	 4.132111 	 -0.002248 	 0.039154
19.725375 	 4.079254 	 0.018674 	 0.048553
19.680057 	 4.188141 	 -0.035431 	 0.005188
19.632019 	 4.007324 	 -0.015766 	 -0.015350
19.584435 	 4.151428 	 -0.035164 	 -0.036743
19.539116 	 4.240387 	 0.006562 	 -0.010254
19.494704 	 4.252136 	 0.022147 	 0.034027
19.447119 	 4.233246 	 0.035239 	 0.074280
19.400894 	 4.232300 	 -0.007052 	 0.051910
19.353763 	 4.164185 	 -0.004591 	 0.029266
19.307538 	 4.053192 	 0.036379 	 0.063385
19.260406 	 4.124969 	 -0.028464 	 0.026764
19.212369 	 4.220520 	 -0.010365 	 0.004211
19.171129 	 4.300537 	 0.013934 	 0.025574
19.122185 	 4.120239 	 -0.012943 	 0.016876
19.075507 	 4.290436 	 -0.002354 	 0.012939
19.027469 	 4.184174 	 0.004325 	 0.021606
18.981697 	 4.251587 	 0.003654 	 0.028259
18.933659 	 4.171448 	 -0.023894 	 0.001160
18.888341 	 4.194275 	 -0.013859 	 -0.010284
18.842116 	 4.235413 	 -0.022914 	 -0.021606
18.796344 	 4.116180 	 0.020048 	 0.014099
18.751479 	 4.192169 	 0.015468 	 0.043457
18.701628 	 4.203491 	 0.015010 	 0.054169
18.656763 	 4.186279 	 0.004069 	 0.047668
18.613257 	 4.145935 	 0.009396 	 0.045776
18.566125 	 4.014465 	 -0.024405 	 0.011200
18.516728 	 4.163452 	 -0.007340 	 0.001099
18.472769 	 4.216187 	 -0.027303 	 -0.018890
18.426997 	 4.010376 	 0.010120 	 0.003998
18.380319 	 4.149231 	 0.001609 	 0.020416
18.330922 	 4.243317 	 0.005806 	 0.029083
18.285150 	 4.196594 	 -0.007840 	 0.019470
18.238472 	 4.163269 	 0.030413 	 0.049988
18.191341 	 4.132111 	 0.003313 	 0.050934
18.146475 	 4.130402 	 -0.023393 	 0.011444
18.100703 	 4.181122 	 -0.042057 	 -0.035858
18.054932 	 4.255859 	 -0.022360 	 -0.042267
18.005534 	 4.015350 	 -0.004485 	 -0.019653
17.962029 	 4.094208 	 -0.015319 	 -0.013611
17.917616 	 4.131439 	 -0.006274 	 -0.005798
17.867313 	 4.220428 	 0.016299 	 0.024933
17.825620 	 4.359558 	 -0.002738 	 0.027863
17.774863 	 4.285950 	 -0.012804 	 0.010284
17.730450 	 4.187042 	 0.001140 	 0.013306
17.683319 	 4.180969 	 -0.023606 	 -0.005585
17.634375 	 4.129059 	 -0.004495 	 -0.003387
17.592229 	 4.108093 	 -0.005017 	 0.004028
17.543285 	 4.194366 	 -0.035441 	 -0.024017
17.497060 	 4.246521 	 0.019814 	 0.007599
17.450835 	 4.115112 	 0.011057 	 0.034851
17.402797 	 4.211426 	 0.005007 	 0.039032
17.357932 	 4.273315 	 0.014562 	 0.047272
17.311707 	 4.202118 	 -0.008501 	 0.030579
17.265028 	 4.193390 	 -0.029753 	 -0.008545
17.217897 	 4.164795 	 0.000032 	 -0.001770
17.171672 	 4.189606 	 0.007744 	 0.020355
17.126353 	 4.122498 	 -0.014456 	 0.009644
17.079675 	 4.123260 	 -0.012410 	 -0.001526
17.033904 	 4.149078 	 -0.007031 	 -0.000244
16.986319 	 4.148804 	 0.004272 	 0.013580
16.939641 	 4.268250 	 0.025875 	 0.047852
16.893416 	 4.157074 	 0.013678 	 0.058044
16.847644 	 4.207397 	 -0.005081 	 0.040802
16.800060 	 4.190948 	 -0.008586 	 0.020325
16.757460 	 4.013184 	 0.005060 	 0.024200
16.708516 	 4.187897 	 0.020229 	 0.047058
16.662744 	 4.042755 	 -0.012900 	 0.028229
16.614706 	 4.258759 	 0.010429 	 0.031677
16.568028 	 4.227631 	 0.015020 	 0.048615
16.524069 	 4.223358 	 -0.017566 	 0.021545
16.474219 	 4.134979 	 -0.014275 	 0.000031
16.427994 	 4.275482 	 -0.000288 	 0.007416
16.382675 	 4.214355 	 0.019462 	 0.036102
16.336903 	 4.222046 	 -0.005529 	 0.030548
16.290225 	 4.138519 	 0.013007 	 0.038513
16.244453 	 4.197144 	 -0.008501 	 0.025055
16.198682 	 4.077087 	 0.000266 	 0.020721
16.150191 	 4.137604 	 -0.007563 	 0.014465
16.106232 	 4.272919 	 -0.004549 	 0.011719
16.060007 	 4.153015 	 0.002525 	 0.018890
16.013329 	 4.217285 	 0.003132 	 0.025452
15.968916 	 4.222778 	 -0.008384 	 0.017303
15.920879 	 4.230804 	 -0.022626 	 -0.006287
15.873294 	 4.247528 	 -0.010365 	 -0.009430
15.827522 	 4.165558 	 -0.010589 	 -0.006561
15.781297 	 4.026398 	 0.000714 	 0.005981
15.733713 	 4.272461 	 0.013081 	 0.032013
15.687488 	 4.179993 	 -0.004762 	 0.027405
15.638091 	 4.273407 	 -0.015659 	 0.006409
15.594131 	 4.126343 	 -0.006892 	 0.002380
15.546094 	 4.116302 	 -0.018823 	 -0.009125
15.497603 	 4.286652 	 0.010056 	 0.011230
15.456363 	 4.140198 	 0.004698 	 0.026276
15.410138 	 4.066223 	 -0.015872 	 0.009247
15.362553 	 4.158478 	 -0.015532 	 -0.005829
15.315422 	 4.189240 	 0.005209 	 0.009735
15.268744 	 4.120728 	 -0.006530 	 0.011475
15.222066 	 4.191254 	 -0.014296 	 0.000061
15.176747 	 4.244293 	 -0.012368 	 -0.005493
15.130069 	 4.104401 	 0.019814 	 0.025146
15.085204 	 4.185699 	 -0.008948 	 0.022369
15.036713 	 4.181671 	 -0.007947 	 0.010712
14.990034 	 4.183655 	 0.013145 	 0.028351
14.943810 	 4.184082 	 -0.034035 	 -0.004852
14.897131 	 4.181305 	 -0.007020 	 -0.011017
14.851813 	 4.210937 	 0.018205 	 0.023804
14.805135 	 4.065216 	 0.017928 	 0.049194
14.758003 	 4.155548 	 0.002834 	 0.044495
14.713591 	 4.220825 	 -0.022669 	 0.010101
14.662834 	 4.060089 	 -0.014956 	 -0.006775
14.618422 	 4.279602 	 -0.034323 	 -0.031586
14.574463 	 4.109344 	 -0.007105 	 -0.022644
14.528238 	 4.099457 	 -0.011111 	 -0.011292
14.482919 	 4.205536 	 0.003622 	 0.006866
14.435335 	 4.195435 	 -0.000256 	 0.016449
14.388657 	 4.105560 	 -0.011079 	 0.007935
14.342885 	 4.099182 	 0.024256 	 0.037292
14.292581 	 4.207672 	 -0.009023 	 0.029755
14.246356 	 4.106628 	 -0.047117 	 -0.025696
14.201944 	 4.011536 	 0.002035 	 -0.014282
14.155719 	 4.288544 	 -0.008043 	 -0.001007
14.104962 	 4.175537 	 0.002653 	 0.011627
14.062816 	 4.236725 	 -0.021508 	 -0.002960
14.013872 	 4.216522 	 0.022946 	 0.026581
13.968100 	 4.184113 	 -0.022275 	 0.010895
13.920969 	 4.191711 	 0.021518 	 0.031372
13.874290 	 4.180328 	 0.005678 	 0.042633
13.831238 	 4.118225 	 -0.002109 	 0.031799
13.784560 	 4.139435 	 0.001641 	 0.028168
13.737428 	 4.029266 	 -0.008416 	 0.016998
13.690297 	 4.111206 	 0.037785 	 0.056946
13.643166 	 4.087067 	 -0.013955 	 0.038544
13.598753 	 4.074097 	 -0.017225 	 0.006256
13.551169 	 4.220551 	 -0.004900 	 0.002747
13.504037 	 4.083618 	 0.044890 	 0.059418
13.457359 	 4.182404 	 -0.026898 	 0.029419
13.410681 	 4.158081 	 -0.013678 	 0.000061
13.365816 	 4.164398 	 -0.024821 	 -0.016541
13.320950 	 4.250977 	 -0.015500 	 -0.020508
13.271100 	 4.090149 	 -0.013401 	 -0.016205
13.223062 	 4.166260 	 -0.002578 	 -0.003387
13.181369 	 4.062775 	 -0.017257 	 -0.008942
13.131972 	 4.143372 	 0.023404 	 0.026520
13.087560 	 4.247681 	 -0.009236 	 0.023437
13.037709 	 4.077881 	 -0.003569 	 0.015656
12.993750 	 4.279480 	 0.013177 	 0.032257
12.946619 	 4.069611 	 0.001097 	 0.034180
12.899940 	 4.247467 	 -0.044272 	 -0.017609
12.853716 	 4.106506 	 0.010205 	 -0.002380
12.807944 	 4.166321 	 -0.018205 	 -0.003448
12.763531 	 4.044739 	 -0.015042 	 -0.012451
12.714134 	 4.153229 	 -0.003228 	 -0.000977
12.667003 	 4.132446 	 0.011228 	 0.021423
12.622591 	 4.232697 	 -0.016501 	 0.009186
12.574100 	 4.162415 	 0.013199 	 0.023712
12.529687 	 4.176544 	 -0.025034 	 0.002716
12.481650 	 4.237427 	 -0.018376 	 -0.015137
12.435878 	 4.191406 	 -0.029934 	 -0.032410
12.389653 	 4.240295 	 0.019164 	 0.005737
12.343881 	 4.275360 	 -0.008085 	 0.015137
12.296297 	 4.121643 	 0.014392 	 0.031860
12.249619 	 4.099640 	 0.010099 	 0.043884
12.205206 	 4.233276 	 0.011579 	 0.047363
12.159888 	 4.157257 	 -0.018173 	 0.020233
12.110490 	 4.294189 	 -0.013284 	 0.000916
12.062453 	 4.106415 	 -0.006125 	 0.001678
12.017587 	 4.183838 	 -0.015702 	 -0.005341
11.975441 	 4.210571 	 -0.025843 	 -0.022339
11.929216 	 4.160156 	 -0.012304 	 -0.020569
11.880725 	 4.274628 	 -0.026269 	 -0.029022
11.833141 	 4.244568 	 -0.012048 	 -0.024048
11.786462 	 4.304199 	 0.002269 	 0.000183
11.738878 	 4.263489 	 0.005081 	 0.018860
11.695825 	 4.100891 	 0.006115 	 0.029724
11.650053 	 4.160309 	 0.000810 	 0.029236
11.602922 	 4.140472 	 -0.023681 	 0.000275
11.555791 	 4.077332 	 -0.013902 	 -0.011841
11.510472 	 4.122253 	 -0.001225 	 0.000519
11.461075 	 4.112305 	 -0.009438 	 0.002533
11.418929 	 4.129181 	 -0.032469 	 -0.023926
11.372250 	 4.080231 	 -0.014115 	 -0.025818
11.322853 	 4.148499 	 -0.032491 	 -0.038300
11.278894 	 4.213409 	 -0.004698 	 -0.021759
11.231763 	 4.266998 	 -0.008554 	 -0.007782
11.183272 	 4.240509 	 0.019803 	 0.025726
11.137953 	 4.172516 	 -0.019675 	 0.012299
11.092181 	 4.265656 	 -0.017225 	 -0.008209
11.046863 	 4.276215 	 0.001651 	 0.003296
11.000185 	 4.166229 	 -0.000650 	 0.014008
10.953960 	 4.101227 	 0.014882 	 0.034607
10.905016 	 4.269592 	 -0.005113 	 0.028717
10.862416 	 4.139435 	 -0.026951 	 -0.004364
10.813472 	 3.983429 	 -0.019036 	 -0.020447
10.769513 	 4.125549 	 -0.034195 	 -0.039520
10.722835 	 4.257324 	 0.004165 	 -0.014191
10.672531 	 4.261719 	 -0.014051 	 -0.006042
10.628572 	 4.190491 	 -0.041865 	 -0.039642
10.579175 	 4.255371 	 -0.028890 	 -0.051849
10.534763 	 4.159760 	 0.000820 	 -0.021027
10.488991 	 4.205322 	 -0.029231 	 -0.027283
10.443219 	 4.183655 	 -0.035527 	 -0.048706
10.398354 	 4.063934 	 0.010248 	 -0.013885
10.350769 	 4.155792 	 0.024427 	 0.035736
10.304091 	 4.247437 	 -0.027867 	 0.008636
10.260132 	 4.233093 	 -0.019835 	 -0.015137
10.207109 	 4.314453 	 0.015287 	 0.014252
10.162244 	 4.197510 	 0.005103 	 0.030670
10.118285 	 4.144287 	 -0.009470 	 0.017487
10.072966 	 4.203552 	 -0.016682 	 -0.000092
10.028101 	 4.254242 	 0.004059 	 0.009796
9.978250 	 4.132477 	 -0.014903 	 0.003143
9.932478 	 4.169342 	 -0.030392 	 -0.023621
9.883987 	 4.020325 	 -0.035047 	 -0.046295
9.838216 	 4.229553 	 0.001917 	 -0.019745
9.792897 	 4.184448 	 -0.003494 	 -0.000092
9.743953 	 4.127502 	 -0.002610 	 0.006683
9.699994 	 4.062805 	 -0.027761 	 -0.015533
9.653769 	 4.200592 	 -0.026514 	 -0.033600
9.605731 	 4.206757 	 -0.011270 	 -0.024597
9.559959 	 4.152283 	 -0.003846 	 -0.006897
9.512828 	 4.112671 	 -0.002642 	 0.005280
9.468869 	 4.111298 	 -0.026195 	 -0.014282
9.419925 	 4.266235 	 -0.030754 	 -0.035645
9.373247 	 4.178955 	 -0.008341 	 -0.024841
9.326115 	 4.029083 	 0.018418 	 0.017853
9.282610 	 4.182404 	 -0.015372 	 0.011658
9.235478 	 4.209351 	 -0.003547 	 0.007416
9.187894 	 4.266388 	 -0.032043 	 -0.019806
9.141669 	 4.166473 	 -0.026568 	 -0.037079
9.095897 	 4.345459 	 -0.005838 	 -0.021210
9.049219 	 4.109467 	 -0.008256 	 -0.007599
9.004353 	 4.174225 	 0.023361 	 0.030243
8.956769 	 4.185516 	 -0.015436 	 0.018463
8.912357 	 4.170563 	 -0.025769 	 -0.013947
8.866132 	 4.223328 	 -0.029657 	 -0.034729
8.819000 	 4.218292 	 -0.029987 	 -0.045624
8.770056 	 4.143524 	 -0.025545 	 -0.045563
8.724738 	 4.169464 	 -0.033076 	 -0.052948
8.677606 	 4.166351 	 0.001204 	 -0.023254
8.632288 	 4.100311 	 0.007531 	 0.011322
8.586063 	 4.249573 	 -0.015127 	 0.003784
8.540744 	 4.178467 	 -0.019484 	 -0.012817
8.491800 	 4.060547 	 -0.039021 	 -0.040710
8.448294 	 4.164673 	 -0.039362 	 -0.063141
8.397990 	 4.194092 	 -0.014605 	 -0.047485
8.351312 	 4.136261 	 -0.032618 	 -0.048157
8.307353 	 4.283264 	 -0.000511 	 -0.022858
8.259315 	 4.136444 	 -0.019899 	 -0.018524
8.214903 	 4.128326 	 -0.012826 	 -0.016907
8.168225 	 4.169312 	 -0.035931 	 -0.037872
8.120187 	 4.133392 	 -0.019068 	 -0.038910
8.073056 	 4.183472 	 -0.012176 	 -0.024933
8.029097 	 4.159851 	 -0.022019 	 -0.026886
7.981059 	 4.282349 	 -0.018589 	 -0.028351
7.935741 	 4.149536 	 -0.002993 	 -0.010803
7.891782 	 4.267426 	 -0.008416 	 -0.001923
7.842384 	 4.320923 	 -0.034600 	 -0.028076
7.796159 	 4.064240 	 -0.001364 	 -0.015442
7.750841 	 4.112518 	 0.006626 	 0.012299
7.704616 	 4.135986 	 -0.022253 	 -0.003204
7.656125 	 4.246002 	 0.013220 	 0.016235
7.609447 	 4.241150 	 -0.006637 	 0.018036
7.565034 	 4.123260 	 -0.010035 	 0.008087
7.517450 	 4.376343 	 -0.032714 	 -0.023865
7.470772 	 4.170624 	 -0.013838 	 -0.024292
7.423187 	 4.312164 	 -0.012378 	 -0.017426
7.375150 	 4.147430 	 -0.045721 	 -0.047180
7.333003 	 4.204193 	 -0.010301 	 -0.036987
7.285419 	 4.213104 	 -0.017758 	 -0.026764
7.237834 	 4.090057 	 0.011249 	 0.005005
7.191609 	 4.227325 	 -0.022179 	 -0.004425
7.146291 	 4.081818 	 -0.028996 	 -0.028198
7.100066 	 4.067505 	 -0.017545 	 -0.030914
7.054294 	 4.219879 	 0.012176 	 0.004578
7.009882 	 4.131500 	 -0.016054 	 0.002594
6.963203 	 4.146362 	 -0.071628 	 -0.066986
6.915619 	 4.068390 	 -0.009332 	 -0.056244
6.867128 	 4.153412 	 -0.026504 	 -0.044098
6.824529 	 4.184631 	 -0.026099 	 -0.045074
6.777397 	 4.034149 	 -0.026589 	 -0.045868
6.732532 	 4.206390 	 -0.001087 	 -0.019745
6.679509 	 4.123627 	 -0.019920 	 -0.016785
6.638722 	 4.133179 	 -0.038403 	 -0.042236
6.589325 	 4.219360 	 -0.004666 	 -0.026825
6.542194 	 4.287079 	 -0.035271 	 -0.037720
6.498688 	 4.250458 	 -0.016267 	 -0.035767
6.450650 	 4.185638 	 -0.043633 	 -0.056030
6.403519 	 4.155975 	 -0.001587 	 -0.032593
6.360919 	 4.247314 	 -0.024427 	 -0.027161
6.311522 	 4.182587 	 -0.001257 	 -0.011871
6.267110 	 4.178741 	 -0.027814 	 -0.022064
6.218619 	 4.143402 	 0.024906 	 0.017456
6.171487 	 4.202972 	 -0.036144 	 -0.007050
6.127075 	 4.121338 	 -0.009183 	 -0.014008
6.080850 	 4.200928 	 -0.040427 	 -0.038940
6.031453 	 4.135071 	 -0.033055 	 -0.055573
5.987494 	 4.158325 	 -0.031180 	 -0.057678
5.941269 	 4.164490 	 -0.021082 	 -0.048279
5.894138 	 4.129486 	 0.001033 	 -0.017517
5.847913 	 4.028900 	 -0.012581 	 -0.008423
5.802141 	 4.172241 	 -0.019825 	 -0.016998
5.755916 	 4.198334 	 -0.051324 	 -0.056976
5.711050 	 4.142090 	 -0.029710 	 -0.064758
5.661653 	 4.159485 	 -0.021976 	 -0.050873
5.615881 	 4.069397 	 -0.010024 	 -0.029541
5.571016 	 4.126556 	 -0.029391 	 -0.035614
5.523885 	 4.235535 	 -0.036560 	 -0.053833
5.478566 	 4.130524 	 -0.034057 	 -0.060852
5.429169 	 4.194550 	 -0.025449 	 -0.054260
5.384303 	 4.175079 	 -0.026823 	 -0.049988
5.334453 	 4.107635 	 -0.047703 	 -0.070038
5.289587 	 4.128998 	 -0.017630 	 -0.055603
5.244269 	 4.105438 	 -0.033087 	 -0.055176
5.199857 	 4.201569 	 -0.049972 	 -0.077515
5.151366 	 4.063019 	 -0.018376 	 -0.061310
5.104687 	 4.241486 	 -0.039383 	 -0.062531
5.057556 	 4.203369 	 -0.047564 	 -0.082184
5.013144 	 4.239380 	 -0.046232 	 -0.092041
4.963293 	 4.271210 	 -0.069764 	 -0.121460
4.917522 	 4.179108 	 -0.039404 	 -0.111633
4.872656 	 4.186768 	 -0.041481 	 -0.096436
4.826884 	 4.047546 	 -0.030168 	 -0.079895
4.780659 	 4.075562 	 -0.025918 	 -0.062469
4.733075 	 4.279572 	 -0.021135 	 -0.048279
4.687756 	 4.298004 	 -0.030477 	 -0.049225
4.639719 	 4.115448 	 -0.017566 	 -0.040375
4.593040 	 4.218323 	 -0.014914 	 -0.028625
4.549535 	 4.281281 	 -0.017896 	 -0.025024
4.503763 	 4.167297 	 -0.033130 	 -0.040466
4.456178 	 4.149261 	 -0.102212 	 -0.125763
4.412219 	 4.022156 	 -0.069061 	 -0.157410
4.365541 	 4.232483 	 -0.081674 	 -0.171265
4.316144 	 4.078339 	 -0.055362 	 -0.155243
4.268106 	 4.264435 	 -0.062052 	 -0.144775
4.222787 	 4.265442 	 -0.057631 	 -0.137970
4.176563 	 4.232422 	 -0.086350 	 -0.162567
4.131244 	 4.091217 	 -0.064172 	 -0.162720
4.081393 	 4.084229 	 -0.053732 	 -0.142303
4.037888 	 4.128784 	 -0.053711 	 -0.129608
3.991663 	 4.113495 	 -0.067602 	 -0.137573
3.944531 	 4.089722 	 -0.067623 	 -0.148987
3.898306 	 4.116394 	 -0.048683 	 -0.132019
3.850722 	 4.153351 	 -0.038477 	 -0.106506
3.804950 	 4.277344 	 -0.037774 	 -0.091003
3.757819 	 4.237640 	 -0.065503 	 -0.112732
3.708875 	 4.171509 	 -0.051708 	 -0.117676
3.668541 	 4.128876 	 -0.055713 	 -0.121796
3.619144 	 4.176453 	 -0.059090 	 -0.127258
3.572466 	 4.083984 	 -0.062414 	 -0.134125
3.525787 	 4.133606 	 -0.051314 	 -0.126404
3.480016 	 4.226654 	 -0.073482 	 -0.142090
3.436510 	 4.062897 	 -0.065088 	 -0.149689
3.387566 	 4.156189 	 -0.052912 	 -0.137390
3.338622 	 4.168579 	 -0.046019 	 -0.118469
3.295569 	 4.191040 	 -0.087032 	 -0.149841
3.247078 	 4.214813 	 -0.111384 	 -0.207184
3.200400 	 4.070282 	 -0.077956 	 -0.206207
3.155988 	 4.106781 	 -0.077881 	 -0.193176
3.107497 	 4.102295 	 -0.097781 	 -0.208649
3.063538 	 4.078339 	 -0.059250 	 -0.183136
3.016406 	 4.104675 	 -0.098409 	 -0.195709
2.969728 	 4.235474 	 -0.068497 	 -0.186707
2.923050 	 4.138428 	 -0.072278 	 -0.175934
2.874559 	 4.181152 	 -0.110308 	 -0.212158
2.830600 	 4.097198 	 -0.050472 	 -0.180115
2.783015 	 4.090668 	 -0.044645 	 -0.135620
2.736337 	 4.293823 	 -0.069423 	 -0.139313
2.688753 	 4.159637 	 -0.076273 	 -0.158356
2.645700 	 4.137512 	 -0.049055 	 -0.140686
2.596756 	 4.104675 	 -0.039074 	 -0.111786
2.555063 	 4.109467 	 -0.141946 	 -0.202240
2.506119 	 4.047333 	 -0.003079 	 -0.138245
2.460347 	 4.148041 	 -0.014349 	 -0.066254
2.414575 	 4.120300 	 -0.044933 	 -0.071747
2.366537 	 4.185699 	 -0.111831 	 -0.155579
2.322125 	 3.462860 	 -0.578300 	 -0.708038
2.273181 	 3.291199 	 -0.572217 	 -1.136810
2.229222 	 3.366272 	 -0.545330 	 -1.296783
2.181638 	 3.381714 	 -0.597571 	 -1.414886
2.135866 	 3.375610 	 -0.590625 	 -1.483002
2.088734 	 3.229340 	 -0.553107 	 -1.472168
2.044775 	 3.345215 	 -0.575062 	 -1.474304
1.994472 	 3.399445 	 -0.568638 	 -1.479248
1.950966 	 3.303894 	 -0.566241 	 -1.478058
1.901569 	 3.289673 	 -0.560393 	 -1.470062
1.857610 	 3.442657 	 -0.539801 	 -1.441986
1.810025 	 3.196228 	 -0.515322 	 -1.396515
1.762894 	 3.341370 	 -0.515258 	 -1.366150
1.716669 	 3.351196 	 -0.521202 	 -1.359375
1.673163 	 3.507935 	 -0.523183 	 -1.360229
1.624219 	 3.366913 	 -0.504275 	 -1.342102
1.577994 	 3.343933 	 -0.503902 	 -1.325897
1.530409 	 3.423645 	 -0.507045 	 -1.321381
1.486903 	 3.295868 	 -0.468876 	 -1.281433
1.438412 	 3.482269 	 -0.491620 	 -1.271057
1.392187 	 3.581757 	 -0.449190 	 -1.232513
1.346416 	 3.436890 	 -0.455198 	 -1.203308
1.301097 	 3.408264 	 -0.477398 	 -1.215942
1.253966 	 3.614258 	 -0.441648 	 -1.194000
1.205928 	 3.306183 	 -0.441861 	 -1.169342
1.157437 	 3.453583 	 -0.429046 	 -1.145660
1.115744 	 3.401367 	 -0.415442 	 -1.114288
1.069066 	 3.418152 	 -0.403107 	 -1.083099
1.022388 	 3.349976 	 -0.401147 	 -1.061340
0.976163 	 3.402435 	 -0.383921 	 -1.032562
0.926312 	 3.562164 	 -0.373663 	 -1.001160
0.881447 	 3.504333 	 -0.372906 	 -0.982971
0.833862 	 3.399353 	 -0.361178 	 -0.962372
0.788997 	 3.345154 	 -0.244979 	 -0.826050
0.742772 	 3.512939 	 -0.294631 	 -0.770569
0.697453 	 3.437622 	 -0.254875 	 -0.723907
0.646696 	 3.394257 	 -0.262502 	 -0.694000
0.603191 	 3.321655 	 -0.275765 	 -0.698364
0.556966 	 3.270874 	 -0.205553 	 -0.631042
0.511194 	 3.292816 	 -0.191321 	 -0.557709
0.464062 	 3.117798 	 -0.107230 	 -0.430847
0.421010 	 2.691620 	 0.179188 	 -0.041473
0.372972 	 3.108856 	 -0.020879 	 0.039429
0.326294 	 2.731842 	 0.161089 	 0.185913
0.276897 	 2.535950 	 0.244084 	 0.414124
0.232484 	 2.421387 	 0.401392 	 0.714355
0.186259 	 2.596008 	 0.142341 	 0.640533
0.138675 	 2.107697 	 0.407336 	 0.781891
0.092450 	 2.493774 	 0.230640 	 0.768799
0.046678 	 1.797852 	 0.766948 	 1.253174
0.000000 	 1.091217 	 0.759917 	 1.680664
0.048038 	 1.684540 	 0.468599 	 1.561218
0.093810 	 1.352783 	 0.661540 	 1.594910
0.134596 	 1.679047 	 0.841644 	 1.879425
0.184900 	 2.039062 	 0.606434 	 1.832367
0.234750 	 2.175079 	 0.504573 	 1.609406
0.278256 	 2.028015 	 0.383133 	 1.343384
0.325841 	 2.370514 	 0.344847 	 1.136108
0.369347 	 2.022491 	 0.572324 	 1.266632
0.417384 	 3.011017 	 0.026664 	 0.844513
0.461343 	 2.703735 	 0.086851 	 0.497253
0.508022 	 2.830292 	 0.089301 	 0.371185
0.556966 	 3.053986 	 0.026046 	 0.248199
0.605003 	 2.641357 	 0.203956 	 0.352112
0.648509 	 3.300842 	 -0.102031 	 0.149689
0.698360 	 3.330750 	 -0.123134 	 -0.087555
0.744585 	 3.408081 	 -0.152237 	 -0.232208
0.788091 	 3.314972 	 -0.163667 	 -0.321686
0.836581 	 3.386322 	 -0.120162 	 -0.321899
0.881900 	 3.368713 	 -0.179263 	 -0.366394
0.929938 	 3.473145 	 -0.220222 	 -0.454071
0.969818 	 3.469818 	 -0.254364 	 -0.546936
1.024200 	 3.389893 	 -0.222800 	 -0.569305
1.068613 	 3.453247 	 -0.233538 	 -0.577881
1.114384 	 3.555023 	 -0.275041 	 -0.629364
1.160156 	 3.426941 	 -0.267701 	 -0.661316
1.206381 	 3.469086 	 -0.320975 	 -0.729126
1.251247 	 3.387054 	 -0.297571 	 -0.757050
1.300191 	 3.361237 	 -0.267594 	 -0.728424
1.349588 	 3.484070 	 -0.335271 	 -0.775452
1.394453 	 3.451355 	 -0.370755 	 -0.859375
1.435693 	 3.527802 	 -0.386670 	 -0.928223
1.486450 	 3.561157 	 -0.379564 	 -0.958527
1.531316 	 3.595154 	 -0.375825 	 -0.965973
1.577994 	 3.536743 	 -0.395469 	 -0.989136
1.626938 	 3.413239 	 -0.407442 	 -1.019623
1.666365 	 3.499023 	 -0.402361 	 -1.033600
1.718935 	 3.392944 	 -0.428545 	 -1.065094
1.765160 	 3.467102 	 -0.434319 	 -1.095398
1.810025 	 3.488098 	 -0.473819 	 -1.154419
1.858516 	 3.435730 	 -0.401424 	 -1.119812
1.904288 	 3.484192 	 -0.404928 	 -1.079346
1.949606 	 3.438080 	 -0.448114 	 -1.108948
1.995378 	 3.474213 	 -0.432551 	 -1.123352
2.043416 	 3.374298 	 -0.425051 	 -1.114624
2.091000 	 3.501190 	 -0.461803 	 -1.145782
2.134959 	 3.507080 	 -0.460120 	 -1.172852
2.184810 	 3.450409 	 -0.468738 	 -1.194366
2.227863 	 3.558350 	 -0.484770 	 -1.224701
2.274088 	 3.396454 	 -0.437888 	 -1.195953
2.323032 	 3.517059 	 -0.489894 	 -1.218445
2.367444 	 3.403839 	 -0.500227 	 -1.260406
2.413669 	 3.390167 	 -0.529085 	 -1.313354
2.460347 	 3.269775 	 -0.464988 	 -1.281494
2.509291 	 3.345123 	 -0.495423 	 -1.273590
2.550984 	 3.408691 	 -0.509676 	 -1.297607
2.603554 	 3.463226 	 -0.524217 	 -1.329132
2.647060 	 3.339111 	 -0.514288 	 -1.340271
2.694191 	 3.418915 	 -0.514192 	 -1.339935
2.739963 	 3.398590 	 -0.583413 	 -1.412842
2.786641 	 3.323273 	 -0.507066 	 -1.392578
2.834679 	 3.330261 	 -0.532494 	 -1.379974
2.880904 	 3.400818 	 -0.541847 	 -1.394379
2.923050 	 3.282104 	 -0.564590 	 -1.428375
2.971541 	 3.250122 	 -0.524398 	 -1.410797
3.017313 	 3.233093 	 -0.567072 	 -1.431671
3.062631 	 3.330475 	 -0.563525 	 -1.453827
3.111122 	 3.165253 	 -0.589006 	 -1.488770
3.156894 	 3.303253 	 -0.552020 	 -1.477631
3.203119 	 3.272888 	 -0.560979 	 -1.465698
3.249344 	 3.292023 	 -0.563312 	 -1.466919
3.296928 	 3.363007 	 -0.556132 	 -1.461609
3.340887 	 3.373047 	 -0.563844 	 -1.465454
3.389378 	 3.185944 	 -0.591456 	 -1.499359
3.434244 	 3.423126 	 -0.547599 	 -1.478363
3.481375 	 3.371552 	 -0.514342 	 -1.416565
3.527600 	 3.270020 	 -0.529639 	 -1.391113
3.576091 	 3.370483 	 -0.550241 	 -1.408386
3.621410 	 3.421143 	 -0.515311 	 -1.387085
3.666728 	 3.400116 	 -0.505788 	 -1.353241
3.712953 	 4.202606 	 -0.051229 	 -0.858429
3.759631 	 4.170929 	 -0.018908 	 -0.419098
3.805856 	 3.148376 	 0.024256 	 -0.164215
3.854800 	 4.112305 	 -0.015020 	 -0.073639
3.897400 	 4.136322 	 -0.005124 	 -0.037903
3.946344 	 4.130157 	 0.001023 	 -0.009827
3.993929 	 4.116272 	 -0.020432 	 -0.017059
4.039247 	 4.198242 	 -0.023170 	 -0.031616
4.084113 	 4.301086 	 -0.034610 	 -0.049988
4.129431 	 4.141388 	 -0.051143 	 -0.078186
4.177922 	 4.273895 	 -0.037029 	 -0.083740
4.225960 	 4.152740 	 -0.037593 	 -0.080933
4.272185 	 4.241638 	 -0.046563 	 -0.090210
4.318863 	 4.072266 	 -0.062946 	 -0.114380
4.364635 	 4.178375 	 -0.050099 	 -0.118500
4.412672 	 4.186310 	 -0.027825 	 -0.091248
4.458444 	 4.075317 	 -0.037497 	 -0.079529
4.504216 	 4.167328 	 -0.040203 	 -0.080444
4.549081 	 4.097992 	 -0.031830 	 -0.075745
4.596213 	 4.048065 	 -0.038712 	 -0.075195
4.642891 	 4.085480 	 -0.063255 	 -0.104279
4.688663 	 4.083893 	 -0.061615 	 -0.125305
4.735341 	 4.053192 	 -0.065599 	 -0.138855
4.780206 	 4.137360 	 -0.016480 	 -0.094482
4.827338 	 4.155823 	 -0.054360 	 -0.095306
4.872656 	 4.289368 	 -0.058653 	 -0.115082
4.920241 	 4.080902 	 -0.055426 	 -0.120453
4.966919 	 4.116272 	 -0.055937 	 -0.124359
5.014503 	 4.273682 	 -0.030158 	 -0.098785
5.058916 	 4.223572 	 -0.038105 	 -0.085388
5.105594 	 4.176392 	 -0.098558 	 -0.145844
5.154538 	 4.066406 	 -0.039457 	 -0.133667
5.199857 	 4.213135 	 -0.021763 	 -0.086700
5.246988 	 4.164398 	 -0.053380 	 -0.091949
5.293666 	 4.108490 	 -0.049705 	 -0.103668
5.339891 	 4.175385 	 -0.025662 	 -0.081482
5.382944 	 4.068298 	 -0.034983 	 -0.072388
5.430981 	 4.317383 	 -0.016362 	 -0.053192
5.474940 	 4.226593 	 -0.074995 	 -0.096924
5.523885 	 4.065430 	 -0.008554 	 -0.070587
5.569203 	 4.090485 	 -0.060773 	 -0.086304
5.617241 	 4.189453 	 -0.067250 	 -0.122833
5.665279 	 4.275604 	 -0.030254 	 -0.102051
5.711957 	 4.201050 	 -0.055735 	 -0.104736
5.754556 	 4.165283 	 -0.048342 	 -0.109589
5.803047 	 3.992676 	 -0.037945 	 -0.097229
5.847459 	 4.178223 	 -0.058142 	 -0.107941
5.894591 	 4.203857 	 -0.058867 	 -0.121033
5.943082 	 4.030243 	 -0.030062 	 -0.097656
5.986588 	 4.083466 	 -0.054499 	 -0.102020
6.033719 	 4.126190 	 -0.051857 	 -0.110321
6.080397 	 4.128021 	 -0.030733 	 -0.091003
6.128435 	 4.243927 	 -0.057950 	 -0.101837
6.174660 	 4.169464 	 -0.074867 	 -0.135895
6.219525 	 4.250000 	 -0.030807 	 -0.111084
6.268469 	 4.162323 	 -0.067602 	 -0.121002
6.313335 	 4.110260 	 -0.035729 	 -0.106781
6.359560 	 4.252106 	 -0.068933 	 -0.122925
6.405785 	 4.250214 	 -0.048310 	 -0.122437
6.455182 	 4.128387 	 -0.028943 	 -0.092163
6.501407 	 4.135071 	 -0.046169 	 -0.089355
6.545819 	 4.175232 	 -0.030040 	 -0.077362
6.592950 	 4.035767 	 -0.043452 	 -0.080505
6.639175 	 3.998474 	 -0.041141 	 -0.084290
6.684494 	 4.271088 	 -0.031276 	 -0.075012
6.731172 	 4.259155 	 -0.021145 	 -0.056030
6.775584 	 4.262390 	 -0.011484 	 -0.033417
6.824075 	 4.144531 	 -0.035431 	 -0.044891
6.869847 	 4.148865 	 -0.018930 	 -0.042389
6.916072 	 4.153931 	 -0.046030 	 -0.063019
6.962750 	 4.150513 	 -0.049013 	 -0.085907
7.008069 	 4.159424 	 -0.020165 	 -0.066895
7.057466 	 4.233490 	 -0.055990 	 -0.083923
7.100972 	 4.038391 	 -0.021241 	 -0.068909
7.148557 	 4.124420 	 -0.049993 	 -0.080444
7.194328 	 4.261749 	 -0.031574 	 -0.077545
7.241460 	 4.237427 	 -0.030648 	 -0.066193
7.287685 	 4.093292 	 -0.038062 	 -0.069855
7.334363 	 4.201202 	 -0.011462 	 -0.048401
7.380135 	 4.006378 	 -0.021348 	 -0.036346
7.426813 	 4.215332 	 -0.062414 	 -0.078125
7.475304 	 4.244110 	 -0.045412 	 -0.096039
7.518356 	 4.128448 	 -0.039415 	 -0.090363
7.564128 	 4.068268 	 -0.022072 	 -0.066956
7.612619 	 4.219086 	 0.004613 	 -0.021851
7.659297 	 4.265961 	 -0.020773 	 -0.017548
7.705069 	 4.248474 	 -0.014466 	 -0.020966
7.753107 	 4.061340 	 -0.051804 	 -0.057892
7.797972 	 4.252411 	 -0.041386 	 -0.077454
7.843291 	 4.112091 	 -0.008469 	 -0.047668
7.890875 	 4.167236 	 -0.020315 	 -0.034485
7.937553 	 4.241180 	 -0.047149 	 -0.060974
7.984232 	 4.109406 	 -0.031724 	 -0.068207
8.030457 	 4.095306 	 -0.006701 	 -0.038788
8.078494 	 4.185455 	 -0.037295 	 -0.046814
8.125172 	 4.055298 	 -0.028709 	 -0.054169
8.168678 	 4.161377 	 -0.032448 	 -0.057312
8.216716 	 4.156311 	 -0.043889 	 -0.070679
8.261581 	 4.270508 	 -0.052347 	 -0.093262
8.308713 	 4.170532 	 -0.069104 	 -0.123444
8.354938 	 4.278503 	 -0.000778 	 -0.070923
8.402069 	 4.067139 	 -0.025247 	 -0.046265
8.449200 	 4.176666 	 -0.021433 	 -0.040924
8.494972 	 4.235107 	 -0.028570 	 -0.044739
8.539384 	 4.219513 	 -0.040576 	 -0.063019
8.585156 	 4.234467 	 -0.024650 	 -0.057983
8.633647 	 4.294342 	 -0.011505 	 -0.035828
8.678966 	 4.111237 	 -0.037519 	 -0.047424
8.727910 	 4.123047 	 -0.030637 	 -0.056824
8.772775 	 4.155212 	 -0.038605 	 -0.065826
8.819000 	 4.178406 	 -0.017311 	 -0.050354
8.865678 	 4.152313 	 -0.026589 	 -0.044983
8.913716 	 4.225250 	 -0.012006 	 -0.031494
8.957675 	 4.170929 	 -0.046829 	 -0.054871
9.005260 	 4.203339 	 0.005167 	 -0.025238
9.048766 	 4.165344 	 -0.063745 	 -0.063324
9.097710 	 4.233521 	 -0.030520 	 -0.073578
9.145294 	 4.156311 	 -0.020197 	 -0.052734
9.190160 	 4.155579 	 0.006701 	 -0.012207
9.235931 	 4.137329 	 -0.018919 	 -0.012085
9.285329 	 4.233185 	 -0.017289 	 -0.019043
9.330647 	 4.096588 	 -0.030104 	 -0.034180
9.375060 	 4.076569 	 -0.021849 	 -0.038422
9.421284 	 4.093658 	 -0.013358 	 -0.027496
9.468869 	 4.183319 	 -0.004048 	 -0.010620
9.518266 	 4.156372 	 -0.025939 	 -0.020721
9.561319 	 4.159729 	 -0.030829 	 -0.039124
9.610716 	 4.102295 	 -0.043559 	 -0.062683
9.656488 	 4.094025 	 -0.048384 	 -0.083710
9.702260 	 4.190125 	 -0.031851 	 -0.077209
9.747578 	 4.256317 	 -0.008543 	 -0.044403
9.792897 	 4.060944 	 -0.022147 	 -0.034424
9.842747 	 4.196960 	 -0.010024 	 -0.023468
9.886253 	 4.168213 	 -0.029316 	 -0.033112
9.934291 	 4.228271 	 0.011270 	 -0.002747
9.979610 	 4.108185 	 -0.009705 	 0.004761
10.023569 	 4.172363 	 -0.050834 	 -0.042511
10.073872 	 4.110413 	 -0.032949 	 -0.061859
10.116925 	 4.235870 	 -0.024853 	 -0.054260
10.169041 	 4.189819 	 -0.039607 	 -0.063263
10.213000 	 4.186462 	 -0.022317 	 -0.054504
10.257413 	 4.104065 	 0.009737 	 -0.010376
10.304091 	 4.142120 	 -0.060592 	 -0.052032
10.350316 	 4.269226 	 -0.010333 	 -0.045471
10.400620 	 4.112518 	 -0.012719 	 -0.025085
10.443672 	 4.199341 	 -0.036517 	 -0.042206
10.488538 	 4.181030 	 -0.035665 	 -0.057861
10.534309 	 4.157349 	 -0.033673 	 -0.062927
10.582347 	 4.092438 	 -0.023670 	 -0.054443
10.629932 	 4.218384 	 -0.022850 	 -0.047913
10.678876 	 4.257355 	 -0.042749 	 -0.063568
10.722382 	 4.218201 	 -0.024245 	 -0.058044
10.770419 	 4.237457 	 -0.036507 	 -0.060883
10.815738 	 4.062469 	 -0.018823 	 -0.049103
10.863322 	 4.197266 	 0.006253 	 -0.010101
10.909547 	 4.002594 	 -0.013305 	 -0.003815
10.955319 	 4.083405 	 -0.018695 	 -0.014404
10.999731 	 4.266449 	 -0.006285 	 -0.008392
11.046410 	 4.209381 	 -0.003505 	 0.001984
11.093994 	 4.157288 	 -0.013529 	 -0.002502
11.143391 	 4.192566 	 -0.026227 	 -0.021667
11.187804 	 4.099243 	 -0.005103 	 -0.013580
11.233122 	 4.086395 	 -0.021689 	 -0.015930
11.279347 	 4.189514 	 -0.014871 	 -0.019745
11.326932 	 4.216278 	 -0.012847 	 -0.015564
11.372704 	 4.114410 	 -0.015116 	 -0.015717
11.418929 	 4.108124 	 -0.030019 	 -0.033417
11.468326 	 4.112457 	 -0.008213 	 -0.023651
11.510925 	 4.053223 	 -0.015840 	 -0.017853
11.560323 	 4.220978 	 -0.035005 	 -0.039124
11.605188 	 4.247986 	 -0.024853 	 -0.045319
11.649600 	 4.176361 	 -0.016277 	 -0.034821
11.696278 	 4.115417 	 0.008181 	 -0.000977
11.744316 	 4.243561 	 -0.010898 	 0.003296
11.792807 	 4.190186 	 -0.025385 	 -0.014923
11.834953 	 4.235199 	 -0.030296 	 -0.035980
11.884351 	 4.241028 	 0.018568 	 0.003113
11.929669 	 4.201569 	 -0.025460 	 -0.005615
11.977254 	 4.094086 	 -0.006541 	 -0.006653
12.024385 	 4.284363 	 -0.017790 	 -0.011261
12.066078 	 4.193634 	 -0.004250 	 -0.003845
12.113663 	 4.070251 	 0.013433 	 0.023529
12.161247 	 4.197388 	 -0.005028 	 0.023346
12.203847 	 4.223236 	 0.008437 	 0.029999
12.253244 	 4.287323 	 -0.028123 	 -0.002350
12.297656 	 4.110474 	 -0.009641 	 -0.009796
12.341615 	 4.137787 	 0.010717 	 0.015656
12.392825 	 4.254395 	 0.005092 	 0.028961
12.435425 	 4.234650 	 -0.020922 	 0.006165
12.484369 	 4.129120 	 0.007904 	 0.015106
12.531953 	 4.106323 	 -0.000341 	 0.022919
12.577272 	 4.098206 	 0.004048 	 0.025940
12.622591 	 4.193298 	 -0.025620 	 -0.001343
12.671535 	 4.138275 	 0.030051 	 0.033600
12.716853 	 4.277252 	 0.009502 	 0.048737
12.763985 	 4.161621 	 0.003121 	 0.042145
12.809756 	 4.108978 	 0.019047 	 0.052917
12.855528 	 4.160156 	 -0.001758 	 0.042938
12.902206 	 4.113220 	 -0.028677 	 0.001160
12.949791 	 4.217255 	 -0.023787 	 -0.023560
12.996016 	 4.147461 	 0.011643 	 0.004761
13.041335 	 4.266266 	 -0.040544 	 -0.022522
13.086200 	 4.256012 	 -0.047585 	 -0.063477
13.134691 	 4.248322 	 -0.022679 	 -0.058258
13.180916 	 4.265381 	 -0.039021 	 -0.063934
13.228500 	 4.209564 	 -0.013348 	 -0.046143
13.271553 	 4.175781 	 0.005582 	 -0.007111
13.319138 	 4.190094 	 -0.007595 	 0.003357
13.366269 	 4.181213 	 0.001023 	 0.012390
13.412494 	 4.259155 	 0.000405 	 0.018494
13.458266 	 4.255615 	 -0.020379 	 -0.000854
13.504491 	 4.189636 	 -0.016426 	 -0.013397
13.552528 	 4.150299 	 -0.002642 	 -0.001953
13.598300 	 4.334534 	 -0.009087 	 0.000671
13.639993 	 4.273407 	 0.008416 	 0.018005
13.690750 	 4.154114 	 0.002695 	 0.026306
13.736975 	 4.242401 	 -0.013806 	 0.010834
13.783653 	 4.266266 	 -0.028464 	 -0.017334
13.832144 	 4.202209 	 0.000032 	 -0.006073
13.874290 	 4.103363 	 -0.016373 	 -0.007416
13.923688 	 4.235229 	 0.011004 	 0.015015
13.969460 	 4.216492 	 -0.004229 	 0.021851
14.017497 	 4.249054 	 0.003984 	 0.024567
14.062816 	 4.175507 	 -0.007808 	 0.016815
14.109494 	 4.134949 	 -0.015255 	 0.001709
14.153000 	 4.055176 	 -0.011952 	 -0.005188
14.204663 	 4.105133 	 -0.011974 	 -0.007904
14.249982 	 4.189301 	 0.000437 	 0.004303
14.293488 	 4.251923 	 0.045838 	 0.061462
14.340619 	 4.183777 	 -0.012890 	 0.045105
14.386844 	 4.227081 	 0.009268 	 0.037354
14.434428 	 4.060638 	 -0.007595 	 0.025177
14.481560 	 4.149109 	 -0.007127 	 0.012360
14.525519 	 4.069366 	 -0.000234 	 0.013428
14.572197 	 4.189392 	 0.019335 	 0.037445
14.616609 	 4.178406 	 0.000320 	 0.037445
14.666913 	 4.335114 	 -0.007084 	 0.021790
14.712685 	 4.183502 	 0.001097 	 0.020966
14.757097 	 4.257233 	 0.002823 	 0.025208
14.805135 	 4.240326 	 -0.028187 	 -0.004517
14.851813 	 4.054443 	 -0.019388 	 -0.020996
14.896678 	 4.331451 	 -0.032576 	 -0.037933
14.944716 	 4.068390 	 -0.008064 	 -0.026367
14.988675 	 4.097656 	 0.011718 	 0.009766
15.038525 	 4.169983 	 -0.014562 	 0.006653
15.081578 	 4.064941 	 0.015137 	 0.025024
15.129616 	 4.118042 	 -0.002738 	 0.026550
15.175841 	 4.194183 	 -0.000948 	 0.022400
15.223878 	 4.097565 	 -0.026685 	 -0.005676
15.270557 	 4.191132 	 0.008266 	 0.007782
15.312250 	 4.145813 	 -0.020325 	 -0.001312
15.362553 	 4.113190 	 -0.009215 	 -0.006897
15.406512 	 4.219360 	 0.001108 	 0.007721
15.455457 	 4.231384 	 0.008650 	 0.025635
15.501682 	 4.307220 	 0.022360 	 0.051300
15.546547 	 4.144867 	 -0.005475 	 0.037415
15.593225 	 4.244812 	 0.007798 	 0.034668
15.638997 	 4.078278 	 -0.005752 	 0.023071
15.687941 	 4.269470 	 -0.027068 	 -0.007050
15.734619 	 4.129089 	 0.005316 	 0.004303
15.780391 	 4.190063 	 -0.001321 	 0.015747
15.828429 	 4.117645 	 0.022040 	 0.041992
15.871028 	 4.135376 	 -0.003132 	 0.037201
15.919972 	 4.159515 	 -0.021827 	 0.004791
15.965291 	 4.107758 	 -0.022893 	 -0.017853
16.010609 	 4.309570 	 0.003409 	 -0.001251
16.060460 	 4.155975 	 -0.010525 	 0.002991
16.104872 	 4.195221 	 -0.006402 	 0.003204
16.154723 	 4.237396 	 -0.004570 	 0.005951
16.200494 	 4.193359 	 0.008607 	 0.021454
16.243094 	 4.152771 	 -0.011015 	 0.014221
16.289772 	 4.280273 	 -0.009747 	 0.004150
16.338716 	 4.052612 	 0.025492 	 0.037201
16.382222 	 4.162354 	 0.017023 	 0.057129
16.435245 	 4.170502 	 0.018429 	 0.064301
16.476938 	 4.148437 	 -0.016320 	 0.030823
16.523163 	 4.189545 	 -0.000181 	 0.019562
16.568935 	 4.145630 	 -0.005273 	 0.017395
16.617426 	 4.073517 	 0.004165 	 0.022339
16.660025 	 4.203186 	 0.010418 	 0.034637
16.710329 	 4.190521 	 -0.048736 	 -0.017944
16.754741 	 4.172333 	 -0.019718 	 -0.035492
16.801419 	 4.075287 	 0.001619 	 -0.009186
16.846284 	 4.125183 	 0.000714 	 0.009674
16.891603 	 4.096252 	 -0.005593 	 0.011505
16.940547 	 4.168427 	 -0.006125 	 0.008209
16.984959 	 4.184998 	 0.004549 	 0.018158
17.034357 	 4.152374 	 0.012101 	 0.034912
17.081035 	 4.269653 	 -0.012911 	 0.018768
17.125447 	 4.130127 	 -0.033066 	 -0.019135
17.172578 	 4.108459 	 -0.010919 	 -0.019745
17.218350 	 4.119019 	 0.030520 	 0.031158
17.264575 	 4.243439 	 -0.020922 	 0.016479
17.311707 	 4.204193 	 0.009896 	 0.022125
17.357932 	 4.355865 	 0.025332 	 0.054077
17.406422 	 4.081360 	 -0.012485 	 0.034027
17.449022 	 4.136078 	 0.007659 	 0.030548
17.496606 	 4.134888 	 -0.014743 	 0.013519
17.541925 	 4.234863 	 -0.008085 	 0.005066
17.589963 	 4.056244 	 -0.015883 	 -0.005524
17.637094 	 4.150391 	 0.007904 	 0.011353
17.684225 	 4.196259 	 0.000820 	 0.022186
17.729997 	 4.205048 	 0.027431 	 0.051361
17.778488 	 4.141815 	 -0.000671 	 0.044525
17.821994 	 4.214478 	 -0.006828 	 0.023132
17.868219 	 4.311157 	 -0.013731 	 0.005676
17.915350 	 4.272980 	 0.005007 	 0.015259
17.962482 	 4.149536 	 -0.005944 	 0.015808
18.005081 	 4.286224 	 -0.008820 	 0.007324
18.053572 	 4.085480 	 0.010621 	 0.023773
18.102063 	 4.018646 	 0.003292 	 0.030396
18.146022 	 4.306274 	 -0.007041 	 0.019989
18.195419 	 4.179932 	 0.006605 	 0.025360
18.241191 	 4.073181 	 -0.010461 	 0.015198
18.286510 	 4.095978 	 0.006328 	 0.022095
18.330469 	 4.275208 	 0.010333 	 0.036041
18.377147 	 4.132172 	 0.012634 	 0.045685
18.424731 	 4.053680 	 -0.030605 	 0.006836
18.471863 	 4.129059 	 -0.007031 	 -0.003113
18.517635 	 4.219025 	 0.012645 	 0.022522
18.565219 	 4.134277 	 -0.019164 	 0.007874
18.610085 	 4.164032 	 0.007137 	 0.016510
18.657669 	 4.109161 	 0.001790 	 0.026367
18.704800 	 4.102051 	 -0.008011 	 0.015747
18.751025 	 4.261230 	 0.028783 	 0.046692
18.795438 	 4.188385 	 0.034578 	 0.082214
18.842569 	 4.088593 	 0.008362 	 0.072052
18.891513 	 4.205109 	 -0.003270 	 0.044403
18.938644 	 4.142212 	 0.000085 	 0.031555
18.983057 	 4.231659 	 -0.028240 	 -0.002716
19.031548 	 4.210114 	 0.025790 	 0.027710
19.074600 	 4.102448 	 0.016117 	 0.052551
19.122185 	 4.121979 	 -0.001470 	 0.040802
19.168863 	 4.169403 	 -0.009502 	 0.020020
19.213275 	 4.292328 	 0.010557 	 0.028778
19.259047 	 4.147675 	 -0.030733 	 -0.003571
19.306631 	 4.303375 	 0.006328 	 0.005524
19.355576 	 4.195129 	 0.032384 	 0.051971
19.403613 	 4.162445 	 0.009566 	 0.059143
19.447572 	 4.205536 	 -0.004645 	 0.037964
19.496516 	 4.121521 	 0.003419 	 0.031189
19.543195 	 4.085358 	 -0.009119 	 0.016022
19.586700 	 4.220520 	 -0.015031 	 0.000275
19.633379 	 4.239197 	 0.013529 	 0.020935
19.680057 	 4.208466 	 0.012208 	 0.040070
19.725829 	 4.112213 	 -0.011494 	 0.022339
19.772507 	 4.099365 	 0.008682 	 0.026825
19.818732 	 4.304321 	 -0.007350 	 0.020935
19.864050 	 4.166138 	 0.007627 	 0.026947

 Z Turning Point (V) = 3.311279 
 Turning Time Delay (ms) = 0 
 SEN (V) =  
 App. Driving Voltage (mVrms) = 0.005000 
 App. Vias. Voltage (V) = 0.000000 
 App. Del Z (Bit) = -10 
 App. Delay Time (ms) = 400 
 App. Velocity (nm/s) = -0.113298 
 Ret. Driving Voltage (mVrms) = 0.005000 
 Ret. Vias. Voltage (V) = 0.000000 
 Ret. Del Z (Bit) = -10 
 Ret. Delay Time (ms) = 400 
 Ret. Velocity (nm/s) = -0.113298 
  
 Data Array Size = 994 
 Frequency (Hz) = sen.
 
