35.687041 	 4.121613 	 0.001374 	 0.041321
35.643988 	 4.072357 	 0.017896 	 0.050537
35.598216 	 4.067719 	 0.017119 	 0.061035
35.551538 	 4.120026 	 0.019090 	 0.066986
35.504407 	 4.211975 	 -0.010216 	 0.039917
35.455463 	 4.359039 	 -0.004282 	 0.022308
35.409691 	 4.136047 	 0.014882 	 0.036804
35.364372 	 4.268585 	 -0.011036 	 0.024139
35.319054 	 4.259216 	 -0.014690 	 0.004028
35.272829 	 4.195465 	 0.007744 	 0.016632
35.225244 	 4.354431 	 0.012165 	 0.036407
35.176753 	 4.253113 	 0.018461 	 0.053406
35.130528 	 4.151337 	 0.001449 	 0.045715
35.087929 	 4.180389 	 -0.007020 	 0.026001
35.036266 	 4.193573 	 0.020229 	 0.042542
34.990494 	 4.185608 	 -0.010461 	 0.029388
34.946988 	 4.255798 	 -0.004708 	 0.016724
34.898044 	 4.304413 	 0.004900 	 0.022919
34.853632 	 4.148407 	 0.030413 	 0.057831
34.805141 	 4.062988 	 0.001800 	 0.053070
34.759369 	 4.180420 	 -0.000543 	 0.037506
34.714957 	 4.203491 	 0.020996 	 0.051758
34.668279 	 4.166229 	 0.039969 	 0.087341
34.617975 	 4.249176 	 0.010557 	 0.078979
34.574469 	 4.169128 	 -0.005294 	 0.046082
34.529150 	 4.195404 	 0.010930 	 0.041473
34.480206 	 4.109070 	 0.006104 	 0.043213
34.437154 	 4.129333 	 0.003760 	 0.037994
34.390022 	 4.220398 	 0.016970 	 0.050232
34.342438 	 4.206177 	 0.005103 	 0.047180
34.295760 	 4.182251 	 -0.020400 	 0.014709
34.251347 	 4.211731 	 -0.012069 	 -0.001373
34.206029 	 4.303619 	 0.006306 	 0.014374
34.157991 	 4.096313 	 0.018770 	 0.041779
34.114938 	 4.310638 	 -0.000778 	 0.040009
34.065541 	 4.171204 	 0.001864 	 0.033051
34.021582 	 4.086426 	 0.008171 	 0.036499
33.973091 	 4.128540 	 0.005444 	 0.038239
33.927773 	 4.158508 	 0.011931 	 0.044983
33.882907 	 4.246490 	 0.002109 	 0.040314
33.836229 	 4.238007 	 0.002216 	 0.033936
33.788644 	 4.104919 	 -0.017950 	 0.010284
33.742419 	 4.244965 	 0.011526 	 0.024567
33.693475 	 4.317749 	 0.005273 	 0.035278
33.649969 	 4.129211 	 0.038648 	 0.072266
33.602385 	 4.163666 	 0.022509 	 0.083954
33.557066 	 4.207275 	 -0.014285 	 0.044556
33.510388 	 4.274506 	 0.010482 	 0.037567
33.464163 	 4.132416 	 0.001300 	 0.035706
33.417485 	 4.204224 	 0.005784 	 0.035645
33.369901 	 4.225067 	 0.011920 	 0.043945
33.324129 	 4.202423 	 0.020858 	 0.060211
33.279716 	 4.221100 	 0.009651 	 0.059601
33.230772 	 4.199585 	 0.003036 	 0.045929
33.185454 	 4.091034 	 0.010408 	 0.045197
33.138322 	 4.296509 	 0.008991 	 0.046783
33.091191 	 4.182404 	 0.008511 	 0.046051
33.044966 	 4.155548 	 0.011675 	 0.049561
32.997835 	 4.034698 	 0.033428 	 0.074951
32.953423 	 4.161774 	 0.019814 	 0.081726
32.904478 	 4.233795 	 0.008266 	 0.066254
32.860519 	 4.137543 	 0.010067 	 0.056580
32.811575 	 4.196716 	 0.016032 	 0.058411
32.766257 	 4.181427 	 -0.032192 	 0.012817
32.721844 	 4.045319 	 -0.021305 	 -0.018585
32.674260 	 4.223511 	 -0.006498 	 -0.010315
32.627582 	 4.183472 	 0.004250 	 0.010071
32.581357 	 4.167328 	 0.013124 	 0.032837
32.534225 	 4.167328 	 -0.008458 	 0.023926
32.490266 	 4.078186 	 0.037604 	 0.059631
32.446761 	 4.298187 	 0.011004 	 0.066406
32.396910 	 4.140381 	 0.015063 	 0.062531
32.350232 	 4.266174 	 0.006157 	 0.053925
32.303101 	 4.095184 	 0.021998 	 0.061188
32.257329 	 4.087219 	 -0.018450 	 0.030334
32.207932 	 4.143188 	 -0.010461 	 0.007965
32.162613 	 4.219757 	 0.012666 	 0.025330
32.117294 	 4.249298 	 0.000309 	 0.029968
32.070616 	 4.112213 	 0.007649 	 0.033936
32.025298 	 4.317474 	 -0.002993 	 0.028046
31.977260 	 4.291046 	 0.003313 	 0.027679
31.930582 	 4.163330 	 0.015105 	 0.043396
31.885716 	 4.144562 	 0.028751 	 0.067566
31.837679 	 4.223328 	 -0.026163 	 0.027222
31.791454 	 4.149078 	 0.001172 	 0.015961
31.744322 	 4.138702 	 0.011175 	 0.031097
31.701270 	 4.129395 	 0.006051 	 0.037506
31.654591 	 4.162415 	 -0.003537 	 0.028015
31.604741 	 4.070343 	 0.009747 	 0.033905
31.562595 	 4.269196 	 0.010227 	 0.042999
31.514104 	 4.078156 	 0.001960 	 0.038391
31.469238 	 4.169434 	 0.005103 	 0.035492
31.420294 	 4.233246 	 -0.022211 	 0.007416
31.374069 	 4.286285 	 0.002567 	 0.008942
31.327391 	 4.285278 	 0.002834 	 0.021027
31.281166 	 4.163147 	 0.019036 	 0.043488
31.235847 	 4.144531 	 0.027814 	 0.069427
31.187810 	 4.228058 	 0.003696 	 0.058929
31.140225 	 4.233276 	 -0.005646 	 0.034882
31.093547 	 4.087982 	 0.001055 	 0.027802
31.049135 	 4.210388 	 0.025886 	 0.053406
31.004269 	 4.103241 	 0.007116 	 0.054871
30.957138 	 4.178223 	 0.015595 	 0.056610
30.908647 	 4.329163 	 -0.011611 	 0.031708
30.864235 	 4.270264 	 0.009151 	 0.031891
30.817104 	 4.181213 	 0.003941 	 0.035339
30.773598 	 4.175262 	 -0.008480 	 0.021149
30.725107 	 4.237030 	 0.026397 	 0.046295
30.677522 	 4.177460 	 -0.014541 	 0.028381
30.632204 	 4.132233 	 0.000085 	 0.019287
30.583260 	 4.124176 	 0.008458 	 0.030853
30.539301 	 4.196228 	 0.018514 	 0.048859
30.491263 	 4.275848 	 0.006562 	 0.049622
30.443225 	 4.164307 	 0.020112 	 0.059296
30.399719 	 4.256348 	 0.036102 	 0.085785
30.351228 	 4.175354 	 -0.010834 	 0.054443
30.306816 	 4.257202 	 0.009502 	 0.042755
30.260138 	 4.180023 	 0.001268 	 0.038391
30.213913 	 4.185364 	 0.022797 	 0.055420
30.166782 	 4.117920 	 0.018972 	 0.067444
30.121916 	 4.112061 	 -0.023404 	 0.026367
30.073425 	 4.242310 	 0.000096 	 0.015533
30.027200 	 4.220276 	 -0.001672 	 0.018127
29.981429 	 4.284943 	 0.027356 	 0.049042
29.935657 	 4.269623 	 0.011516 	 0.058411
29.889432 	 4.054291 	 -0.006562 	 0.036163
29.840941 	 4.155212 	 -0.012741 	 0.012482
29.796529 	 4.252045 	 0.014807 	 0.029053
29.748944 	 4.055389 	 0.009374 	 0.041931
29.704532 	 4.192505 	 -0.012964 	 0.021790
29.656494 	 4.146179 	 0.033588 	 0.053925
29.612535 	 4.203583 	 0.009183 	 0.060577
29.564497 	 4.263275 	 0.004144 	 0.048737
29.516913 	 4.248993 	 0.021891 	 0.059692
29.473407 	 4.095154 	 0.019825 	 0.068726
29.426729 	 4.300385 	 0.023936 	 0.077515
29.378691 	 4.183594 	 -0.008053 	 0.049316
29.332919 	 4.121521 	 -0.005710 	 0.025391
29.286241 	 4.168610 	 0.013902 	 0.036621
29.240469 	 4.152405 	 -0.017470 	 0.017365
29.191978 	 4.038422 	 0.029210 	 0.042542
29.147113 	 4.148346 	 0.000341 	 0.043915
29.098169 	 4.196411 	 -0.013465 	 0.018890
29.055116 	 4.228210 	 0.015500 	 0.033691
29.007532 	 4.069183 	 0.015617 	 0.050537
28.960400 	 4.218170 	 0.029231 	 0.072662
28.914175 	 4.247559 	 -0.018109 	 0.036835
28.868404 	 4.117432 	 0.002109 	 0.024078
28.821725 	 4.135254 	 -0.004549 	 0.019562
28.777766 	 4.177185 	 -0.027910 	 -0.009552
28.727463 	 4.110535 	 0.003665 	 0.001801
28.683504 	 4.113373 	 0.003292 	 0.016418
28.634560 	 4.244568 	 0.039138 	 0.063934
28.589694 	 4.248444 	 -0.002727 	 0.054932
28.544829 	 4.178467 	 0.012464 	 0.048676
28.497244 	 4.212585 	 -0.002418 	 0.037750
28.449660 	 4.182434 	 0.005124 	 0.036346
28.402528 	 4.161133 	 -0.012911 	 0.016846
28.357210 	 4.140198 	 -0.003483 	 0.011261
28.310532 	 4.222321 	 0.005902 	 0.022644
28.262041 	 4.162262 	 0.021678 	 0.047974
28.218988 	 4.205475 	 0.008320 	 0.051941
28.170950 	 4.136353 	 0.021422 	 0.062256
28.123366 	 4.114471 	 -0.004197 	 0.044342
28.080766 	 4.248444 	 0.016650 	 0.048065
28.030009 	 4.306396 	 0.001065 	 0.041901
27.986050 	 4.194092 	 0.017140 	 0.049103
27.938919 	 4.152893 	 0.007084 	 0.049072
27.893147 	 4.203644 	 0.017023 	 0.055786
27.849188 	 4.146606 	 -0.007989 	 0.036285
27.800244 	 4.319183 	 0.009779 	 0.035614
27.752660 	 4.193451 	 -0.010578 	 0.022278
27.706888 	 4.190338 	 0.028592 	 0.049713
27.660210 	 4.065460 	 -0.020357 	 0.025177
27.616251 	 4.156555 	 0.000959 	 0.016296
27.570026 	 4.121399 	 0.019761 	 0.041077
27.521535 	 4.279480 	 0.009300 	 0.049835
27.477576 	 4.248596 	 0.016991 	 0.056976
27.429085 	 4.170471 	 -0.003015 	 0.041748
27.384219 	 4.165375 	 0.003313 	 0.033905
27.335275 	 4.230347 	 -0.010013 	 0.019104
27.289957 	 4.201935 	 0.027377 	 0.045929
27.241013 	 4.292389 	 0.014051 	 0.059601
27.194334 	 4.218262 	 0.013454 	 0.059052
27.149469 	 4.256439 	 -0.003483 	 0.041260
27.104150 	 4.190521 	 -0.005965 	 0.023865
27.058379 	 4.260101 	 0.008565 	 0.030579
27.009435 	 4.304749 	 0.011878 	 0.042267
26.965929 	 4.171326 	 0.022754 	 0.060547
26.921516 	 4.126099 	 0.019888 	 0.070709
26.873932 	 4.118073 	 0.005987 	 0.059448
26.825441 	 4.297028 	 -0.016703 	 0.024628
26.776044 	 4.150177 	 -0.008426 	 0.008453
26.732085 	 4.265594 	 0.016480 	 0.030457
26.685406 	 4.201202 	 -0.008181 	 0.024689
26.638275 	 4.116455 	 0.021838 	 0.044006
26.593863 	 4.203644 	 -0.015840 	 0.024780
26.547185 	 4.196320 	 -0.010780 	 0.005249
26.500507 	 4.172424 	 0.007244 	 0.020508
26.454735 	 4.076752 	 0.024288 	 0.050415
26.407150 	 4.143494 	 0.003963 	 0.049377
26.361378 	 4.103516 	 0.012006 	 0.049408
26.314700 	 4.082031 	 0.002834 	 0.043121
26.268475 	 4.284393 	 0.045434 	 0.078430
26.222250 	 4.217682 	 0.043537 	 0.112213
26.174213 	 4.272278 	 0.059708 	 0.142609
26.129347 	 4.215210 	 0.017396 	 0.119171
26.083122 	 4.179291 	 0.009683 	 0.083313
26.035538 	 4.357483 	 0.001843 	 0.057098
25.989766 	 4.161499 	 0.011856 	 0.052063
25.942181 	 4.160309 	 0.015116 	 0.057465
25.895956 	 4.228088 	 0.011601 	 0.057404
25.850185 	 4.157166 	 -0.001630 	 0.041504
25.803960 	 4.150421 	 -0.006967 	 0.023376
25.755469 	 4.171234 	 0.035047 	 0.057861
25.710150 	 4.300415 	 -0.006924 	 0.045532
25.665738 	 4.161469 	 0.000916 	 0.031311
25.615434 	 4.226501 	 0.019633 	 0.047974
25.570569 	 4.280182 	 0.002546 	 0.045227
25.522531 	 4.189514 	 0.009992 	 0.044922
25.482198 	 4.221436 	 -0.022956 	 0.013031
25.433707 	 4.141876 	 0.004794 	 0.014404
25.387482 	 4.120880 	 0.003643 	 0.025024
25.341257 	 4.233215 	 0.002344 	 0.028046
25.295032 	 4.207611 	 -0.012336 	 0.013062
25.248807 	 4.238739 	 -0.017556 	 -0.004059
25.198956 	 4.293640 	 0.016607 	 0.021423
25.153185 	 4.262482 	 0.019590 	 0.049774
25.108772 	 4.258423 	 0.013561 	 0.057678
25.063454 	 4.160065 	 -0.009087 	 0.034637
25.015869 	 4.123260 	 -0.003462 	 0.020538
24.968738 	 4.199371 	 0.001001 	 0.020782
24.921153 	 4.095276 	 0.008139 	 0.031891
24.877647 	 4.315277 	 0.001726 	 0.032318
24.830516 	 4.174988 	 -0.011931 	 0.015472
24.781119 	 4.155579 	 0.021817 	 0.037964
24.736253 	 4.231628 	 0.021518 	 0.060974
24.690482 	 4.146332 	 -0.006008 	 0.042847
24.643803 	 4.252289 	 0.022126 	 0.052643
24.597578 	 4.195740 	 -0.007958 	 0.038025
24.550900 	 4.106476 	 0.005284 	 0.033234
24.506488 	 4.158569 	 -0.000181 	 0.028442
24.456184 	 4.203674 	 -0.000991 	 0.024414
24.409506 	 4.071899 	 0.021316 	 0.045868
24.365547 	 4.042450 	 0.029508 	 0.072510
24.320229 	 4.204010 	 -0.034600 	 0.021179
24.272644 	 4.268433 	 0.029678 	 0.039001
24.229591 	 4.129181 	 0.014828 	 0.057709
24.180647 	 4.138733 	 0.010163 	 0.055328
24.135329 	 4.274048 	 0.001204 	 0.043121
24.087291 	 4.259186 	 0.016480 	 0.048920
24.037440 	 4.262634 	 0.009108 	 0.052185
23.993028 	 4.156067 	 0.008043 	 0.048798
23.949522 	 4.186432 	 -0.010290 	 0.027252
23.901938 	 4.061493 	 0.013976 	 0.035126
23.856166 	 4.134521 	 -0.011068 	 0.022797
23.805862 	 4.172485 	 0.004453 	 0.023285
23.762810 	 4.217834 	 0.024384 	 0.051453
23.715678 	 4.131958 	 0.031532 	 0.078705
23.669907 	 4.095428 	 -0.017747 	 0.042297
23.625041 	 4.197083 	 0.003526 	 0.027954
23.573378 	 4.059509 	 -0.007585 	 0.018707
23.528966 	 4.153381 	 0.034621 	 0.053711
23.485460 	 4.190216 	 0.016490 	 0.067535
23.438782 	 4.154297 	 0.037497 	 0.088684
23.388931 	 4.128662 	 -0.028677 	 0.035889
23.342253 	 4.235687 	 -0.012208 	 0.003937
23.299200 	 4.223358 	 0.013923 	 0.024384
23.249803 	 4.289581 	 0.019217 	 0.050049
23.204938 	 4.179382 	 0.027878 	 0.072174
23.159166 	 4.137115 	 0.009982 	 0.066559
23.109769 	 4.096832 	 0.020762 	 0.068085
23.064450 	 4.113586 	 0.004794 	 0.057007
23.020038 	 4.047272 	 -0.007585 	 0.033508
22.970641 	 4.229126 	 -0.002663 	 0.021454
22.926228 	 4.147980 	 0.012868 	 0.035187
22.878644 	 4.132172 	 -0.000138 	 0.033875
22.831966 	 4.154175 	 0.011484 	 0.039978
22.783928 	 4.110413 	 0.018418 	 0.055573
22.741328 	 4.142242 	 0.024086 	 0.070374
22.696010 	 4.293823 	 -0.010440 	 0.043488
22.647519 	 4.112305 	 0.001736 	 0.029877
22.601747 	 4.120270 	 0.019814 	 0.047119
22.554616 	 4.232391 	 -0.004314 	 0.038788
22.506578 	 4.209259 	 0.001939 	 0.029175
22.463072 	 4.216309 	 -0.019217 	 0.006317
22.415941 	 4.130280 	 0.010930 	 0.019379
22.367450 	 4.130402 	 0.013049 	 0.040100
22.322585 	 4.068024 	 0.030680 	 0.067780
22.277266 	 4.158356 	 -0.006924 	 0.047974
22.226509 	 4.226379 	 0.004708 	 0.036713
22.184363 	 4.198914 	 0.028293 	 0.062439
22.136325 	 4.123291 	 0.011068 	 0.064484
22.091460 	 4.214478 	 -0.002482 	 0.042542
22.044781 	 4.131683 	 0.004740 	 0.036438
21.998557 	 4.257233 	 -0.003196 	 0.028320
21.950972 	 4.113281 	 0.001321 	 0.025757
21.904747 	 4.223206 	 0.013742 	 0.039520
21.855350 	 4.205322 	 0.017534 	 0.054565
21.813203 	 4.318237 	 0.024895 	 0.070557
21.764713 	 4.179657 	 0.011952 	 0.067413
21.721660 	 4.229279 	 0.003260 	 0.051392
21.672263 	 4.186890 	 0.037753 	 0.076813
21.626038 	 4.207886 	 -0.020900 	 0.040619
21.580266 	 4.136475 	 -0.029210 	 -0.007324
21.534041 	 4.061493 	 0.010099 	 0.009064
21.488269 	 4.157196 	 -0.004953 	 0.015930
21.440685 	 4.374359 	 0.020900 	 0.040527
21.398085 	 4.266724 	 0.030445 	 0.071808
21.346422 	 4.227753 	 0.023990 	 0.081329
21.301103 	 4.339233 	 -0.017204 	 0.041016
21.257144 	 4.225006 	 0.022445 	 0.047852
21.209560 	 4.201202 	 0.027505 	 0.072357
21.162881 	 4.190247 	 -0.022946 	 0.033356
21.114391 	 4.223541 	 0.003068 	 0.020081
21.069072 	 4.201599 	 -0.009694 	 0.012817
21.021487 	 4.156433 	 0.033119 	 0.049347
20.977528 	 4.227600 	 -0.024885 	 0.022522
20.929944 	 4.140320 	 0.003079 	 0.015533
20.883719 	 4.133453 	 -0.010994 	 0.009644
20.836588 	 4.213409 	 0.000778 	 0.013153
20.790363 	 4.135315 	 -0.004016 	 0.014069
20.745044 	 4.193726 	 0.008064 	 0.027161
20.697006 	 4.268860 	 -0.009673 	 0.018066
20.652141 	 4.230774 	 0.018440 	 0.036530
20.605916 	 4.186707 	 0.006690 	 0.042755
20.559691 	 4.270691 	 0.005678 	 0.039856
20.513466 	 4.220184 	 -0.001917 	 0.030762
20.465881 	 4.131439 	 -0.008107 	 0.016968
20.420110 	 4.200562 	 0.019068 	 0.037476
20.374791 	 4.126221 	 0.006999 	 0.044830
20.327660 	 4.112610 	 0.022765 	 0.059326
20.281435 	 4.216248 	 0.015862 	 0.065369
20.234303 	 4.238556 	 0.041428 	 0.091400
20.188985 	 4.138672 	 0.011718 	 0.081848
20.143213 	 4.165588 	 0.014477 	 0.069214
20.093816 	 4.246338 	 0.006179 	 0.056305
20.047591 	 4.198364 	 0.028773 	 0.071442
20.004538 	 4.245331 	 0.003665 	 0.060913
19.956500 	 4.128357 	 0.037657 	 0.081909
19.908009 	 4.106506 	 0.003121 	 0.067932
19.862238 	 4.150299 	 0.027494 	 0.072876
19.815559 	 4.235352 	 0.009492 	 0.067749
19.772054 	 4.126404 	 -0.006541 	 0.041626
19.723109 	 4.253052 	 0.016607 	 0.046631
19.677791 	 4.210510 	 0.003047 	 0.045410
19.631113 	 4.079376 	 0.049865 	 0.086426
19.583528 	 4.109253 	 0.009342 	 0.081726
19.537303 	 4.153137 	 -0.025598 	 0.025970
19.493344 	 4.152679 	 0.000767 	 0.014648
19.447572 	 4.182617 	 0.023180 	 0.044952
19.399081 	 4.196747 	 -0.000969 	 0.042328
19.354216 	 4.130707 	 0.014019 	 0.046509
19.309351 	 4.251526 	 -0.000362 	 0.039795
19.260860 	 4.197418 	 -0.001129 	 0.029846
19.215088 	 4.163055 	 -0.007329 	 0.018494
19.167503 	 4.175201 	 -0.011931 	 0.005890
19.119012 	 4.167267 	 -0.019292 	 -0.008881
19.074147 	 4.216309 	 -0.000874 	 0.000610
19.027922 	 4.174072 	 0.017758 	 0.031067
18.978978 	 4.252991 	 0.017811 	 0.052856
18.935925 	 4.211151 	 -0.002418 	 0.041168
18.890154 	 4.266296 	 0.009449 	 0.040100
18.841663 	 4.082458 	 0.004144 	 0.038940
18.796797 	 4.201630 	 0.028368 	 0.061310
18.750119 	 4.206299 	 0.005220 	 0.057404
18.704347 	 4.081268 	 0.012410 	 0.053192
18.654044 	 4.176056 	 0.024821 	 0.068787
18.609178 	 4.219330 	 0.009460 	 0.063934
18.563406 	 4.089691 	 -0.007414 	 0.038452
18.515369 	 4.188354 	 0.033716 	 0.062927
18.472769 	 4.222717 	 0.014179 	 0.069733
18.424278 	 4.209381 	 -0.012964 	 0.036255
18.378506 	 4.195221 	 0.001555 	 0.025970
18.330016 	 4.197144 	 -0.002386 	 0.023193
18.286510 	 4.119202 	 -0.017343 	 0.003754
18.238472 	 4.135345 	 0.002344 	 0.010468
18.190434 	 4.232697 	 0.009918 	 0.028961
18.144662 	 4.176788 	 0.010472 	 0.040894
18.099797 	 4.208344 	 0.017449 	 0.053741
18.053572 	 4.369385 	 -0.007542 	 0.036011
18.007347 	 4.223328 	 0.014626 	 0.040802
17.962029 	 4.163483 	 0.028826 	 0.068634
17.913991 	 4.087280 	 0.024288 	 0.081482
17.866859 	 4.239685 	 0.001971 	 0.060455
17.821088 	 4.215302 	 -0.012091 	 0.027802
17.773503 	 4.253235 	 -0.023297 	 -0.002899
17.727731 	 4.168488 	 0.027249 	 0.031036
17.681053 	 4.121399 	 -0.004506 	 0.032867
17.633922 	 4.163239 	 -0.006946 	 0.018555
17.589056 	 4.266113 	 -0.005135 	 0.013245
17.541019 	 4.173309 	 0.020847 	 0.038513
17.492075 	 4.219696 	 0.005561 	 0.044525
17.450381 	 4.198273 	 0.022424 	 0.058533
17.403703 	 4.244385 	 -0.008096 	 0.039032
17.356119 	 4.004883 	 -0.037923 	 -0.012115
17.308534 	 4.134735 	 -0.014072 	 -0.020447
17.262309 	 4.188538 	 0.001033 	 -0.000610
17.219257 	 3.896545 	 0.020858 	 0.035614
17.171219 	 3.992187 	 0.014828 	 0.053314
17.123634 	 4.080048 	 0.030158 	 0.074036
17.078769 	 4.254730 	 0.005497 	 0.063873
17.029825 	 4.208099 	 0.008767 	 0.052032
16.984959 	 4.045563 	 0.001939 	 0.041321
16.938734 	 4.217651 	 0.009438 	 0.041931
16.894322 	 4.136444 	 0.021188 	 0.058044
16.849004 	 4.163177 	 0.011697 	 0.059296
16.799153 	 4.233063 	 -0.018834 	 0.024353
16.753381 	 4.039093 	 0.001321 	 0.018280
16.704890 	 4.260590 	 0.023446 	 0.046143
16.659572 	 4.130341 	 -0.024331 	 0.017578
16.612894 	 4.240601 	 0.001172 	 0.011627
16.567122 	 4.228210 	 -0.013295 	 0.005432
16.519991 	 4.195312 	 0.016000 	 0.026245
16.471953 	 4.222290 	 0.031724 	 0.065155
16.430260 	 4.187897 	 -0.013880 	 0.040527
16.379956 	 4.145355 	 -0.006189 	 0.018219
16.336903 	 4.164093 	 0.004645 	 0.023468
16.288866 	 4.197876 	 0.010077 	 0.036377
16.241281 	 4.252686 	 -0.018536 	 0.013885
16.194603 	 4.180176 	 -0.006732 	 0.004852
16.149738 	 4.083527 	 -0.015819 	 -0.003296
16.104419 	 4.094147 	 0.016991 	 0.022644
16.055928 	 4.226501 	 0.002706 	 0.032440
16.011969 	 4.230957 	 0.047990 	 0.079163
15.966197 	 4.136200 	 0.018269 	 0.087494
15.919066 	 4.184296 	 0.017087 	 0.077118
15.873294 	 4.164429 	 0.007766 	 0.062347
15.827975 	 4.055847 	 0.008693 	 0.052490
15.780844 	 4.100464 	 -0.015510 	 0.022797
15.732806 	 4.140015 	 0.014839 	 0.031219
15.683862 	 4.210297 	 -0.013422 	 0.019257
15.638544 	 4.242615 	 -0.004091 	 0.011383
15.595038 	 4.033295 	 0.020996 	 0.038239
15.549266 	 4.163025 	 -0.032981 	 0.005219
15.502135 	 4.139160 	 -0.008575 	 -0.006714
15.455457 	 4.215485 	 -0.006189 	 0.000061
15.408325 	 4.204224 	 -0.018152 	 -0.008240
15.364366 	 4.243622 	 -0.004080 	 -0.002502
15.316328 	 4.243530 	 0.004985 	 0.014954
15.273276 	 4.199249 	 0.001087 	 0.022552
15.223425 	 4.151245 	 0.012485 	 0.036133
15.177654 	 4.195129 	 -0.000128 	 0.034607
15.130975 	 4.203339 	 -0.001193 	 0.026123
15.083391 	 4.215576 	 0.019537 	 0.044159
15.038072 	 4.208221 	 0.000724 	 0.041290
14.992300 	 4.264160 	 0.001097 	 0.032837
14.942450 	 4.176971 	 0.001204 	 0.028473
14.896678 	 4.204102 	 -0.016373 	 0.009369
14.850906 	 4.243317 	 0.021912 	 0.033539
14.807401 	 4.307281 	 -0.008629 	 0.028168
14.759363 	 4.212646 	 -0.013295 	 0.007538
14.714951 	 4.162750 	 0.027782 	 0.039520
14.668726 	 4.303833 	 -0.013135 	 0.028442
14.621141 	 4.149353 	 0.020560 	 0.041626
14.573557 	 4.160187 	 0.016043 	 0.057373
14.525972 	 4.258698 	 0.012048 	 0.057678
14.480200 	 4.078735 	 0.022413 	 0.066772
14.432616 	 4.279510 	 0.012954 	 0.065399
14.390469 	 4.194458 	 0.006306 	 0.054016
14.339713 	 4.113129 	 0.000266 	 0.040771
14.294847 	 4.075562 	 -0.018173 	 0.013000
14.250888 	 4.170197 	 -0.028240 	 -0.017822
14.203304 	 4.166626 	 0.017492 	 0.011017
14.156172 	 4.272980 	 0.018983 	 0.044342
14.105415 	 4.261261 	 0.010269 	 0.050903
14.063722 	 4.141327 	 -0.006871 	 0.032166
14.014778 	 4.098816 	 -0.002535 	 0.022583
13.973538 	 4.272369 	 0.014477 	 0.037567
13.924594 	 4.106232 	 0.013710 	 0.049438
13.876556 	 4.282928 	 0.011814 	 0.053284
13.831691 	 4.258392 	 0.007254 	 0.049133
13.783653 	 4.158234 	 0.017939 	 0.056976
13.738788 	 4.165314 	 0.025929 	 0.073792
13.693469 	 4.331207 	 -0.000138 	 0.055878
13.646338 	 4.240082 	 0.011302 	 0.048859
13.601019 	 4.206116 	 0.005135 	 0.044830
13.555701 	 4.214386 	 0.032256 	 0.069916
13.506303 	 4.043152 	 -0.009183 	 0.047607
13.458266 	 4.286346 	 -0.024256 	 0.005096
13.414760 	 4.206299 	 0.015169 	 0.020447
13.366722 	 4.038483 	 -0.000213 	 0.027496
13.320044 	 4.262451 	 0.001044 	 0.025726
13.271100 	 4.159332 	 -0.006221 	 0.018250
13.226688 	 4.201233 	 -0.010962 	 0.007141
13.182275 	 4.242310 	 0.011622 	 0.023193
13.132425 	 4.346436 	 0.007084 	 0.035858
13.089372 	 4.275909 	 -0.012730 	 0.018768
13.039975 	 4.173401 	 0.019963 	 0.036774
12.994656 	 4.160095 	 -0.011942 	 0.024963
12.948431 	 4.178680 	 0.010802 	 0.029816
12.900847 	 4.252289 	 0.002546 	 0.033783
12.856888 	 4.254181 	 0.007947 	 0.037384
12.812476 	 4.029327 	 0.012954 	 0.046692
12.765344 	 3.924561 	 0.019910 	 0.060547
12.715947 	 4.231720 	 0.010908 	 0.059784
12.671535 	 4.140320 	 0.053316 	 0.099915
12.624403 	 4.227448 	 0.018472 	 0.099457
12.579085 	 4.024261 	 -0.004506 	 0.059418
12.532407 	 4.200653 	 0.011569 	 0.049622
12.483916 	 4.307251 	 0.005742 	 0.046753
12.438144 	 4.216583 	 0.002173 	 0.038116
12.395091 	 4.105164 	 0.020027 	 0.051636
12.346147 	 4.236908 	 0.010280 	 0.055511
12.298563 	 4.164001 	 -0.002397 	 0.039734
12.249619 	 4.115143 	 0.010610 	 0.040863
12.205659 	 4.300964 	 -0.014828 	 0.019562
12.161700 	 4.157532 	 -0.005209 	 0.010895
12.110490 	 4.195374 	 0.008650 	 0.024506
12.065625 	 4.149536 	 -0.013039 	 0.012970
12.020306 	 4.107269 	 0.008437 	 0.022644
11.975894 	 4.158630 	 0.006328 	 0.031952
11.927856 	 4.199554 	 -0.005007 	 0.022919
11.881178 	 4.148590 	 0.014413 	 0.036285
11.835860 	 4.172424 	 -0.015350 	 0.018585
11.788728 	 4.203918 	 0.029316 	 0.046112
11.740691 	 4.194946 	 0.012741 	 0.058960
11.696278 	 4.109314 	 0.005561 	 0.049347
11.650960 	 4.118225 	 -0.004208 	 0.031738
11.602469 	 4.066315 	 -0.003622 	 0.021301
11.555791 	 4.178314 	 0.004485 	 0.025879
11.512285 	 4.222626 	 0.009428 	 0.036713
11.461075 	 4.259277 	 -0.045380 	 -0.014313
11.418022 	 4.062347 	 -0.003206 	 -0.015320
11.369531 	 4.090363 	 0.028325 	 0.035095
11.323306 	 4.254547 	 -0.004176 	 0.035767
11.277081 	 4.137360 	 0.002919 	 0.031097
11.229950 	 4.189972 	 0.011132 	 0.039032
11.184178 	 4.264252 	 0.030413 	 0.067596
11.138860 	 4.285339 	 -0.017928 	 0.037262
11.089915 	 4.219360 	 0.000277 	 0.021942
11.046863 	 4.143433 	 0.018972 	 0.044312
10.999278 	 4.184509 	 0.016480 	 0.058258
10.952600 	 4.274384 	 0.016394 	 0.062225
10.905469 	 4.084656 	 0.008171 	 0.055756
10.859244 	 4.049316 	 -0.002493 	 0.039764
10.814832 	 4.178223 	 0.019878 	 0.051270
10.768607 	 4.200378 	 -0.011601 	 0.032074
10.718756 	 4.231567 	 -0.009566 	 0.012360
10.674797 	 4.171234 	 -0.007414 	 0.007111
10.629478 	 4.314972 	 -0.009097 	 0.004272
10.585973 	 4.205780 	 -0.000533 	 0.010376
10.532950 	 4.140503 	 0.035324 	 0.054779
10.492163 	 4.239105 	 0.003121 	 0.054871
10.445485 	 4.140076 	 -0.003441 	 0.034576
10.399260 	 4.108307 	 -0.021678 	 0.004120
10.352129 	 4.191406 	 -0.007436 	 -0.001526
10.304091 	 4.229309 	 0.010962 	 0.020203
10.256053 	 4.150146 	 -0.006061 	 0.020050
10.210735 	 4.160522 	 0.004091 	 0.023651
10.164963 	 4.161682 	 0.000160 	 0.026123
10.116472 	 4.121521 	 -0.003324 	 0.020752
10.068434 	 4.176422 	 0.014275 	 0.035736
10.025381 	 4.204071 	 0.006125 	 0.040710
9.980063 	 4.172302 	 -0.004964 	 0.027710
9.932478 	 4.056305 	 -0.003100 	 0.020508
9.884894 	 4.224579 	 -0.008927 	 0.011414
9.838216 	 4.185547 	 -0.017960 	 -0.004425
9.793803 	 4.183289 	 0.005625 	 0.010010
9.746219 	 4.182434 	 -0.027516 	 -0.011383
9.697728 	 4.314240 	 0.025119 	 0.023315
9.652409 	 4.158600 	 0.012613 	 0.046783
9.604825 	 4.176636 	 0.008725 	 0.047516
9.558147 	 4.240295 	 -0.025971 	 0.010193
9.515547 	 4.187134 	 0.015745 	 0.023712
9.468869 	 4.210999 	 -0.015510 	 0.013458
9.423550 	 4.164124 	 -0.019217 	 -0.006836
9.373247 	 4.306549 	 -0.010429 	 -0.008484
9.330647 	 4.259094 	 -0.015020 	 -0.010742
9.282156 	 4.122101 	 0.001736 	 0.004211
9.232759 	 4.157440 	 0.039543 	 0.055939
9.188800 	 4.263306 	 -0.002237 	 0.051147
9.143028 	 4.219208 	 -0.019175 	 0.014954
9.097256 	 4.093262 	 -0.034078 	 -0.023071
9.049219 	 4.048431 	 0.033151 	 0.022919
9.000728 	 4.138733 	 -0.002674 	 0.034180
8.958128 	 4.134644 	 -0.004677 	 0.021667
8.912357 	 4.169495 	 -0.011963 	 0.007874
8.862053 	 4.178284 	 -0.001342 	 0.010742
8.818547 	 4.092560 	 0.002589 	 0.020020
8.770963 	 4.033020 	 -0.015127 	 0.007294
8.727457 	 4.161285 	 -0.039170 	 -0.030365
8.678513 	 4.169617 	 -0.005593 	 -0.022583
8.635460 	 4.138062 	 -0.013007 	 -0.012451
8.586969 	 4.135071 	 -0.014051 	 -0.012726
8.539838 	 4.122345 	 -0.028336 	 -0.027252
8.494972 	 4.160278 	 0.006104 	 -0.005646
8.447841 	 4.139374 	 -0.027718 	 -0.016083
8.402069 	 4.270447 	 -0.013976 	 -0.020691
8.353578 	 4.096375 	 0.018269 	 0.016907
8.306900 	 4.097382 	 -0.014072 	 0.012726
8.261128 	 4.197449 	 -0.000607 	 0.012299
8.215810 	 4.224701 	 -0.056331 	 -0.041077
8.168225 	 4.212891 	 -0.018078 	 -0.048004
8.119734 	 4.078400 	 0.000490 	 -0.014496
8.076682 	 4.193451 	 -0.022861 	 -0.017365
8.030003 	 4.257202 	 -0.009481 	 -0.015076
7.980606 	 4.085114 	 -0.019537 	 -0.018280
7.936194 	 4.270386 	 -0.018291 	 -0.022400
7.890875 	 4.190674 	 -0.017641 	 -0.022766
7.842838 	 4.157196 	 -0.009502 	 -0.014374
7.800238 	 4.101257 	 -0.003121 	 -0.001434
7.749934 	 4.033325 	 0.019335 	 0.030914
7.701443 	 4.046509 	 0.009555 	 0.044159
7.655219 	 4.064362 	 0.002748 	 0.038116
7.611713 	 4.227295 	 -0.006935 	 0.023804
7.566847 	 4.141174 	 -0.028805 	 -0.009705
7.517450 	 4.225006 	 -0.013646 	 -0.017029
7.471678 	 4.169708 	 0.020943 	 0.021790
7.425453 	 4.044403 	 0.004953 	 0.036835
7.376509 	 4.079468 	 -0.029689 	 -0.000214
7.334816 	 4.141479 	 0.003558 	 0.004181
7.287685 	 4.148926 	 -0.017289 	 -0.002136
7.240100 	 4.156311 	 -0.003143 	 0.001160
7.191609 	 4.262054 	 -0.013508 	 -0.001740
7.147650 	 4.218994 	 0.009172 	 0.015381
7.100972 	 4.092224 	 0.058568 	 0.328949
7.052481 	 4.126160 	 0.008021 	 0.189301
7.008069 	 4.202179 	 0.018919 	 0.121094
6.959578 	 4.095245 	 -0.002450 	 0.073486
6.913806 	 4.216125 	 -0.019920 	 0.025055
6.868034 	 4.095337 	 0.005060 	 0.022430
6.821809 	 4.138550 	 0.008021 	 0.035919
6.776944 	 4.172424 	 0.011175 	 0.044250
6.726640 	 4.100494 	 0.001023 	 0.037689
6.683134 	 4.223846 	 0.001033 	 0.031769
6.634190 	 4.266113 	 0.002887 	 0.031036
6.591138 	 4.034790 	 -0.016245 	 0.007996
6.542194 	 4.139191 	 -0.000043 	 0.009430
6.495969 	 4.031677 	 -0.016480 	 -0.000641
6.451103 	 4.156799 	 0.009523 	 0.016052
6.406691 	 4.085175 	 0.012528 	 0.036621
6.360919 	 4.287262 	 0.003665 	 0.037811
6.311975 	 4.165955 	 -0.002077 	 0.029236
6.264844 	 4.175415 	 -0.016767 	 0.008453
6.217712 	 4.179718 	 -0.003601 	 0.004883
6.170128 	 4.206848 	 0.000383 	 0.015381
6.127075 	 4.261261 	 0.021817 	 0.041779
6.078584 	 4.218140 	 -0.002919 	 0.036896
6.032359 	 4.180145 	 0.004762 	 0.032745
5.987041 	 4.275269 	 -0.041609 	 -0.014923
5.939909 	 4.178894 	 -0.012410 	 -0.023468
5.894591 	 4.233276 	 -0.031596 	 -0.035309
5.848819 	 4.137085 	 0.012528 	 -0.002563
5.802141 	 4.216064 	 -0.013998 	 0.003937
5.756369 	 4.160187 	 -0.049577 	 -0.042664
5.708331 	 4.168457 	 -0.011366 	 -0.038239
5.663466 	 4.143341 	 -0.006850 	 -0.015686
5.617241 	 4.152863 	 -0.016128 	 -0.013947
5.569656 	 4.156342 	 -0.023297 	 -0.024384
5.521165 	 4.110565 	 0.009246 	 0.002350
5.475847 	 4.251373 	 -0.008149 	 0.008179
5.428262 	 4.126648 	 -0.012325 	 0.001068
5.383850 	 4.189636 	 0.019505 	 0.029388
5.337172 	 4.247772 	 -0.019942 	 0.013306
5.288228 	 4.197174 	 0.000043 	 0.011536
5.243362 	 4.265625 	 -0.009108 	 0.008728
5.196684 	 4.152863 	 -0.037412 	 -0.027374
5.152272 	 4.152618 	 -0.009928 	 -0.025482
5.104234 	 4.112885 	 -0.009843 	 -0.012665
5.059822 	 4.228119 	 -0.013859 	 -0.012756
5.010425 	 4.250519 	 0.030104 	 0.033020
4.966466 	 4.159332 	 -0.008831 	 0.031891
4.918428 	 4.138824 	 -0.010983 	 0.012756
4.873563 	 4.113403 	 -0.046456 	 -0.034149
4.826431 	 4.201263 	 -0.025162 	 -0.047180
4.777487 	 4.291260 	 -0.018685 	 -0.037842
4.733075 	 4.153198 	 -0.031234 	 -0.044067
4.685490 	 3.988434 	 -0.021263 	 -0.042145
4.640625 	 4.234711 	 -0.025236 	 -0.040375
4.593494 	 4.204285 	 0.013625 	 -0.001190
4.545456 	 4.072784 	 -0.008586 	 0.007996
4.500591 	 4.146057 	 -0.022296 	 -0.010193
4.453459 	 4.249268 	 -0.060187 	 -0.063904
4.406328 	 4.272369 	 -0.009939 	 -0.050720
4.361009 	 4.250214 	 -0.008096 	 -0.022186
4.316144 	 4.203430 	 -0.023074 	 -0.025940
4.269919 	 4.045380 	 -0.027431 	 -0.037262
4.223694 	 4.079590 	 -0.027558 	 -0.044220
4.176109 	 4.112946 	 -0.030744 	 -0.050018
4.128072 	 4.117218 	 -0.021636 	 -0.044952
4.085925 	 4.119354 	 -0.023276 	 -0.041168
4.037434 	 4.139191 	 -0.027644 	 -0.044861
3.992569 	 4.347504 	 -0.017524 	 -0.037140
3.943625 	 4.207367 	 -0.019249 	 -0.031097
3.896040 	 4.212555 	 -0.010440 	 -0.019867
3.850269 	 4.132050 	 -0.004645 	 -0.005432
3.805403 	 4.129089 	 -0.037284 	 -0.030365
3.759178 	 4.172302 	 -0.040331 	 -0.058014
3.714766 	 4.139343 	 -0.045529 	 -0.077026
3.665822 	 4.113556 	 -0.040331 	 -0.079437
3.619597 	 4.180206 	 -0.019707 	 -0.059875
3.572012 	 4.159393 	 -0.044304 	 -0.067993
3.526241 	 4.098206 	 -0.056747 	 -0.095490
3.480016 	 4.281982 	 -0.057194 	 -0.112885
3.434244 	 4.024353 	 -0.072427 	 -0.136780
3.390285 	 4.052612 	 -0.051985 	 -0.132538
3.339075 	 4.218231 	 -0.053487 	 -0.124176
3.295569 	 4.195831 	 -0.049247 	 -0.116364
3.248438 	 4.036194 	 -0.050845 	 -0.113617
3.199947 	 4.075348 	 -0.037529 	 -0.098816
3.157347 	 4.263062 	 -0.069988 	 -0.119232
3.110669 	 4.221039 	 -0.031148 	 -0.101440
3.064444 	 4.201172 	 -0.043804 	 -0.091644
3.014594 	 4.165649 	 -0.058888 	 -0.107300
2.969728 	 4.195129 	 -0.060006 	 -0.121857
2.923956 	 4.124420 	 -0.055053 	 -0.124725
2.874106 	 4.236481 	 -0.048938 	 -0.116760
2.831053 	 4.107391 	 -0.018802 	 -0.078033
2.785735 	 4.217072 	 -0.024810 	 -0.055511
2.740869 	 4.110687 	 -0.053508 	 -0.078491
2.690565 	 4.251068 	 -0.048928 	 -0.095642
2.643434 	 4.265503 	 -0.038041 	 -0.090668
2.596303 	 4.293610 	 -0.042941 	 -0.088348
2.550531 	 3.411804 	 -0.571738 	 -0.643860
2.505212 	 3.294952 	 -0.575243 	 -1.111816
2.458081 	 3.204834 	 -0.566742 	 -1.310944
2.415028 	 3.381531 	 -0.550316 	 -1.380585
2.367444 	 3.302002 	 -0.544286 	 -1.398865
2.315781 	 3.198242 	 -0.564132 	 -1.427704
2.274994 	 3.335999 	 -0.544318 	 -1.427856
2.225143 	 3.273834 	 -0.551349 	 -1.426727
2.179372 	 3.472961 	 -0.524025 	 -1.402527
2.136319 	 3.313904 	 -0.531855 	 -1.389038
2.086469 	 3.350800 	 -0.525815 	 -1.380127
2.042509 	 3.379791 	 -0.504999 	 -1.352325
1.993112 	 3.423279 	 -0.524749 	 -1.352936
1.946434 	 3.288422 	 -0.510315 	 -1.344696
1.902928 	 3.384186 	 -0.492589 	 -1.316437
1.857156 	 3.378174 	 -0.493452 	 -1.298401
1.808665 	 3.453918 	 -0.483715 	 -1.280762
1.762894 	 3.185913 	 -0.453994 	 -1.237518
1.716216 	 3.467010 	 -0.475736 	 -1.230194
1.670444 	 3.384979 	 -0.483087 	 -1.241882
1.622859 	 3.451782 	 -0.504158 	 -1.272552
1.576181 	 3.332214 	 -0.469462 	 -1.258789
1.529050 	 3.413055 	 -0.453515 	 -1.223083
1.485544 	 3.371735 	 -0.443534 	 -1.190582
1.439772 	 3.418274 	 -0.450756 	 -1.178406
1.390375 	 3.452972 	 -0.440913 	 -1.165894
1.341884 	 3.476166 	 -0.480232 	 -1.196930
1.297925 	 3.357239 	 -0.421536 	 -1.164520
1.253513 	 3.362244 	 -0.452418 	 -1.158661
1.207288 	 3.549316 	 -0.418596 	 -1.133270
1.159250 	 3.522919 	 -0.409498 	 -1.099243
1.113478 	 3.361755 	 -0.410851 	 -1.080566
1.067706 	 3.412201 	 -0.382100 	 -1.042816
1.020122 	 3.456818 	 -0.358035 	 -0.988983
0.977069 	 3.538818 	 -0.335249 	 -0.932068
0.927219 	 3.475952 	 -0.339138 	 -0.902527
0.883260 	 3.452148 	 -0.342951 	 -0.891693
0.835222 	 3.486908 	 -0.318067 	 -0.864410
0.787184 	 3.461334 	 -0.254747 	 -0.774689
0.742319 	 3.595428 	 -0.276905 	 -0.732147
0.696094 	 3.467743 	 -0.243392 	 -0.686768
0.648509 	 3.375549 	 -0.226518 	 -0.635315
0.601378 	 3.356873 	 -0.177441 	 -0.553284
0.556512 	 3.354401 	 -0.143800 	 -0.461792
0.508022 	 3.289246 	 -0.134948 	 -0.397705
0.463156 	 3.098999 	 0.035995 	 -0.185089
0.416025 	 3.402863 	 -0.086670 	 -0.151031
0.369800 	 3.086029 	 -0.046328 	 -0.143066
0.324481 	 2.941772 	 0.044752 	 -0.025787
0.275084 	 2.761902 	 0.140050 	 0.164307
0.230219 	 2.387848 	 0.203551 	 0.353485
0.184447 	 2.528168 	 0.341865 	 0.609802
0.139581 	 2.440582 	 0.318695 	 0.756165
0.089731 	 1.836761 	 0.836403 	 1.355621
0.044412 	 1.778687 	 0.949257 	 1.953033
0.000000 	 1.272675 	 1.072327 	 2.394897
0.043506 	 1.722076 	 0.575829 	 2.121826
0.089731 	 1.572113 	 0.459608 	 1.677460
0.138675 	 2.386566 	 0.410297 	 1.384277
0.181728 	 2.326447 	 0.303249 	 1.122559
0.230219 	 2.771515 	 0.097685 	 0.746063
0.276443 	 3.044342 	 -0.016267 	 0.373474
0.328560 	 2.741333 	 0.146602 	 0.332642
0.368893 	 2.904022 	 0.050930 	 0.279602
0.414665 	 3.023987 	 -0.029316 	 0.131195
0.463609 	 3.355865 	 -0.136205 	 -0.079712
0.510741 	 3.309357 	 -0.189425 	 -0.273956
0.556059 	 3.461456 	 -0.186911 	 -0.379730
0.602284 	 3.377228 	 -0.192195 	 -0.432007
0.648056 	 3.450806 	 -0.219423 	 -0.487793
0.692468 	 3.306458 	 -0.265997 	 -0.574310
0.742319 	 3.419281 	 -0.239642 	 -0.602325
0.787637 	 3.413696 	 -0.264495 	 -0.631866
0.835222 	 3.484192 	 -0.291765 	 -0.683929
0.881900 	 3.425201 	 -0.297102 	 -0.724396
0.926765 	 3.384155 	 -0.312016 	 -0.760223
0.971631 	 3.531158 	 -0.370392 	 -0.844421
1.018309 	 3.359100 	 -0.381375 	 -0.917236
1.068159 	 3.388092 	 -0.375932 	 -0.948364
1.113478 	 3.425995 	 -0.405727 	 -0.991882
1.159703 	 3.226227 	 -0.424508 	 -1.043243
1.205475 	 3.332184 	 -0.410830 	 -1.058594
1.250340 	 3.334564 	 -0.402713 	 -1.052673
1.298378 	 3.461273 	 -0.448657 	 -1.094788
1.345963 	 3.461945 	 -0.447262 	 -1.131805
1.391281 	 3.394531 	 -0.423123 	 -1.122833
1.437053 	 3.443207 	 -0.479806 	 -1.169006
1.485544 	 3.570496 	 -0.433062 	 -1.161682
1.532675 	 3.344635 	 -0.476258 	 -1.186066
1.578447 	 3.464478 	 -0.473095 	 -1.211029
1.625578 	 3.461243 	 -0.450671 	 -1.197388
1.669991 	 3.502899 	 -0.444492 	 -1.175385
1.716669 	 3.371979 	 -0.465339 	 -1.187103
1.762894 	 3.539368 	 -0.489755 	 -1.223694
1.810931 	 3.328125 	 -0.534401 	 -1.298248
1.856250 	 3.324982 	 -0.529948 	 -1.345459
1.900662 	 3.374237 	 -0.484216 	 -1.316650
1.949606 	 3.282715 	 -0.533367 	 -1.337463
1.993112 	 3.382385 	 -0.509697 	 -1.341553
2.042509 	 3.378876 	 -0.483630 	 -1.305786
2.087375 	 3.446045 	 -0.481233 	 -1.277649
2.134053 	 3.400177 	 -0.506363 	 -1.291229
2.181184 	 3.581207 	 -0.522832 	 -1.324188
2.225597 	 3.484589 	 -0.512211 	 -1.333954
2.271368 	 3.265411 	 -0.507396 	 -1.328247
2.319859 	 3.320129 	 -0.579046 	 -1.399780
2.366537 	 3.391907 	 -0.555631 	 -1.437134
2.410950 	 3.205994 	 -0.574337 	 -1.463715
2.458534 	 3.337982 	 -0.561906 	 -1.469818
2.505212 	 3.267975 	 -0.531844 	 -1.435791
2.553703 	 3.324249 	 -0.561767 	 -1.440369
2.598569 	 3.358124 	 -0.546012 	 -1.437988
2.644794 	 3.366180 	 -0.534443 	 -1.418518
2.689659 	 3.281128 	 -0.548984 	 -1.420319
2.735884 	 3.261383 	 -0.527924 	 -1.404816
2.783015 	 3.566223 	 -0.524334 	 -1.384766
2.829694 	 3.475952 	 -0.515311 	 -1.366486
2.875465 	 4.075623 	 -0.076294 	 -0.895142
2.925769 	 4.251648 	 -0.026312 	 -0.452179
2.969728 	 4.137756 	 0.014445 	 -0.192871
3.015953 	 4.210602 	 -0.016022 	 -0.091309
3.061725 	 4.058746 	 -0.001513 	 -0.042358
3.107043 	 4.120605 	 -0.015723 	 -0.028259
3.154628 	 4.115204 	 -0.006051 	 -0.016327
3.200400 	 4.151642 	 0.007585 	 0.007904
3.248891 	 4.212463 	 0.011281 	 0.029083
3.292850 	 4.226379 	 -0.021124 	 0.006226
3.340434 	 4.209747 	 -0.019239 	 -0.014893
3.385753 	 4.109344 	 -0.017513 	 -0.021698
3.434244 	 4.213409 	 -0.013422 	 -0.019958
3.477750 	 4.113464 	 -0.024182 	 -0.028778
3.525787 	 4.258606 	 -0.010258 	 -0.021973
3.573372 	 4.113068 	 -0.036198 	 -0.039764
3.618690 	 4.103424 	 -0.017289 	 -0.037079
3.663103 	 4.245056 	 -0.009790 	 -0.021759
3.712500 	 4.206238 	 -0.007446 	 -0.010223
3.758272 	 4.125763 	 -0.030190 	 -0.028015
3.803590 	 4.089447 	 -0.033449 	 -0.048401
3.849362 	 4.169220 	 0.003281 	 -0.019592
3.898306 	 4.203735 	 -0.012464 	 -0.008057
3.940906 	 4.233276 	 -0.033364 	 -0.031555
3.988490 	 4.064331 	 -0.025577 	 -0.040802
4.036981 	 4.272217 	 -0.014498 	 -0.032318
4.083659 	 4.282806 	 -0.039979 	 -0.049805
4.128525 	 4.114502 	 -0.037146 	 -0.064575
4.178375 	 4.242371 	 -0.025162 	 -0.058868
4.221881 	 4.296448 	 -0.037263 	 -0.063904
4.268106 	 4.210419 	 -0.014168 	 -0.046539
4.313425 	 4.272583 	 -0.026621 	 -0.042236
4.361462 	 4.145477 	 -0.058622 	 -0.077667
4.408594 	 4.162445 	 -0.007531 	 -0.054443
4.454819 	 4.172363 	 0.002205 	 -0.012451
4.502403 	 4.211060 	 -0.016895 	 -0.010895
4.546815 	 4.249420 	 -0.020208 	 -0.020721
4.592134 	 4.315979 	 -0.014221 	 -0.019440
4.639265 	 4.180359 	 -0.007222 	 -0.011261
4.687303 	 4.158539 	 -0.008533 	 -0.005096
4.731715 	 4.243225 	 0.005444 	 0.012695
4.777034 	 4.256378 	 -0.000991 	 0.018890
4.825072 	 4.218201 	 -0.008064 	 0.011749
4.870390 	 4.109955 	 0.007095 	 0.021698
4.916615 	 4.130432 	 -0.016927 	 0.008423
4.964200 	 4.086578 	 0.011239 	 0.022186
5.010425 	 4.224487 	 -0.005316 	 0.021057
5.059369 	 4.238525 	 -0.019750 	 -0.000885
5.105594 	 4.126312 	 -0.020410 	 -0.017242
5.153632 	 4.263977 	 -0.010951 	 -0.013763
5.196231 	 4.288635 	 -0.042738 	 -0.042328
5.242456 	 4.272339 	 0.000831 	 -0.022705
5.290041 	 4.185730 	 -0.029114 	 -0.027435
5.336719 	 4.151276 	 -0.019484 	 -0.032288
5.382037 	 4.242096 	 0.013614 	 0.004150
5.427809 	 4.158813 	 0.024352 	 0.045288
5.477660 	 4.110687 	 0.006669 	 0.050110
5.523885 	 4.147278 	 -0.026557 	 0.008850
5.569656 	 4.269562 	 0.010237 	 0.016449
5.614069 	 4.236603 	 -0.008075 	 0.015594
5.662560 	 4.216003 	 -0.008629 	 0.006866
5.706519 	 4.107452 	 0.010461 	 0.023285
5.755009 	 4.306366 	 -0.006338 	 0.020172
5.801688 	 4.209412 	 -0.025684 	 -0.007874
5.846100 	 4.046265 	 0.009886 	 0.008728
5.894138 	 3.979584 	 -0.026983 	 -0.008118
5.940816 	 4.170563 	 -0.012815 	 -0.014832
5.988400 	 4.286591 	 -0.006860 	 -0.004944
6.030547 	 4.129547 	 -0.001140 	 0.006287
6.078584 	 4.115295 	 -0.003174 	 0.009827
6.123903 	 4.246124 	 -0.011643 	 0.003357
6.170128 	 4.247742 	 -0.023404 	 -0.015045
6.217712 	 4.269897 	 0.005561 	 0.002319
6.263031 	 4.243469 	 -0.008639 	 0.006012
6.308803 	 4.255463 	 0.018631 	 0.031342
6.356841 	 4.193756 	 -0.028123 	 0.005371
6.403065 	 4.232483 	 0.000181 	 0.004242
6.449290 	 4.164612 	 -0.027558 	 -0.014008
6.498688 	 4.110382 	 0.011143 	 0.006805
6.541740 	 4.158203 	 0.013188 	 0.034485
6.588872 	 4.308350 	 0.000522 	 0.033691
6.631924 	 4.163116 	 0.001150 	 0.029572
6.680869 	 4.175476 	 0.031702 	 0.059235
6.728000 	 4.152374 	 0.003867 	 0.056488
6.774678 	 4.195343 	 -0.003633 	 0.034760
6.818184 	 4.149170 	 -0.018323 	 0.007416
6.865315 	 4.137146 	 0.003601 	 0.011871
6.911540 	 4.203369 	 0.009992 	 0.028412
6.959578 	 4.251495 	 -0.012378 	 0.017090
7.008522 	 4.191833 	 -0.026546 	 -0.012207
7.052934 	 4.230713 	 -0.008767 	 -0.013458
7.098706 	 4.075684 	 0.002205 	 0.005646
7.145384 	 4.231659 	 -0.011047 	 0.004578
7.192969 	 4.140259 	 0.011782 	 0.022552
7.238741 	 4.215668 	 0.004463 	 0.032349
7.284966 	 4.267242 	 0.005561 	 0.034729
7.330284 	 4.202057 	 0.005763 	 0.037170
7.377869 	 4.235535 	 0.002248 	 0.035797
7.425000 	 4.206360 	 0.013731 	 0.044220
7.467146 	 4.323853 	 -0.015542 	 0.022308
7.517903 	 4.088501 	 0.015947 	 0.033875
7.563675 	 4.169464 	 0.003100 	 0.038269
7.609447 	 4.018829 	 -0.002844 	 0.028320
7.654765 	 4.075592 	 -0.016022 	 0.007507
7.701443 	 4.280029 	 -0.022807 	 -0.013885
7.748575 	 4.171509 	 -0.001832 	 -0.004578
7.795706 	 4.186584 	 0.008735 	 0.019135
7.842838 	 4.260040 	 0.017524 	 0.042999
7.888609 	 4.160736 	 0.000810 	 0.039917
7.931209 	 4.238525 	 0.007318 	 0.038086
7.980606 	 4.098541 	 -0.000192 	 0.032806
8.030457 	 4.269562 	 0.032895 	 0.061859
8.074869 	 4.119415 	 0.017630 	 0.070312
8.118828 	 4.160461 	 0.015872 	 0.068298
8.165959 	 4.231171 	 -0.002770 	 0.046387
8.213091 	 4.263336 	 0.005241 	 0.037750
8.257956 	 4.102234 	 -0.043527 	 -0.014374
8.306447 	 4.250458 	 0.023446 	 0.013428
8.351312 	 4.165527 	 0.002386 	 0.030914
8.397537 	 4.208618 	 -0.011281 	 0.014954
8.445575 	 4.126373 	 0.012655 	 0.027893
8.490894 	 4.158508 	 -0.008650 	 0.020874
8.535306 	 4.130219 	 -0.005603 	 0.012634
8.583797 	 4.272675 	 -0.009960 	 0.006287
8.628662 	 4.269440 	 0.007073 	 0.018890
8.678059 	 4.195343 	 0.000021 	 0.024567
8.722925 	 4.178314 	 0.018440 	 0.043030
8.770509 	 4.205902 	 0.007105 	 0.047028
8.815828 	 4.172333 	 0.013582 	 0.050079
8.864772 	 4.224274 	 0.015020 	 0.056519
8.909637 	 4.243103 	 0.014988 	 0.059021
8.956769 	 4.235138 	 0.006242 	 0.050598
9.002994 	 4.135986 	 -0.007286 	 0.029877
9.048312 	 4.119385 	 -0.021582 	 -0.000244
9.096803 	 4.162415 	 -0.005902 	 -0.002319
9.136230 	 4.332184 	 0.004783 	 0.014008
9.190160 	 4.235382 	 0.003121 	 0.024048
9.236385 	 4.158447 	 -0.018386 	 0.004364
9.279437 	 4.192444 	 -0.002621 	 0.004333
9.332007 	 4.079346 	 0.023255 	 0.037384
9.371434 	 4.267120 	 0.009428 	 0.048737
9.419925 	 4.208557 	 0.041833 	 0.082977
9.463884 	 4.175598 	 0.016789 	 0.083771
9.512828 	 4.127777 	 0.031798 	 0.090668
9.557693 	 4.361664 	 -0.021572 	 0.044647
9.602559 	 4.142242 	 0.016863 	 0.042267
9.649237 	 4.202515 	 0.010994 	 0.050568
9.698634 	 4.187744 	 0.002237 	 0.041779
9.743500 	 4.063446 	 -0.031031 	 0.000244
9.791537 	 4.183685 	 0.009928 	 0.010803
9.837309 	 4.224640 	 0.000831 	 0.023376
9.884441 	 4.212494 	 -0.003270 	 0.019562
9.929306 	 4.273285 	 0.009641 	 0.032104
9.978703 	 4.061890 	 -0.006573 	 0.024597
10.023116 	 4.271362 	 -0.001555 	 0.019318
10.069794 	 4.128296 	 -0.034504 	 -0.015106
10.118738 	 4.164368 	 -0.027004 	 -0.037750
10.160884 	 4.214539 	 0.013486 	 -0.000061
10.208469 	 4.187378 	 0.032086 	 0.052246
10.254694 	 4.069489 	 -0.008938 	 0.039398
10.299559 	 4.127136 	 -0.018109 	 0.007019
10.346237 	 4.264252 	 0.002248 	 0.011169
10.394275 	 4.128052 	 0.047543 	 0.067688
10.441859 	 4.170349 	 0.021444 	 0.084686
10.487631 	 4.357605 	 0.019803 	 0.080200
10.533856 	 4.245270 	 0.032789 	 0.089905
10.581441 	 4.217316 	 0.022072 	 0.089569
10.628119 	 4.033295 	 0.005071 	 0.067352
10.674797 	 4.314240 	 0.007222 	 0.052887
10.717850 	 4.301483 	 0.008980 	 0.049255
10.768607 	 4.251526 	 -0.025747 	 0.012848
10.811206 	 4.314392 	 -0.001886 	 0.006195
10.856525 	 4.163239 	 0.006796 	 0.022034
10.905016 	 4.220490 	 0.000756 	 0.026215
10.951241 	 4.154327 	 -0.000213 	 0.024628
10.999731 	 4.165436 	 -0.004932 	 0.018219
11.042331 	 4.115051 	 -0.004144 	 0.014160
11.091728 	 4.201233 	 -0.018770 	 -0.002808
11.138860 	 4.206726 	 0.012325 	 0.016693
11.184631 	 4.262482 	 0.003228 	 0.028107
11.229044 	 4.102478 	 0.003931 	 0.030487
11.277081 	 4.191925 	 0.006999 	 0.034424
11.324213 	 4.140381 	 -0.001758 	 0.029114
11.367719 	 4.140350 	 -0.009811 	 0.014374
11.415303 	 4.209961 	 0.008852 	 0.024475
11.461528 	 4.038269 	 -0.038626 	 -0.013428
11.508659 	 4.241913 	 -0.029604 	 -0.040466
11.556244 	 4.180115 	 -0.005912 	 -0.023224
11.602016 	 4.174011 	 0.002663 	 0.003113
11.646428 	 4.112274 	 -0.012836 	 0.003693
11.695372 	 4.249329 	 0.005422 	 0.015442
11.739331 	 4.250305 	 0.005816 	 0.028381
11.787369 	 4.201263 	 0.002770 	 0.030060
11.831328 	 4.284088 	 0.021412 	 0.049133
11.879366 	 4.106567 	 0.008906 	 0.054138
11.921965 	 4.160309 	 0.005049 	 0.046783
11.971362 	 4.244324 	 0.023542 	 0.060028
12.018947 	 4.042725 	 0.008725 	 0.058929
12.063812 	 4.171661 	 0.016778 	 0.061493
12.112756 	 4.118011 	 0.013028 	 0.060211
12.159435 	 4.202454 	 0.003622 	 0.048981
12.205659 	 4.109314 	 0.016352 	 0.053619
12.252791 	 4.310425 	 -0.027260 	 0.014618
12.300375 	 4.070404 	 -0.010514 	 -0.001678
12.341162 	 4.164093 	 -0.017044 	 -0.009308
12.391466 	 4.094208 	 -0.014520 	 -0.013245
12.436784 	 4.190216 	 0.010940 	 0.009735
12.482103 	 4.261505 	 0.026482 	 0.051361
12.530141 	 4.210327 	 0.012496 	 0.059967
12.574100 	 4.186829 	 0.000479 	 0.046204
12.624403 	 4.093475 	 0.028890 	 0.064270
12.669269 	 4.096405 	 0.000831 	 0.054993
12.716400 	 4.163513 	 0.012538 	 0.050262
12.759000 	 4.274689 	 -0.000756 	 0.042053
12.807491 	 4.151642 	 0.025950 	 0.056396
12.855528 	 4.180176 	 0.026227 	 0.076385
12.900847 	 4.208679 	 -0.045295 	 0.009857
12.948431 	 4.253448 	 -0.009033 	 -0.011200
12.996469 	 4.098145 	 -0.011846 	 -0.008179
13.039975 	 4.126251 	 -0.006456 	 -0.001465
13.085747 	 4.054382 	 0.008682 	 0.018280
13.132878 	 4.086304 	 0.011270 	 0.035034
13.178650 	 4.296844 	 0.000202 	 0.033234
13.225781 	 4.197174 	 0.003345 	 0.030396
13.273366 	 4.215027 	 -0.008107 	 0.018402
13.317778 	 4.102661 	 -0.009129 	 0.007812
13.369441 	 3.977356 	 -0.003867 	 0.008331
13.412494 	 4.190704 	 0.014307 	 0.029785
13.459172 	 4.181976 	 0.001917 	 0.033997
13.504491 	 4.187256 	 -0.005742 	 0.022858
13.550262 	 4.199371 	 -0.005752 	 0.014069
13.598753 	 4.082336 	 0.037156 	 0.055878
13.645885 	 4.202484 	 0.010749 	 0.063416
13.687125 	 4.199493 	 0.004304 	 0.049042
13.738335 	 4.121460 	 0.021838 	 0.059662
13.784560 	 4.200684 	 0.011100 	 0.060364
13.828972 	 4.198456 	 -0.010333 	 0.034088
13.874744 	 4.119263 	 -0.005571 	 0.018097
13.921875 	 4.230621 	 0.019185 	 0.039154
13.968100 	 4.314636 	 0.000629 	 0.038971
14.016591 	 4.146210 	 0.006711 	 0.037048
14.061456 	 4.235168 	 0.003654 	 0.036011
14.108588 	 4.252991 	 -0.004463 	 0.025482
14.155266 	 4.179596 	 0.016341 	 0.038574
14.203757 	 4.210876 	 -0.003633 	 0.033356
14.246356 	 4.125458 	 0.023723 	 0.051086
14.296660 	 4.067322 	 0.004069 	 0.049530
14.339259 	 4.232056 	 -0.004964 	 0.029785
14.387297 	 4.154266 	 0.010919 	 0.035522
14.431709 	 4.281891 	 0.003824 	 0.038269
14.480200 	 4.156189 	 0.011878 	 0.043182
14.526425 	 4.015015 	 -0.001087 	 0.035492
14.569931 	 4.115631 	 -0.013007 	 0.014679
14.620235 	 4.232117 	 0.001619 	 0.015839
14.666006 	 4.158691 	 0.016576 	 0.038696
14.711325 	 4.112488 	 0.011814 	 0.049194
14.758910 	 4.168335 	 0.007627 	 0.047882
14.808760 	 4.322418 	 0.003292 	 0.040405
14.852719 	 4.197632 	 0.009875 	 0.042480

 Z Turning Point (V) = 4.804840 
 Turning Time Delay (ms) = 0 
 SEN (V) =  
 App. Driving Voltage (mVrms) = 0.005000 
 App. Vias. Voltage (V) = 0.000000 
 App. Del Z (Bit) = -10 
 App. Delay Time (ms) = 300 
 App. Velocity (nm/s) = -0.151064 
 Ret. Driving Voltage (mVrms) = 0.005000 
 Ret. Vias. Voltage (V) = 0.000000 
 Ret. Del Z (Bit) = -10 
 Ret. Delay Time (ms) = 300 
 Ret. Velocity (nm/s) = -0.151064 
  
 Data Array Size = 1090 
 Frequency (Hz) = sen.
 
