28.775500 	 4.232147 	 0.038126 	 0.082794
28.728369 	 4.131439 	 0.009705 	 0.076294
28.683504 	 4.171082 	 -0.008245 	 0.042664
28.637279 	 4.152313 	 0.031372 	 0.062836
28.589241 	 4.092590 	 0.009587 	 0.063324
28.544829 	 4.402618 	 0.027665 	 0.073700
28.498151 	 4.175537 	 0.035164 	 0.094604
28.455551 	 4.240509 	 0.017066 	 0.087952
28.404794 	 4.188324 	 0.007851 	 0.067261
28.361742 	 4.205322 	 0.011356 	 0.059937
28.312798 	 4.197205 	 0.001534 	 0.044952
28.267479 	 4.148590 	 -0.012474 	 0.020966
28.219441 	 4.220734 	 0.016661 	 0.035675
28.172763 	 4.075409 	 0.014243 	 0.051636
28.126991 	 4.138702 	 -0.000288 	 0.041138
28.081673 	 4.180023 	 0.033822 	 0.066376
28.031822 	 4.169769 	 0.002120 	 0.059387
27.988770 	 4.172333 	 0.007457 	 0.048035
27.941638 	 4.178223 	 0.023851 	 0.063446
27.896320 	 4.161438 	 -0.002621 	 0.048798
27.847829 	 4.128387 	 -0.007883 	 0.025299
27.799791 	 4.182343 	 0.016490 	 0.038483
27.755832 	 4.187103 	 -0.008107 	 0.028961
27.707794 	 4.184448 	 0.021976 	 0.045746
27.662929 	 4.212463 	 -0.007958 	 0.034180
27.616251 	 4.334473 	 -0.020538 	 0.003265
27.567307 	 4.193634 	 -0.002461 	 0.003326
27.524254 	 4.232300 	 -0.012506 	 0.001129
27.478029 	 4.151489 	 0.005486 	 0.013672
27.430898 	 4.156128 	 0.005444 	 0.027252
27.383313 	 4.260559 	 0.010567 	 0.038391
27.338901 	 4.172974 	 0.009673 	 0.044220
27.291316 	 4.113220 	 0.025950 	 0.064392
27.246904 	 4.145477 	 -0.014381 	 0.036591
27.197960 	 4.176453 	 0.007787 	 0.031067
27.150829 	 4.261414 	 -0.000916 	 0.029083
27.103244 	 4.088135 	 -0.003249 	 0.019989
27.058379 	 4.111420 	 0.040224 	 0.063507
27.013060 	 4.300903 	 0.005326 	 0.062775
26.966382 	 4.177124 	 0.012890 	 0.055786
26.919704 	 4.155731 	 0.006179 	 0.050110
26.873026 	 4.198120 	 0.005092 	 0.043152
26.826801 	 4.176300 	 0.014125 	 0.049347
26.782841 	 4.162354 	 0.018035 	 0.059692
26.733897 	 4.192474 	 0.012570 	 0.060486
26.688579 	 4.183502 	 0.006221 	 0.051758
26.639635 	 4.104950 	 -0.010525 	 0.027039
26.594316 	 4.205444 	 0.006221 	 0.028107
26.550357 	 4.183319 	 0.007734 	 0.036987
26.505492 	 4.110291 	 0.013007 	 0.046783
26.456094 	 4.088379 	 0.009705 	 0.049683
26.408510 	 4.144196 	 -0.031638 	 0.005890
26.360472 	 4.145721 	 0.024767 	 0.028687
26.316060 	 4.090973 	 0.030722 	 0.067932
26.269382 	 4.250488 	 -0.001577 	 0.054504
26.224063 	 4.037506 	 0.020922 	 0.058167
26.178291 	 4.197418 	 0.019484 	 0.067902
26.132066 	 4.267487 	 0.041631 	 0.094757
26.085841 	 4.266357 	 0.021806 	 0.094757
26.039616 	 4.172333 	 -0.013465 	 0.049866
25.992938 	 4.153870 	 -0.024661 	 0.004272
25.943541 	 4.052246 	 0.014626 	 0.020294
25.897769 	 4.178741 	 0.013028 	 0.042389
25.851544 	 4.125153 	 -0.007563 	 0.029114
25.804866 	 4.067322 	 0.022062 	 0.046417
25.757281 	 4.138397 	 -0.006711 	 0.035980
25.711963 	 4.209564 	 -0.002407 	 0.023499
25.668004 	 4.168335 	 0.008075 	 0.030975
25.617700 	 4.085358 	 0.022413 	 0.054443
25.571928 	 4.243835 	 0.013401 	 0.061096
25.529329 	 4.113403 	 0.015137 	 0.061737
25.482651 	 4.156006 	 0.007265 	 0.054962
25.435973 	 4.093567 	 0.010067 	 0.051758
25.390654 	 4.104553 	 -0.026600 	 0.012238
25.342163 	 4.122162 	 -0.003015 	 0.003937
25.295485 	 4.328369 	 -0.005060 	 0.008270
25.248807 	 4.251312 	 0.002077 	 0.016205
25.201675 	 4.009216 	 -0.000277 	 0.020538
25.154544 	 4.193390 	 0.008405 	 0.030670
25.109225 	 4.225494 	 0.045189 	 0.077026
25.064360 	 4.198151 	 -0.005529 	 0.061066
25.019948 	 4.210449 	 0.015830 	 0.054138
24.968738 	 4.180176 	 0.010589 	 0.054779
24.924326 	 4.203918 	 0.025247 	 0.067749
24.877194 	 4.168121 	 -0.028805 	 0.024719
24.832782 	 4.165802 	 0.012879 	 0.026276
24.781119 	 4.307343 	 0.013231 	 0.043518
24.738066 	 4.116516 	 -0.014754 	 0.022308
24.694107 	 4.288422 	 -0.020911 	 -0.004761
24.645163 	 4.169434 	 0.027537 	 0.030853
24.599391 	 4.309326 	 0.009758 	 0.049042
24.553619 	 4.220490 	 -0.006626 	 0.031830
24.503316 	 4.136414 	 0.038360 	 0.064697
24.461623 	 4.197021 	 0.031883 	 0.091034
24.413132 	 4.106354 	 0.026972 	 0.094513
24.364641 	 4.116272 	 0.029668 	 0.097290
24.320229 	 4.155518 	 0.012528 	 0.081543
24.274457 	 4.199249 	 0.021071 	 0.077148
24.228685 	 4.108673 	 0.016916 	 0.073975
24.182460 	 4.245361 	 0.020581 	 0.074707
24.133516 	 4.252228 	 0.040139 	 0.097473
24.085025 	 4.189850 	 -0.005699 	 0.065826
24.041972 	 4.225128 	 0.036379 	 0.078400
23.995294 	 4.160339 	 0.039809 	 0.106140
23.946803 	 4.114288 	 0.026003 	 0.103302
23.902391 	 4.192474 	 0.001811 	 0.072021
23.857979 	 4.078491 	 0.016480 	 0.063446
23.812207 	 4.150696 	 -0.005017 	 0.043274
23.763716 	 4.235260 	 0.012410 	 0.043823
23.719304 	 4.259521 	 -0.002653 	 0.035126
23.671719 	 4.273285 	 0.015127 	 0.043671
23.623682 	 4.188324 	 0.009832 	 0.048981
23.576550 	 4.109985 	 0.024501 	 0.063873
23.530325 	 4.222412 	 0.033748 	 0.087433
23.481381 	 4.300507 	 0.026003 	 0.093170
23.437422 	 4.167236 	 0.027612 	 0.094025
23.393463 	 4.189484 	 0.029369 	 0.097992
23.344519 	 4.079346 	 0.012357 	 0.080231
23.301013 	 4.255463 	 0.003217 	 0.058197
23.252975 	 4.205292 	 -0.021263 	 0.018311
23.204938 	 4.266113 	 0.002290 	 0.014862
23.158713 	 4.120300 	 0.009715 	 0.030823
23.112488 	 4.177124 	 0.020602 	 0.051575
23.068982 	 4.238831 	 0.020197 	 0.066467
23.020944 	 4.118042 	 -0.009065 	 0.042511
22.974719 	 4.119415 	 -0.016927 	 0.009918
22.923509 	 4.214691 	 0.019121 	 0.030334
22.881816 	 4.132202 	 0.014093 	 0.049805
22.836497 	 4.151428 	 0.030371 	 0.073364
22.788007 	 4.025421 	 0.017172 	 0.075958
22.740875 	 4.199036 	 0.024405 	 0.079498
22.696463 	 4.089630 	 0.013156 	 0.072693
22.647972 	 4.220551 	 -0.006626 	 0.043427
22.602200 	 4.152985 	 0.019899 	 0.050446
22.558694 	 4.197968 	 0.012559 	 0.057251
22.510657 	 4.184479 	 0.029774 	 0.074890
22.463072 	 4.203339 	 0.000969 	 0.060852
22.416847 	 4.237488 	 0.025321 	 0.066406
22.368356 	 4.251587 	 -0.000245 	 0.052521
22.325304 	 4.226379 	 0.012432 	 0.049103
22.276813 	 4.137207 	 0.008533 	 0.049896
22.230588 	 4.157379 	 0.001768 	 0.041351
22.184816 	 4.164459 	 0.021284 	 0.055328
22.135419 	 4.247314 	 0.001896 	 0.048981
22.094179 	 4.348206 	 0.018078 	 0.054932
22.046594 	 4.223572 	 0.012165 	 0.058075
21.999010 	 4.099487 	 0.024831 	 0.070557
21.950972 	 4.213531 	 0.009577 	 0.064728
21.910185 	 4.041992 	 0.012485 	 0.058807
21.860788 	 4.192230 	 0.006764 	 0.051270
21.813203 	 4.258453 	 -0.002386 	 0.037231
21.768338 	 4.215210 	 -0.011366 	 0.016754
21.718488 	 4.316620 	 0.026419 	 0.044708
21.677248 	 4.065216 	 0.008607 	 0.053741
21.628304 	 4.141479 	 0.037828 	 0.079681
21.582532 	 4.162537 	 -0.007404 	 0.055969
21.537213 	 4.093658 	 -0.003473 	 0.030670
21.488269 	 4.205475 	 0.000629 	 0.026520
21.442044 	 4.207886 	 0.018472 	 0.044983
21.396725 	 4.257446 	 0.015936 	 0.057526
21.347781 	 4.182526 	 0.043527 	 0.090668
21.302010 	 4.158569 	 0.018078 	 0.090607
21.254878 	 4.235229 	 -0.016171 	 0.044037
21.210466 	 4.129425 	 0.010994 	 0.037598
21.164241 	 4.163269 	 0.017971 	 0.053192
21.118469 	 4.155640 	 -0.005923 	 0.037842
21.067712 	 4.210388 	 0.017108 	 0.045685
21.027379 	 4.091125 	 0.008000 	 0.049652
20.976622 	 4.062622 	 0.016544 	 0.055847
20.930850 	 4.171570 	 -0.026610 	 0.017609
20.885985 	 4.206207 	 0.033417 	 0.043976
20.839760 	 4.121582 	 0.009460 	 0.057312
20.791722 	 4.145386 	 -0.007702 	 0.033813
20.745950 	 4.209381 	 -0.009971 	 0.013855
20.700179 	 4.152405 	 -0.011856 	 0.003143
20.650781 	 4.123688 	 0.014488 	 0.025146
20.605009 	 4.115021 	 0.000895 	 0.031494
20.563316 	 4.342041 	 -0.009470 	 0.016296
20.513919 	 4.187103 	 -0.017364 	 -0.001099
20.465881 	 4.207642 	 -0.018195 	 -0.014221
20.421016 	 4.135010 	 0.007148 	 0.006897
20.376604 	 4.287201 	 0.042184 	 0.062531
20.327660 	 4.249329 	 0.010780 	 0.068420
20.281435 	 4.106293 	 0.010844 	 0.059326
20.236116 	 4.160492 	 0.003388 	 0.048767
20.190344 	 4.116364 	 0.024288 	 0.061920
20.144119 	 4.129822 	 0.019612 	 0.071045
20.095175 	 4.110138 	 -0.000767 	 0.052155
20.050763 	 4.219299 	 0.011015 	 0.047882
20.003632 	 4.158478 	 -0.004357 	 0.034119
19.957860 	 4.279816 	 0.023276 	 0.050751
19.909822 	 4.239716 	 0.012954 	 0.059113
19.865863 	 4.200836 	 0.020911 	 0.066620
19.816013 	 4.162445 	 0.030925 	 0.084045
19.772054 	 4.112152 	 0.021976 	 0.086060
19.724016 	 4.245178 	 0.023478 	 0.085297
19.679150 	 4.284424 	 0.027729 	 0.090454
19.634738 	 4.202118 	 0.028357 	 0.093689
19.584435 	 4.142120 	 0.023745 	 0.092377
19.538210 	 4.251556 	 0.012059 	 0.078033
19.491985 	 4.178497 	 0.020016 	 0.074432
19.444853 	 4.210510 	 -0.003494 	 0.049713
19.396362 	 4.155853 	 0.000554 	 0.034210
19.353310 	 4.133453 	 -0.000277 	 0.028290
19.308897 	 4.114441 	 0.015319 	 0.042297
19.261313 	 4.143311 	 0.039287 	 0.079193
19.213728 	 4.181183 	 0.034355 	 0.101105
19.167957 	 4.214783 	 0.014147 	 0.087036
19.122185 	 4.265564 	 -0.006498 	 0.050781
19.076413 	 4.126465 	 0.011601 	 0.046173
19.029735 	 4.227753 	 0.007531 	 0.047058
18.984416 	 4.133240 	 0.012474 	 0.050934
18.933206 	 4.145477 	 -0.003622 	 0.037567
18.890154 	 4.262360 	 -0.009875 	 0.017700
18.842569 	 4.143433 	 0.011537 	 0.029694
18.796344 	 4.220093 	 0.008000 	 0.039764
18.754198 	 4.235565 	 0.038840 	 0.074921
18.703441 	 4.236328 	 0.006594 	 0.070190
18.657216 	 4.223480 	 -0.015691 	 0.030945
18.610538 	 4.226471 	 0.005241 	 0.025879
18.562047 	 4.276245 	 -0.010067 	 0.016815
18.517635 	 4.160614 	 0.017992 	 0.034698
18.471410 	 4.140167 	 0.004517 	 0.040741
18.426544 	 4.287018 	 0.015777 	 0.049408
18.380772 	 4.169647 	 0.024064 	 0.067108
18.333188 	 4.094635 	 0.019590 	 0.073578
18.286057 	 4.059174 	 0.028293 	 0.084564
18.242551 	 4.259216 	 0.004112 	 0.065887
18.193607 	 4.095367 	 -0.009364 	 0.034363
18.147382 	 4.135193 	 -0.003505 	 0.020538
18.097984 	 4.174561 	 0.007041 	 0.028717
18.054932 	 4.153198 	 -0.001310 	 0.028473
18.008707 	 4.153198 	 -0.016022 	 0.007843
17.960669 	 4.153320 	 0.004730 	 0.013824
17.914444 	 4.094177 	 -0.009300 	 0.010925
17.870032 	 4.108551 	 -0.012868 	 0.000305
17.818822 	 4.206146 	 0.016831 	 0.025452
17.778035 	 4.101288 	 0.024948 	 0.057556
17.726372 	 4.120087 	 -0.006956 	 0.041779
17.682866 	 4.186279 	 -0.008192 	 0.019592
17.636641 	 4.269745 	 0.036560 	 0.056274
17.588603 	 4.229156 	 0.003590 	 0.057037
17.543738 	 4.331238 	 0.001736 	 0.043274
17.498419 	 4.249298 	 -0.006456 	 0.025330
17.453101 	 4.209290 	 -0.012336 	 0.006836
17.405516 	 4.102203 	 -0.026706 	 -0.015442
17.356119 	 4.177460 	 0.017364 	 0.013855
17.312160 	 4.177277 	 0.013667 	 0.040771
17.265482 	 4.191040 	 0.008842 	 0.046722
17.215631 	 4.124573 	 0.005934 	 0.043121
17.173485 	 4.175415 	 -0.014594 	 0.019440
17.127713 	 4.275421 	 0.009385 	 0.026978
17.081488 	 4.166168 	 0.019643 	 0.049927
17.030731 	 4.209412 	 0.014413 	 0.058624
16.987225 	 4.104919 	 -0.010429 	 0.033905
16.940547 	 4.082764 	 0.031745 	 0.056274
16.897041 	 4.295349 	 0.030168 	 0.082336
16.845831 	 4.119141 	 0.022477 	 0.085510
16.801419 	 4.167297 	 0.035218 	 0.097443
16.756554 	 4.114624 	 -0.005923 	 0.064911
16.705344 	 4.192108 	 -0.001353 	 0.039001
16.660025 	 4.228119 	 0.005113 	 0.035126
16.616519 	 4.265198 	 0.030775 	 0.062256
16.569388 	 4.236664 	 0.015393 	 0.069946
16.522256 	 4.249420 	 0.000021 	 0.050598
16.476938 	 4.308502 	 0.014637 	 0.051270
16.430260 	 4.005432 	 -0.007244 	 0.034302
16.384035 	 4.208069 	 0.012453 	 0.038391
16.338263 	 4.120178 	 0.024437 	 0.061218
16.287959 	 4.235565 	 0.006637 	 0.057831
16.240828 	 4.237457 	 -0.016831 	 0.023895
16.197775 	 4.266846 	 0.021870 	 0.039642
16.152457 	 4.187622 	 -0.016299 	 0.022644
16.103513 	 4.211060 	 0.005124 	 0.022095
16.057288 	 4.118439 	 -0.006019 	 0.018524
16.011516 	 4.220673 	 -0.018962 	 -0.000641
15.966650 	 4.247864 	 -0.008000 	 -0.004059
15.919519 	 4.215332 	 0.010727 	 0.018677
15.871935 	 4.245178 	 -0.001278 	 0.023712
15.827069 	 4.159668 	 0.031532 	 0.055969
15.776312 	 4.190277 	 -0.002365 	 0.048492
15.734166 	 4.242554 	 0.013508 	 0.047943
15.687941 	 4.119171 	 -0.008021 	 0.031342
15.641263 	 4.149231 	 0.027931 	 0.053406
15.595491 	 4.130554 	 -0.008107 	 0.040985
15.548360 	 4.232422 	 0.007105 	 0.035248
15.502588 	 4.312378 	 0.015510 	 0.048737
15.454097 	 4.294250 	 0.012687 	 0.054535
15.408778 	 4.135132 	 -0.013934 	 0.028534
15.360287 	 4.186920 	 0.006147 	 0.026611
15.314516 	 4.201233 	 0.007776 	 0.035492
15.270557 	 4.306671 	 -0.004517 	 0.027435
15.224332 	 4.334473 	 -0.002908 	 0.020233
15.175841 	 4.318268 	 -0.023766 	 -0.004272
15.129163 	 4.046112 	 0.006136 	 0.007568
15.082938 	 4.147522 	 0.024427 	 0.044678
15.037619 	 4.294556 	 -0.021103 	 0.021240
14.988675 	 4.234924 	 0.019952 	 0.034821
14.943810 	 4.286926 	 0.026237 	 0.065613
14.898038 	 4.238586 	 0.019867 	 0.074615
14.850906 	 4.118286 	 -0.012410 	 0.041870
14.805588 	 4.307648 	 0.009417 	 0.036194
14.759816 	 4.278595 	 0.002823 	 0.036469
14.712231 	 4.261444 	 -0.001545 	 0.028992
14.665100 	 4.163086 	 0.006711 	 0.032410
14.618875 	 4.223969 	 0.012006 	 0.042725
14.574916 	 4.111633 	 -0.002525 	 0.034302
14.527332 	 4.142151 	 -0.024842 	 0.001160
14.480200 	 4.259430 	 0.011952 	 0.015747
14.433975 	 4.107513 	 0.026983 	 0.052704
14.386391 	 4.186676 	 0.004123 	 0.051727
14.340166 	 4.139313 	 0.005071 	 0.042328
14.292581 	 4.184479 	 0.014530 	 0.049591
14.249075 	 4.102722 	 0.041247 	 0.084259
14.201038 	 4.205994 	 0.021934 	 0.091125
14.155719 	 4.192535 	 0.009779 	 0.073059
14.105869 	 4.106476 	 0.000320 	 0.050995
14.063722 	 4.186401 	 0.001651 	 0.037354
14.017950 	 4.086548 	 -0.000607 	 0.030396
13.968553 	 4.286224 	 0.015063 	 0.042999
13.922781 	 4.123322 	 -0.017428 	 0.020264
13.878369 	 4.226807 	 0.004815 	 0.019531
13.828065 	 4.185364 	 -0.002684 	 0.021332
13.783200 	 4.137329 	 -0.010301 	 0.011353
13.733803 	 4.133636 	 -0.012900 	 0.000061
13.690297 	 4.219177 	 0.011079 	 0.019104
13.642712 	 4.025513 	 0.031787 	 0.059479
13.598753 	 4.210419 	 -0.001854 	 0.050537
13.551169 	 4.213867 	 -0.005198 	 0.030426
13.502225 	 4.340240 	 0.009097 	 0.035034
13.457812 	 4.249237 	 -0.015010 	 0.016632
13.411588 	 4.048279 	 -0.008000 	 0.005585
13.365816 	 4.198425 	 -0.010983 	 0.001434
13.320950 	 4.178680 	 -0.013018 	 -0.003998
13.269740 	 4.182709 	 0.003483 	 0.009155
13.225781 	 4.151489 	 0.011547 	 0.030670
13.179556 	 4.195221 	 0.001875 	 0.032806
13.133784 	 4.222595 	 0.018663 	 0.047424
13.083934 	 4.232697 	 0.007372 	 0.049622
13.041335 	 4.107574 	 0.020560 	 0.059723
12.994203 	 4.165497 	 0.010088 	 0.058197
12.943900 	 4.175476 	 -0.006573 	 0.036285
12.901753 	 4.092682 	 -0.004506 	 0.022369
12.853262 	 4.091461 	 0.025343 	 0.048065
12.806131 	 4.124695 	 0.011974 	 0.058594
12.763078 	 4.211273 	 0.002823 	 0.047241
12.716400 	 4.247284 	 0.004495 	 0.040039
12.671082 	 4.140198 	 0.000128 	 0.032532
12.621231 	 4.137207 	 -0.004123 	 0.023315
12.575459 	 4.206543 	 0.002663 	 0.024902
12.530141 	 4.231445 	 0.010962 	 0.038422
12.483916 	 4.180695 	 0.008341 	 0.044128
12.440863 	 4.253418 	 -0.002855 	 0.031860
12.392372 	 4.177399 	 0.009523 	 0.035187
12.345241 	 4.394623 	 0.019729 	 0.053680
12.298109 	 4.135223 	 0.007958 	 0.054138
12.250072 	 4.224548 	 -0.006605 	 0.032288
12.203394 	 4.196716 	 -0.020229 	 0.004486
12.158075 	 4.224548 	 0.025556 	 0.033386
12.110944 	 4.262726 	 0.003920 	 0.043335
12.064265 	 4.077515 	 0.041258 	 0.077209
12.019853 	 4.166351 	 0.005454 	 0.070618
11.971362 	 4.170410 	 -0.022019 	 0.023682
11.924684 	 4.234894 	 0.000937 	 0.016479
11.879819 	 4.269928 	 -0.026184 	 -0.005859
11.834047 	 4.162720 	 -0.013987 	 -0.015350
11.787369 	 4.192810 	 0.022818 	 0.024994
11.739331 	 4.184357 	 0.029146 	 0.064117
11.694466 	 4.206726 	 -0.007542 	 0.045044
11.650053 	 4.082062 	 -0.007649 	 0.021118
11.601562 	 4.277313 	 0.002653 	 0.022552
11.553978 	 4.220642 	 0.013113 	 0.037750
11.510019 	 4.208527 	 0.035399 	 0.071198
11.461075 	 4.160278 	 -0.017747 	 0.040283
11.414850 	 4.218628 	 0.007531 	 0.031738
11.369531 	 4.142212 	 0.008181 	 0.038605
11.323759 	 4.163147 	 -0.020464 	 0.012482
11.276628 	 4.135071 	 0.017002 	 0.028473
11.229497 	 4.274384 	 -0.005380 	 0.026337
11.183725 	 4.243713 	 0.001300 	 0.023865
11.140219 	 4.083527 	 -0.024885 	 -0.001129
11.093088 	 4.210358 	 -0.015936 	 -0.013794
11.045503 	 4.095276 	 0.015031 	 0.016602
10.997012 	 4.168427 	 -0.009886 	 0.016174
10.949881 	 4.122223 	 0.015702 	 0.031342
10.903656 	 4.124298 	 -0.010365 	 0.021912
10.858791 	 4.206451 	 -0.019675 	 -0.001709
10.814378 	 4.349335 	 0.026845 	 0.032104
10.768153 	 4.225555 	 -0.013891 	 0.023346
10.717397 	 4.223480 	 -0.001033 	 0.016785
10.671172 	 4.181427 	 -0.000447 	 0.019836
10.625853 	 4.226318 	 0.019100 	 0.041412
10.579628 	 4.153473 	 0.008480 	 0.049133
10.531590 	 4.200745 	 0.035825 	 0.076599
10.485818 	 4.208313 	 -0.015116 	 0.046967
10.439594 	 4.143494 	 -0.006679 	 0.020386
10.396088 	 4.076569 	 0.006338 	 0.025970
10.347597 	 4.100769 	 0.020048 	 0.048187
10.302731 	 4.195404 	 0.012996 	 0.056610
10.256960 	 4.133484 	 0.012506 	 0.055786
10.209375 	 4.167114 	 -0.005337 	 0.036957
10.164510 	 4.244568 	 0.009012 	 0.036499
10.118738 	 4.282074 	 -0.001310 	 0.032104
10.070700 	 4.232300 	 0.010077 	 0.037872
10.021303 	 4.188507 	 -0.010354 	 0.022705
9.977344 	 4.148956 	 0.038445 	 0.059784
9.929759 	 4.157349 	 0.005135 	 0.061646
9.884894 	 4.192047 	 -0.004527 	 0.037323
9.835497 	 4.171387 	 -0.010791 	 0.016052
9.791537 	 4.100708 	 0.010045 	 0.026459
9.744859 	 4.251556 	 -0.000735 	 0.028473
9.700900 	 4.177277 	 -0.031660 	 -0.007904
9.652409 	 4.043304 	 -0.002503 	 -0.008484
9.604372 	 4.076569 	 0.005848 	 0.014587
9.558600 	 4.067078 	 0.003473 	 0.025848
9.512375 	 4.169556 	 -0.015010 	 0.009796
9.466603 	 4.343811 	 0.017097 	 0.029694
9.419925 	 4.215607 	 -0.001172 	 0.032440
9.373247 	 4.096344 	 0.010056 	 0.038940
9.326569 	 4.160492 	 0.012517 	 0.047455
9.276718 	 4.083923 	 0.010908 	 0.051666
9.233665 	 4.187500 	 -0.003004 	 0.038086
9.188347 	 4.205414 	 0.014275 	 0.043457
9.143935 	 4.197296 	 0.014882 	 0.052185
9.092725 	 4.212128 	 0.025268 	 0.069244
9.048312 	 4.164764 	 0.033108 	 0.090790
9.002541 	 4.131683 	 0.007766 	 0.075928
8.958582 	 4.118286 	 -0.000948 	 0.047974
8.911903 	 4.130005 	 -0.018919 	 0.013367
8.862959 	 4.044373 	 0.005859 	 0.017303
8.819453 	 4.176666 	 0.007766 	 0.031586
8.770509 	 4.237366 	 0.018408 	 0.050110
8.724738 	 4.198395 	 0.000692 	 0.043762
8.676247 	 4.179474 	 -0.003356 	 0.030212
8.629568 	 4.140442 	 0.012197 	 0.038239
8.583797 	 4.149445 	 0.002961 	 0.039764
8.541650 	 4.284546 	 0.020858 	 0.054260
8.492706 	 4.071381 	 -0.002397 	 0.043182
8.445575 	 4.153076 	 -0.025321 	 0.004974
8.401163 	 4.117889 	 -0.012133 	 -0.007751
8.353125 	 4.239410 	 0.003643 	 0.008606
8.306447 	 4.130951 	 0.006413 	 0.025238
8.258862 	 3.965515 	 0.030818 	 0.058960
8.213091 	 4.154999 	 0.018876 	 0.072266
8.167319 	 4.200775 	 -0.005625 	 0.048004
8.119734 	 4.174255 	 -0.011505 	 0.020721
8.074416 	 4.119507 	 0.000138 	 0.018463
8.029097 	 4.134155 	 0.003654 	 0.025574
7.983325 	 4.166351 	 0.014924 	 0.040680
7.933928 	 4.149384 	 0.000234 	 0.037140
7.888156 	 4.165497 	 -0.022040 	 0.006653
7.842838 	 4.243347 	 -0.010567 	 -0.003357
7.795706 	 4.238464 	 -0.001065 	 0.004456
7.747215 	 4.164276 	 0.027292 	 0.043365
7.704163 	 4.175415 	 -0.008980 	 0.034271
7.658391 	 4.142792 	 -0.018365 	 0.003906
7.609900 	 4.179657 	 -0.013998 	 -0.006256
7.562769 	 4.220306 	 0.026163 	 0.032257
7.516544 	 4.305206 	 0.008000 	 0.045776
7.468053 	 4.266235 	 -0.003515 	 0.032135
7.424547 	 4.217163 	 0.003217 	 0.029755
7.373337 	 4.327698 	 0.001310 	 0.029388
7.329831 	 4.218719 	 -0.001566 	 0.024933
7.282700 	 4.233551 	 -0.003036 	 0.020569
7.236475 	 4.121796 	 0.006871 	 0.028442
7.192062 	 4.172516 	 -0.013880 	 0.013947
7.146744 	 4.096405 	 -0.018184 	 -0.005219
7.100519 	 4.163269 	 0.009619 	 0.012970
7.053387 	 4.166168 	 0.028879 	 0.053680
7.003990 	 4.007996 	 0.010631 	 0.060394
6.962297 	 4.102875 	 0.023862 	 0.069336
6.912900 	 4.210510 	 -0.004069 	 0.049622
6.868488 	 4.074585 	 0.004708 	 0.038177
6.819543 	 4.110352 	 -0.001310 	 0.029938
6.772865 	 4.243530 	 -0.002706 	 0.023010
6.726187 	 4.155701 	 -0.009811 	 0.011963
6.681775 	 4.095215 	 0.012964 	 0.028809
6.633737 	 4.121613 	 -0.002013 	 0.029480
6.589325 	 4.256226 	 0.007617 	 0.034180
6.541740 	 4.235168 	 -0.003409 	 0.027802
6.495062 	 4.218262 	 0.026738 	 0.052246
6.449744 	 4.103455 	 0.004517 	 0.052094
6.403065 	 4.086365 	 0.015670 	 0.053925
6.358653 	 4.182465 	 -0.006061 	 0.037109
6.310162 	 4.165344 	 -0.010333 	 0.016357
6.263031 	 4.061096 	 -0.015542 	 -0.000305
6.215900 	 4.213623 	 0.003515 	 0.010559
6.169221 	 4.217529 	 -0.011462 	 0.006805
6.122997 	 4.174530 	 -0.025098 	 -0.015137
6.076318 	 4.232483 	 -0.002407 	 -0.006348
6.030093 	 4.199677 	 0.001268 	 0.009918
5.985681 	 4.184113 	 -0.002386 	 0.015167
5.937643 	 4.133575 	 -0.014349 	 0.003052
5.893231 	 4.160217 	 0.001225 	 0.009735
5.845193 	 4.203339 	 -0.006658 	 0.011017
5.798515 	 4.196655 	 0.027335 	 0.043365
5.753650 	 4.175781 	 0.011036 	 0.055328
5.707878 	 4.213043 	 -0.009651 	 0.032074
5.662106 	 4.158295 	 -0.003515 	 0.018799
5.614069 	 4.235199 	 0.019100 	 0.040466
5.566484 	 4.178619 	 -0.020176 	 0.018005
5.521619 	 4.107300 	 0.021050 	 0.034821
5.473581 	 4.072144 	 -0.010376 	 0.027771
5.430981 	 4.246490 	 -0.005486 	 0.015411
5.380678 	 4.110657 	 0.011494 	 0.030212
5.337625 	 4.160431 	 0.004336 	 0.035461
5.288228 	 4.197266 	 -0.016874 	 0.012421
5.243362 	 4.128540 	 0.001065 	 0.012848
5.197591 	 4.058319 	 -0.008650 	 0.010406
5.149553 	 4.323334 	 -0.015297 	 -0.001526
5.105594 	 4.194824 	 -0.020272 	 -0.014984
5.056650 	 4.097778 	 -0.002610 	 -0.005341
5.010878 	 4.207428 	 -0.010983 	 -0.001373
4.966013 	 4.086670 	 -0.008352 	 -0.000946
4.918428 	 4.189850 	 -0.008618 	 -0.000519
4.872656 	 4.264648 	 0.005561 	 0.015015
4.829604 	 4.051483 	 -0.021380 	 -0.000458
4.779753 	 4.195404 	 -0.014115 	 -0.011902
4.730809 	 4.055481 	 -0.010482 	 -0.007782
4.685944 	 4.172577 	 -0.016874 	 -0.011383
4.637453 	 4.140503 	 0.018312 	 0.020264
4.592587 	 4.159943 	 0.013625 	 0.044128
4.543190 	 4.072906 	 0.010482 	 0.049591
4.498325 	 4.045959 	 -0.034259 	 0.003357
4.453912 	 4.169952 	 -0.001119 	 -0.000488
4.408594 	 4.126343 	 0.003643 	 0.016418
4.360556 	 3.985504 	 -0.026727 	 -0.006104
4.315237 	 4.217804 	 -0.028890 	 -0.031830
4.270372 	 4.269409 	 -0.040022 	 -0.054840
4.220522 	 4.364349 	 0.018131 	 -0.008331
4.174750 	 4.131500 	 0.000522 	 0.017517
4.128525 	 4.118225 	 -0.005369 	 0.014771
4.083206 	 4.079895 	 -0.018813 	 -0.002960
4.037434 	 4.239075 	 -0.050110 	 -0.048553
3.988490 	 4.161499 	 0.008831 	 -0.019073
3.939999 	 4.120056 	 -0.005113 	 0.002228
3.897400 	 4.143402 	 0.008277 	 0.020355
3.851175 	 4.165833 	 -0.029881 	 -0.006012
3.803590 	 4.246246 	 -0.037433 	 -0.041473
3.760538 	 4.166321 	 -0.002716 	 -0.024292
3.711140 	 4.235168 	 0.004432 	 0.005371
3.664915 	 4.215454 	 0.010599 	 0.027802
3.616425 	 4.041382 	 -0.014711 	 0.014526
3.572919 	 4.229218 	 -0.037838 	 -0.025116
3.525787 	 4.114563 	 -0.039958 	 -0.056824
3.476843 	 4.191956 	 -0.007531 	 -0.036407
3.432884 	 4.115295 	 -0.035559 	 -0.043701
3.386206 	 4.219757 	 -0.010067 	 -0.031616
3.339528 	 4.206696 	 0.001960 	 -0.003082
3.295569 	 4.234558 	 -0.022797 	 -0.011383
3.244812 	 4.216370 	 -0.053860 	 -0.058289
3.199947 	 4.260406 	 -0.018504 	 -0.054077
3.155988 	 4.118134 	 -0.012133 	 -0.031372
3.107497 	 4.209595 	 0.000724 	 -0.004974
3.060818 	 4.016663 	 -0.020144 	 -0.010162
3.011874 	 4.129395 	 0.019782 	 0.019806
2.967915 	 4.060150 	 -0.045370 	 -0.016998
2.919878 	 4.159424 	 -0.041258 	 -0.057220
2.873199 	 4.121796 	 -0.046019 	 -0.077484
2.829694 	 4.096100 	 -0.027942 	 -0.069855
2.781656 	 4.219177 	 -0.029327 	 -0.060242
2.735431 	 4.123627 	 -0.033993 	 -0.062714
2.687846 	 4.203644 	 -0.053306 	 -0.085449
2.645247 	 4.174530 	 -0.074302 	 -0.125183
2.596756 	 4.134430 	 -0.032448 	 -0.107269
2.550531 	 4.213440 	 -0.022339 	 -0.070831
2.504759 	 4.241638 	 -0.024096 	 -0.053375
2.454909 	 4.331146 	 -0.042408 	 -0.064240
2.411856 	 4.077911 	 -0.064672 	 -0.100586
2.363365 	 3.770355 	 -0.490661 	 -0.571503
2.320312 	 3.300171 	 -0.585427 	 -1.057953
2.271822 	 3.277313 	 -0.501122 	 -1.224152
2.226503 	 3.423767 	 -0.528030 	 -1.290955
2.179825 	 3.337891 	 -0.491620 	 -1.297485
2.133147 	 3.365997 	 -0.525868 	 -1.321503
2.084656 	 3.371490 	 -0.488722 	 -1.309753
2.040244 	 3.468994 	 -0.540323 	 -1.340546
1.994472 	 3.385101 	 -0.520786 	 -1.356995
1.947340 	 3.323578 	 -0.536765 	 -1.373016
1.901569 	 3.206787 	 -0.499534 	 -1.347351
1.855797 	 3.435913 	 -0.507545 	 -1.328369
1.808665 	 3.359131 	 -0.511881 	 -1.329712
1.762440 	 3.304108 	 -0.487849 	 -1.306946
1.716669 	 3.340759 	 -0.499055 	 -1.298218
1.669537 	 3.463959 	 -0.497894 	 -1.298035
1.622859 	 3.329315 	 -0.543413 	 -1.342346
1.574821 	 3.387115 	 -0.514150 	 -1.354797
1.528596 	 3.327057 	 -0.501803 	 -1.334564
1.481918 	 3.382935 	 -0.471838 	 -1.288513
1.435693 	 3.416046 	 -0.490075 	 -1.275635
1.389468 	 3.467651 	 -0.458703 	 -1.244659
1.343243 	 3.485748 	 -0.480402 	 -1.239105
1.297472 	 3.309082 	 -0.463976 	 -1.228607
1.250340 	 3.276093 	 -0.385690 	 -1.134918
1.204568 	 3.432281 	 -0.437600 	 -1.115021
1.156984 	 3.615601 	 -0.453877 	 -1.144989
1.110306 	 3.462769 	 -0.378531 	 -1.085876
1.065894 	 3.390167 	 -0.395213 	 -1.046204
1.017856 	 3.386108 	 -0.351953 	 -0.990173
0.970724 	 3.393219 	 -0.339020 	 -0.933807
0.924500 	 3.449097 	 -0.332469 	 -0.896973
0.880540 	 3.495270 	 -0.345050 	 -0.888672
0.834769 	 3.411407 	 -0.325215 	 -0.870544
0.788091 	 3.509888 	 -0.272633 	 -0.800171
0.738240 	 3.345001 	 -0.273986 	 -0.746918
0.693375 	 3.406158 	 -0.231972 	 -0.680908
0.647150 	 3.290009 	 -0.197180 	 -0.597229
0.603191 	 2.995972 	 0.023180 	 -0.313690
0.557419 	 3.260010 	 -0.180754 	 -0.311554
0.512100 	 3.003967 	 -0.037007 	 -0.243042
0.464516 	 3.285431 	 -0.142255 	 -0.262482
0.417838 	 3.406189 	 -0.128098 	 -0.300964
0.367987 	 3.104584 	 -0.005997 	 -0.182343
0.325388 	 2.884521 	 0.069615 	 -0.000732
0.279163 	 3.010712 	 0.183151 	 0.230774
0.231578 	 2.958832 	 0.133904 	 0.329895
0.186259 	 2.677643 	 0.286407 	 0.513153
0.136862 	 2.389648 	 0.434010 	 0.810974
0.093356 	 1.845367 	 0.914103 	 1.512817
0.048038 	 2.090485 	 0.382483 	 1.460999
0.000000 	 1.341156 	 0.765520 	 1.623108
0.044865 	 1.819641 	 0.628431 	 1.713654
0.091544 	 2.010376 	 0.384294 	 1.439301
0.143207 	 2.213745 	 0.371511 	 1.203705
0.184900 	 2.229401 	 0.345167 	 1.068420
0.232031 	 2.396515 	 0.497979 	 1.159302
0.277803 	 2.583832 	 0.139017 	 0.885223
0.324028 	 2.657654 	 0.144173 	 0.617310
0.372519 	 3.112671 	 -0.034333 	 0.316010
0.416478 	 2.990845 	 0.180094 	 0.331879
0.464062 	 2.650818 	 0.353838 	 0.610535
0.509381 	 2.404938 	 0.610098 	 1.073212
0.556512 	 2.899536 	 0.235711 	 0.993073
0.604097 	 3.377899 	 -0.159545 	 0.385895
0.648962 	 3.192780 	 -0.096982 	 0.019745
0.692921 	 3.386688 	 -0.183119 	 -0.206085
0.740506 	 3.299286 	 -0.116284 	 -0.273163
0.785825 	 3.395996 	 -0.107560 	 -0.267944
0.837488 	 3.467804 	 -0.241272 	 -0.402100
0.879634 	 3.533875 	 -0.299606 	 -0.579529
0.925406 	 3.540466 	 -0.281272 	 -0.663391
0.973897 	 3.458191 	 -0.327111 	 -0.740753
1.019215 	 3.411316 	 -0.319931 	 -0.786682
1.066347 	 3.428192 	 -0.345465 	 -0.830627
1.111665 	 3.476837 	 -0.404342 	 -0.924072
1.158797 	 3.491608 	 -0.345284 	 -0.928467
1.204568 	 3.461304 	 -0.365428 	 -0.927124
1.250793 	 3.500275 	 -0.392710 	 -0.964508
1.300191 	 3.483978 	 -0.423485 	 -1.025818
1.342337 	 3.551086 	 -0.439869 	 -1.082489
1.391281 	 3.432190 	 -0.424646 	 -1.098358
1.436600 	 3.436646 	 -0.463177 	 -1.139740
1.483278 	 3.400726 	 -0.453110 	 -1.164978
1.529503 	 3.446198 	 -0.430228 	 -1.147491
1.576181 	 3.371094 	 -0.442138 	 -1.143066
1.624672 	 3.443176 	 -0.479593 	 -1.184814
1.669991 	 3.375092 	 -0.489137 	 -1.228729
1.714856 	 3.376282 	 -0.418265 	 -1.178619
1.762894 	 3.425934 	 -0.466202 	 -1.176147
1.810478 	 3.361603 	 -0.449307 	 -1.178406
1.854890 	 3.358063 	 -0.484642 	 -1.208771
1.900209 	 3.294800 	 -0.494496 	 -1.247650
1.949606 	 3.265778 	 -0.522885 	 -1.299622
1.992206 	 3.351807 	 -0.468461 	 -1.276855
2.041150 	 3.324219 	 -0.501015 	 -1.277985
2.084656 	 3.220367 	 -0.519561 	 -1.311646
2.135413 	 3.385101 	 -0.476429 	 -1.289642
2.182091 	 3.331238 	 -0.497425 	 -1.283539
2.226956 	 3.518250 	 -0.545447 	 -1.340424
2.272275 	 3.358948 	 -0.537053 	 -1.376434
2.319406 	 3.388733 	 -0.493942 	 -1.344299
2.366537 	 3.591187 	 -0.509931 	 -1.328918
2.412762 	 3.484192 	 -0.524547 	 -1.344757
2.457628 	 3.269897 	 -0.544201 	 -1.378174
2.504306 	 3.362152 	 -0.564899 	 -1.422272
2.551437 	 3.385956 	 -0.548558 	 -1.434235
2.599022 	 3.392883 	 -0.538598 	 -1.421997
2.642981 	 3.388916 	 -0.551626 	 -1.425934
2.693738 	 3.288086 	 -0.542198 	 -1.423553
2.737244 	 3.340790 	 -0.543668 	 -1.419434
2.781656 	 3.266083 	 -0.564473 	 -1.440338
2.830600 	 3.447998 	 -0.572185 	 -1.467072
2.875919 	 3.316986 	 -0.569309 	 -1.478424
2.924409 	 3.293182 	 -0.549197 	 -1.462128
2.970181 	 3.366241 	 -0.532835 	 -1.429687
3.017313 	 3.372986 	 -0.530108 	 -1.405884
3.061272 	 3.354279 	 -0.497969 	 -1.360107
3.109309 	 3.419220 	 -0.496701 	 -1.325195
3.155081 	 3.465149 	 -0.527988 	 -1.341492
3.200400 	 3.968140 	 -0.064811 	 -0.876984
3.249344 	 4.211090 	 -0.025726 	 -0.436127
3.293756 	 4.008118 	 0.045402 	 -0.150787
3.339528 	 4.118073 	 0.014850 	 -0.025085
3.386659 	 4.149048 	 -0.034962 	 -0.033661
3.436057 	 4.142334 	 0.012570 	 -0.007935
3.479109 	 4.209503 	 -0.004655 	 0.006866
3.528053 	 4.139221 	 0.025449 	 0.037872
3.574278 	 3.964294 	 0.029817 	 0.069824
3.617331 	 4.195648 	 0.011175 	 0.067993
3.665822 	 4.268616 	 0.036400 	 0.083710
3.711140 	 4.196289 	 0.008426 	 0.073517
3.760085 	 4.255493 	 0.026472 	 0.076141
3.804497 	 4.167542 	 0.000724 	 0.057098
3.849362 	 4.121948 	 0.002908 	 0.041077
3.898759 	 4.183441 	 0.005188 	 0.035950
3.943172 	 4.260101 	 -0.019686 	 0.009216
3.989850 	 4.209106 	 -0.029678 	 -0.022705
4.037888 	 4.196472 	 -0.015766 	 -0.025635
4.082753 	 4.217773 	 0.001268 	 -0.003662
4.130338 	 4.136841 	 0.003089 	 0.014130
4.176563 	 4.095062 	 0.023809 	 0.045746
4.222334 	 4.275299 	 -0.008831 	 0.033569
4.266747 	 4.234894 	 0.007095 	 0.030670
4.312971 	 4.195068 	 0.013369 	 0.043915
4.362369 	 4.244659 	 0.023819 	 0.063110
4.409500 	 4.352478 	 -0.004602 	 0.046356
4.456178 	 4.210663 	 0.020709 	 0.052917
4.502856 	 4.140076 	 -0.002621 	 0.041656
4.546815 	 4.064240 	 -0.036592 	 -0.008240
4.594400 	 4.042877 	 -0.024938 	 -0.031830
4.638812 	 4.176849 	 -0.000501 	 -0.011475
4.685490 	 4.152832 	 -0.005135 	 0.000366
4.733075 	 4.148987 	 0.007542 	 0.017853
4.775674 	 4.156067 	 -0.001182 	 0.022797
4.825978 	 4.134979 	 -0.018120 	 0.001892
4.871297 	 4.131439 	 -0.001364 	 0.003693
4.917975 	 4.269623 	 0.005827 	 0.020142
4.965559 	 4.052063 	 -0.034717 	 -0.012024
5.011784 	 4.147369 	 -0.018493 	 -0.026672
5.060728 	 4.214508 	 0.002248 	 -0.004639
5.101515 	 4.029572 	 -0.000629 	 0.010071
5.150459 	 4.216492 	 -0.009428 	 0.007416
5.197591 	 4.256500 	 -0.016384 	 -0.004822
5.243816 	 4.307526 	 -0.017161 	 -0.014252
5.290947 	 4.159210 	 -0.005752 	 -0.006744
5.336266 	 4.111267 	 -0.023415 	 -0.016418
5.383850 	 4.200653 	 -0.014477 	 -0.018372
5.428262 	 4.140564 	 -0.017311 	 -0.019623
5.475394 	 4.150177 	 0.027921 	 0.026062
5.523431 	 4.175507 	 -0.033811 	 0.000549
5.566031 	 4.219910 	 0.009875 	 0.008972
5.613615 	 4.141846 	 -0.025087 	 -0.005463
5.662560 	 4.210907 	 -0.012591 	 -0.013580
5.707878 	 4.209137 	 0.005049 	 0.006409
5.753650 	 4.184540 	 0.025513 	 0.044891
5.798515 	 4.238495 	 -0.016224 	 0.025726
5.845193 	 4.187103 	 0.001140 	 0.018250
5.891872 	 4.272491 	 -0.009982 	 0.011139
5.939456 	 4.159271 	 -0.011345 	 0.001038
5.987947 	 4.192596 	 0.012272 	 0.020782
6.033266 	 4.127197 	 0.000128 	 0.027466
6.077678 	 4.186096 	 -0.005550 	 0.019226
6.123903 	 4.199493 	 0.020762 	 0.041046
6.172847 	 4.033356 	 -0.003590 	 0.035736
6.218166 	 4.083344 	 0.002557 	 0.028900
6.266203 	 4.256226 	 -0.018291 	 0.008423
6.307896 	 4.229492 	 0.001598 	 0.010345
6.356387 	 4.134430 	 -0.011622 	 0.005951
6.404425 	 4.220428 	 -0.000554 	 0.010773
6.448384 	 4.118408 	 0.026930 	 0.045746
6.493250 	 4.200623 	 -0.031308 	 0.011719
6.542647 	 4.245087 	 -0.001949 	 0.002777
6.589325 	 4.157501 	 -0.002429 	 0.010529
6.637816 	 4.215271 	 0.008820 	 0.026093
6.681775 	 4.249084 	 0.005571 	 0.033600
6.729359 	 4.179932 	 -0.012815 	 0.016571
6.774678 	 4.242249 	 0.022019 	 0.038208
6.819997 	 4.291290 	 0.008245 	 0.048035
6.868488 	 4.410522 	 -0.008991 	 0.028351
6.916072 	 4.086456 	 0.013156 	 0.035492
6.959578 	 4.081390 	 -0.009001 	 0.024475
7.005803 	 4.175476 	 0.001843 	 0.023682
7.052934 	 4.151337 	 -0.013912 	 0.010162
7.098253 	 4.157196 	 0.028379 	 0.040619
7.145837 	 4.150421 	 0.019430 	 0.063080
7.193875 	 4.269897 	 0.003601 	 0.053314
7.239194 	 4.122101 	 -0.000543 	 0.037445
7.283606 	 4.146332 	 0.015936 	 0.045380
7.331190 	 4.182678 	 0.013476 	 0.054443
7.377869 	 4.210419 	 0.000660 	 0.043427
7.424547 	 4.289398 	 0.008703 	 0.041565
7.471678 	 4.161377 	 -0.004059 	 0.031158
7.517903 	 4.200623 	 0.030424 	 0.057861
7.563675 	 4.274017 	 0.007148 	 0.059082
7.613525 	 4.086426 	 0.009300 	 0.052429
7.655219 	 4.222168 	 0.007659 	 0.048798
7.702350 	 4.246948 	 -0.008788 	 0.028595
7.750841 	 4.218109 	 0.018919 	 0.042389
7.796613 	 4.280029 	 0.015968 	 0.056793
7.846916 	 4.182495 	 -0.000149 	 0.044525
7.888609 	 4.283600 	 -0.008842 	 0.023193
7.936647 	 4.245300 	 0.011601 	 0.031799
7.982872 	 4.075409 	 0.003483 	 0.036469
8.029550 	 4.209412 	 0.015606 	 0.047699
8.074869 	 4.245270 	 0.040139 	 0.082581
8.119734 	 4.212494 	 0.015020 	 0.082489
8.168678 	 4.210480 	 -0.015191 	 0.039520
8.213091 	 4.259308 	 -0.021774 	 0.001740
8.259315 	 4.243591 	 0.050547 	 0.057831
8.308713 	 4.174103 	 0.004517 	 0.065094
8.353578 	 4.209351 	 0.016906 	 0.060760
8.397990 	 4.208954 	 0.029337 	 0.077698
8.444215 	 4.121552 	 0.032373 	 0.094482
8.490440 	 4.128784 	 0.001182 	 0.069489
8.542557 	 4.212494 	 -0.026759 	 0.017212
8.585156 	 4.262787 	 0.015319 	 0.026337
8.629568 	 4.249023 	 0.009364 	 0.041321
8.679872 	 4.166351 	 0.013092 	 0.048859
8.723831 	 4.175568 	 0.016852 	 0.058350
8.773228 	 4.118683 	 0.000831 	 0.047119
8.818547 	 4.245911 	 0.016362 	 0.051666
8.864772 	 4.262939 	 -0.005390 	 0.037018
8.912810 	 4.192261 	 -0.018770 	 0.006897
8.959488 	 4.212372 	 -0.012091 	 -0.003723
9.005713 	 4.219421 	 0.006168 	 0.011047
9.047406 	 4.173309 	 0.031372 	 0.053345
9.097710 	 4.278198 	 -0.001896 	 0.046875
9.144388 	 4.279816 	 -0.003313 	 0.029663
9.188800 	 4.230530 	 0.026632 	 0.053467
9.235931 	 4.200775 	 0.001843 	 0.049927
9.282610 	 4.129181 	 0.017311 	 0.054504
9.326115 	 4.170380 	 -0.024661 	 0.020264
9.375966 	 4.147308 	 0.001555 	 0.013733
9.419925 	 4.165527 	 0.025971 	 0.047150
9.467056 	 4.160217 	 -0.037455 	 0.005890
9.515547 	 4.176422 	 0.020485 	 0.021332
9.561319 	 4.147339 	 0.024917 	 0.056732
9.603918 	 4.227692 	 0.040597 	 0.092041
9.651050 	 4.127533 	 0.026941 	 0.099945
9.699541 	 4.210419 	 -0.023958 	 0.043304
9.744859 	 4.085388 	 -0.011516 	 0.009766
9.793803 	 4.212280 	 -0.014552 	 -0.001007
9.838669 	 4.219452 	 -0.003920 	 0.002747
9.883534 	 4.182007 	 0.013401 	 0.026917
9.928853 	 4.221252 	 0.005507 	 0.036682
9.977797 	 4.122986 	 -0.008874 	 0.021942
10.026288 	 4.131470 	 0.002354 	 0.020813
10.068887 	 4.132721 	 0.009502 	 0.032227
10.116472 	 4.224640 	 -0.013316 	 0.016327
10.161790 	 4.029053 	 -0.016320 	 -0.002991
10.209375 	 4.105286 	 -0.011292 	 -0.006958
10.254694 	 4.159485 	 -0.005561 	 0.000916
10.302278 	 4.202789 	 -0.016938 	 -0.006165
10.347597 	 4.116760 	 0.026333 	 0.030151
10.395181 	 4.219513 	 -0.039511 	 -0.003784
10.442313 	 4.153320 	 -0.022861 	 -0.029449
10.485818 	 4.193665 	 0.032586 	 0.024872
10.536122 	 4.241852 	 -0.003494 	 0.033661
10.581441 	 4.030426 	 -0.020325 	 0.002716
10.622681 	 4.172913 	 -0.010898 	 -0.005615
10.670265 	 4.163361 	 0.000511 	 0.006500
10.721475 	 4.245087 	 -0.003398 	 0.012390
10.766341 	 4.183929 	 0.026174 	 0.042664
10.813925 	 4.344757 	 0.031553 	 0.074921
10.857884 	 4.253296 	 -0.006519 	 0.052429
10.907281 	 4.159241 	 0.005646 	 0.039246
10.951241 	 4.230316 	 -0.000575 	 0.031647
10.997466 	 4.280518 	 -0.005902 	 0.020233
11.043237 	 4.232483 	 0.007127 	 0.027832
11.093541 	 4.152008 	 -0.005316 	 0.022491
11.139766 	 4.114288 	 -0.001417 	 0.019592
11.185991 	 4.218109 	 0.017396 	 0.038300
11.229497 	 4.173187 	 0.012741 	 0.050171
11.279800 	 4.200592 	 0.021646 	 0.063721
11.323759 	 4.191193 	 0.004538 	 0.056152
11.369531 	 4.083344 	 -0.001534 	 0.037964
11.414850 	 4.131470 	 -0.005060 	 0.024292
11.460168 	 4.097534 	 -0.005646 	 0.015991
11.509566 	 4.122925 	 0.044166 	 0.064392
11.554431 	 4.183685 	 0.022083 	 0.082947
11.600656 	 4.209351 	 0.009609 	 0.068665
11.650053 	 4.131958 	 -0.007638 	 0.039642
11.694919 	 4.210632 	 0.005731 	 0.034271
11.740237 	 4.206573 	 -0.007372 	 0.022797
11.786916 	 4.071503 	 0.003217 	 0.024109
11.833594 	 4.144653 	 -0.026312 	 -0.001984
11.881178 	 4.121582 	 -0.012847 	 -0.012482
11.926044 	 4.241333 	 0.000330 	 0.003876
11.973175 	 4.152466 	 0.026419 	 0.042450
12.018947 	 4.173096 	 -0.006924 	 0.035614
12.067891 	 4.130554 	 -0.014104 	 0.010498
12.113663 	 4.281677 	 0.005923 	 0.019135
12.157169 	 4.411133 	 -0.004847 	 0.019684
12.206566 	 4.209229 	 0.017864 	 0.038605
12.252338 	 4.172363 	 0.014456 	 0.052643
12.298563 	 4.210205 	 0.008000 	 0.050812
12.341162 	 4.200623 	 -0.012687 	 0.025696
12.390559 	 4.193390 	 0.041023 	 0.062103
12.439050 	 4.144562 	 0.003941 	 0.061737
12.481650 	 4.115509 	 -0.005902 	 0.035706
12.530141 	 4.056335 	 0.033343 	 0.061188
12.575912 	 4.160309 	 -0.005593 	 0.048889
12.625310 	 4.232452 	 0.018994 	 0.051819
12.667909 	 4.078430 	 -0.006892 	 0.036224
12.717760 	 4.277252 	 0.005475 	 0.031799
12.762625 	 4.229218 	 0.018163 	 0.049713
12.807491 	 4.235596 	 0.035250 	 0.079498
12.853262 	 4.293884 	 0.012080 	 0.076050
12.904472 	 4.105133 	 0.001182 	 0.053497
12.949791 	 4.139221 	 -0.010898 	 0.025238
12.996922 	 4.295410 	 0.038083 	 0.059998
13.038615 	 4.289886 	 -0.009129 	 0.045807
13.087106 	 4.127686 	 0.002780 	 0.032745
13.136050 	 4.191284 	 0.004762 	 0.035034
13.180916 	 4.144653 	 0.005731 	 0.037262
13.227594 	 4.209381 	 0.008533 	 0.041504
13.272913 	 4.113434 	 -0.000288 	 0.034546
13.315965 	 4.106567 	 -0.020070 	 0.007172
13.364003 	 4.135437 	 0.004059 	 0.011810
13.411588 	 4.249237 	 0.017012 	 0.040710
13.458719 	 4.121490 	 0.014850 	 0.054077
13.504491 	 4.123291 	 0.001033 	 0.044067
13.553435 	 4.260254 	 0.004293 	 0.037292
13.598753 	 4.121033 	 0.005859 	 0.037476
13.643619 	 4.173065 	 -0.028240 	 0.001556
13.689391 	 4.109802 	 0.011175 	 0.013428
13.735616 	 4.152435 	 0.013412 	 0.037476
13.782747 	 4.178162 	 0.012591 	 0.048157
13.831691 	 4.174133 	 -0.000948 	 0.038666
13.876556 	 4.181244 	 0.007276 	 0.037231
13.924141 	 4.280396 	 0.007308 	 0.039764
13.969913 	 4.269409 	 -0.001694 	 0.031403
14.016138 	 4.251190 	 0.025353 	 0.052185
14.063269 	 4.241302 	 0.003281 	 0.049530
14.108588 	 4.181030 	 0.012464 	 0.049530
14.153000 	 4.201355 	 0.018397 	 0.059875
14.202397 	 4.158386 	 0.013582 	 0.061584
14.247263 	 4.110443 	 -0.000224 	 0.045715
14.295300 	 4.096191 	 0.002621 	 0.036896
14.338806 	 4.153534 	 0.012528 	 0.044159
14.388203 	 4.160370 	 0.013902 	 0.051453
14.434428 	 4.119293 	 0.015073 	 0.057190
14.479294 	 4.194794 	 0.009886 	 0.054596
14.525519 	 4.123474 	 -0.004836 	 0.035583
14.574916 	 4.002502 	 0.028325 	 0.057373
14.618875 	 4.216492 	 -0.028794 	 0.021149
14.664194 	 4.003326 	 -0.005816 	 0.004425
14.709512 	 4.148010 	 -0.005028 	 0.007111
14.756190 	 4.185394 	 -0.009396 	 0.004913
14.806494 	 4.180450 	 -0.011164 	 -0.000122
14.850453 	 4.211151 	 -0.002024 	 0.005646
14.899397 	 4.189087 	 -0.000107 	 0.014526
14.942450 	 4.218628 	 -0.006743 	 0.012268
14.990941 	 4.250488 	 0.000383 	 0.015656
15.038979 	 4.228394 	 0.017119 	 0.038239
15.082031 	 4.317322 	 -0.010354 	 0.025879
15.127350 	 4.263672 	 -0.005454 	 0.014038
15.175841 	 4.327942 	 -0.004836 	 0.015289
15.223878 	 4.236023 	 -0.004048 	 0.013092
15.269650 	 4.100281 	 0.029337 	 0.048431
15.314969 	 4.214478 	 0.005486 	 0.051788
15.361647 	 4.240570 	 0.020549 	 0.059448
15.409232 	 4.271637 	 -0.019004 	 0.027924
15.455003 	 4.249207 	 -0.024309 	 -0.008392
15.501682 	 4.189728 	 -0.015670 	 -0.017090
15.546094 	 4.114929 	 0.032096 	 0.034088
15.595491 	 4.217163 	 -0.010919 	 0.030579
15.639450 	 4.255554 	 -0.009577 	 0.012238
15.685222 	 4.139313 	 0.007084 	 0.021362
15.732806 	 4.169464 	 -0.014061 	 0.010437
15.779031 	 4.117432 	 -0.002653 	 0.008759
15.822537 	 4.069580 	 -0.001214 	 0.014435
15.871481 	 4.078125 	 0.005188 	 0.024597
15.918613 	 4.122894 	 -0.009374 	 0.016968
15.965291 	 4.253235 	 0.000660 	 0.017639
16.014235 	 4.293121 	 -0.003995 	 0.017639
16.057741 	 4.330353 	 0.030147 	 0.050934
16.102153 	 4.006317 	 0.012645 	 0.063507
16.148378 	 4.126465 	 0.035622 	 0.082428
16.196869 	 4.124237 	 0.036677 	 0.102295
16.242187 	 4.015289 	 -0.008842 	 0.064789
16.292491 	 4.131622 	 0.014477 	 0.053497
16.333731 	 4.110474 	 0.025737 	 0.069855
16.384488 	 4.140320 	 0.012112 	 0.067444
16.425728 	 4.119232 	 -0.000202 	 0.048767
16.476938 	 4.163361 	 -0.003441 	 0.030792
16.521803 	 4.142120 	 -0.007840 	 0.016968
16.568028 	 4.139343 	 -0.001310 	 0.015930
16.614706 	 4.129120 	 -0.001715 	 0.018372
16.661838 	 4.103973 	 0.002546 	 0.024017
16.703078 	 4.190338 	 -0.009502 	 0.014832
16.755647 	 4.103394 	 -0.014019 	 0.001007
16.801419 	 4.319244 	 0.010056 	 0.019348
16.846738 	 4.200684 	 -0.001268 	 0.024689
16.894322 	 4.197449 	 -0.010397 	 0.012604
16.938734 	 4.196228 	 0.081929 	 0.100220
16.989491 	 4.241638 	 -0.003121 	 0.087708
17.032997 	 4.265533 	 0.008320 	 0.058502
17.079675 	 4.235107 	 0.028869 	 0.073975
17.126807 	 4.187439 	 0.035867 	 0.097992
17.171672 	 4.176208 	 -0.013529 	 0.056885
17.217897 	 4.080231 	 0.020474 	 0.053528
17.264575 	 4.153351 	 0.014882 	 0.060852
17.312160 	 4.150238 	 -0.019217 	 0.026276
17.356119 	 4.123596 	 0.037103 	 0.056000
17.403703 	 4.260223 	 0.016970 	 0.071564
17.451741 	 4.159363 	 -0.004155 	 0.047455
17.498872 	 4.083069 	 0.007031 	 0.039948
17.542831 	 4.071411 	 0.003888 	 0.037048
17.590869 	 4.171326 	 0.031734 	 0.065979
17.636641 	 4.156250 	 0.013582 	 0.070465
17.682866 	 4.164825 	 0.017076 	 0.068512
17.732716 	 4.209106 	 0.012133 	 0.063171
17.773956 	 4.267426 	 0.026749 	 0.074219
17.822900 	 4.223358 	 0.017470 	 0.074860
17.871844 	 4.197235 	 0.008543 	 0.063171
17.914444 	 4.249207 	 -0.011579 	 0.032837
17.961575 	 4.132294 	 -0.000043 	 0.022888
18.009613 	 4.194305 	 -0.004059 	 0.019196
18.054025 	 4.257416 	 0.033801 	 0.054901
18.098437 	 4.073486 	 0.005848 	 0.057587
18.148741 	 4.171356 	 0.023148 	 0.064636
18.196326 	 4.134857 	 -0.000181 	 0.052429
18.241191 	 4.128510 	 -0.000192 	 0.036163
18.287869 	 4.016510 	 0.037114 	 0.067780
18.332281 	 4.223572 	 0.041343 	 0.101166
18.379866 	 4.158112 	 0.017193 	 0.094147
18.427904 	 4.172455 	 0.001854 	 0.064026
18.475941 	 4.080811 	 0.001150 	 0.043427
18.519447 	 4.092590 	 0.006210 	 0.039520
18.562953 	 4.043152 	 0.029156 	 0.064514
18.610538 	 4.197174 	 0.012687 	 0.067078
18.656763 	 4.097412 	 -0.006956 	 0.040649
18.702534 	 4.173279 	 0.032427 	 0.061981
18.752838 	 4.058167 	 -0.004410 	 0.049072
18.799063 	 4.205475 	 0.005667 	 0.039276
18.842116 	 4.270599 	 0.014935 	 0.049438
18.889700 	 4.242462 	 -0.005358 	 0.036591
18.935019 	 4.280457 	 0.004314 	 0.031403
18.983963 	 4.192322 	 0.023830 	 0.054810
19.029282 	 4.204590 	 -0.013859 	 0.033691
19.073694 	 4.223297 	 -0.018141 	 0.003021
19.121278 	 4.118073 	 -0.002194 	 0.005798
19.168410 	 4.175385 	 0.019036 	 0.034698
19.213275 	 4.220398 	 -0.007361 	 0.027405
19.259953 	 4.038818 	 0.014828 	 0.037415
19.310257 	 4.083740 	 -0.018120 	 0.017151
19.354669 	 4.134430 	 0.005699 	 0.019440
19.400441 	 4.136322 	 -0.005923 	 0.018097
19.448026 	 4.223511 	 0.015500 	 0.034149
19.492891 	 4.352051 	 0.013358 	 0.049469
19.538210 	 4.289520 	 -0.008298 	 0.030304
19.584888 	 4.172394 	 -0.003025 	 0.019745
19.632472 	 4.174133 	 0.001012 	 0.021423
19.679604 	 4.130463 	 -0.024501 	 -0.002716
19.727188 	 4.094177 	 -0.030264 	 -0.029907
19.770241 	 4.195374 	 0.023798 	 0.011902
19.818732 	 4.254028 	 -0.003547 	 0.023865
19.866316 	 4.167419 	 0.024970 	 0.048309
19.912994 	 4.050354 	 -0.000245 	 0.045258
19.958313 	 4.274445 	 -0.015361 	 0.015991
20.002725 	 4.117065 	 0.004197 	 0.018768
20.050310 	 4.250610 	 -0.011505 	 0.011230
20.097441 	 4.337341 	 0.014935 	 0.027893
20.141853 	 4.275452 	 0.028357 	 0.061340
20.190797 	 4.057770 	 0.006647 	 0.060333
20.235210 	 4.198669 	 -0.016746 	 0.025177
20.283701 	 4.087036 	 -0.002663 	 0.014160
20.328113 	 4.106476 	 0.005657 	 0.024994
20.374791 	 4.094025 	 -0.003260 	 0.022858
20.420563 	 4.113312 	 -0.018802 	 0.002106
20.467694 	 4.157166 	 -0.017385 	 -0.012543
20.515732 	 4.121826 	 0.006072 	 0.007233
20.562410 	 4.269592 	 0.026248 	 0.046875
20.607729 	 4.178467 	 -0.004953 	 0.039825
20.652594 	 4.221954 	 0.000778 	 0.029633
20.700179 	 4.187042 	 -0.007148 	 0.018799
20.746857 	 4.245972 	 -0.003707 	 0.015656
20.794441 	 4.267212 	 0.015532 	 0.034973
20.839760 	 4.216675 	 -0.015958 	 0.017517
20.884172 	 4.204468 	 0.022839 	 0.036743
20.932210 	 4.167419 	 0.023393 	 0.064178
20.975262 	 4.208527 	 -0.036240 	 0.012451
21.025113 	 4.097778 	 0.019718 	 0.023682
21.071338 	 4.121521 	 0.001609 	 0.033112
21.118016 	 4.293549 	 -0.002610 	 0.025726
21.165147 	 4.195282 	 0.029625 	 0.053955
21.210919 	 4.232239 	 0.017907 	 0.067474
21.255331 	 4.083527 	 0.015361 	 0.066681
21.302463 	 4.134186 	 0.017769 	 0.067413
21.351407 	 4.143341 	 0.012890 	 0.063995

 Z Turning Point (V) = 6.293274 
 Turning Time Delay (ms) = 0 
 SEN (V) =  
 App. Driving Voltage (mVrms) = 0.005000 
 App. Vias. Voltage (V) = 0.000000 
 App. Del Z (Bit) = -10 
 App. Delay Time (ms) = 200 
 App. Velocity (nm/s) = -0.226596 
 Ret. Driving Voltage (mVrms) = 0.005000 
 Ret. Vias. Voltage (V) = 0.000000 
 Ret. Del Z (Bit) = -10 
 Ret. Delay Time (ms) = 200 
 Ret. Velocity (nm/s) = -0.226596 
  
 Data Array Size = 1081 
 Frequency (Hz) = sen.
 
