23.022757 	 4.225189 	 0.023106 	 0.069336
22.975626 	 4.069611 	 0.031276 	 0.086334
22.929854 	 4.155334 	 0.012123 	 0.076843
22.884535 	 4.157074 	 -0.012698 	 0.039062
22.836951 	 4.179535 	 -0.015084 	 0.009918
22.789819 	 3.983063 	 0.026706 	 0.038605
22.743594 	 4.251343 	 0.004751 	 0.046265
22.699182 	 4.350250 	 0.022861 	 0.059723
22.652051 	 4.204651 	 -0.002077 	 0.047028
22.603107 	 4.261597 	 -0.023670 	 0.008301
22.558694 	 4.070435 	 -0.014956 	 -0.007568
22.513829 	 4.206543 	 -0.008586 	 -0.005493
22.464885 	 4.214233 	 0.020922 	 0.029175
22.420020 	 4.159973 	 -0.009076 	 0.025574
22.371075 	 4.115204 	 -0.000692 	 0.019104
22.325304 	 4.219360 	 -0.004059 	 0.016602
22.279985 	 4.197083 	 -0.013667 	 0.005432
22.233760 	 4.226379 	 -0.003675 	 0.005554
22.187988 	 4.237518 	 -0.014253 	 0.000031
22.139044 	 4.105225 	 0.011558 	 0.019348
22.093272 	 4.267426 	 0.022285 	 0.049866
22.046141 	 4.134613 	 -0.001012 	 0.042999
21.998557 	 4.314148 	 -0.007563 	 0.022949
21.955051 	 4.139252 	 0.030179 	 0.051880
21.907919 	 4.115204 	 -0.000458 	 0.048767
21.863054 	 4.163239 	 0.010269 	 0.045746
21.815016 	 4.157593 	 0.004655 	 0.043274
21.767885 	 4.140015 	 0.003739 	 0.037842
21.723926 	 4.195435 	 0.042003 	 0.075073
21.675888 	 4.302307 	 0.030871 	 0.097473
21.631476 	 4.208984 	 -0.006487 	 0.061798
21.583438 	 4.187469 	 0.016085 	 0.054260
21.534041 	 4.303894 	 0.006988 	 0.051941
21.489629 	 4.212128 	 -0.016160 	 0.022003
21.443857 	 4.315002 	 -0.011547 	 0.003784
21.400804 	 4.235321 	 0.019952 	 0.031555
21.350500 	 4.145569 	 0.000266 	 0.035797
21.305182 	 4.141815 	 0.011462 	 0.040283
21.255331 	 4.161560 	 0.011121 	 0.047729
21.210013 	 4.210754 	 0.024703 	 0.063080
21.165147 	 4.218750 	 0.026365 	 0.078156
21.118469 	 4.286621 	 -0.002024 	 0.056274
21.072244 	 4.230316 	 0.028336 	 0.067871
21.026019 	 4.137207 	 0.001076 	 0.056610
20.977528 	 4.246338 	 0.001523 	 0.040558
20.932210 	 4.286804 	 -0.008863 	 0.021637
20.886438 	 4.107452 	 0.028613 	 0.049377
20.838400 	 4.097137 	 -0.009683 	 0.036194
20.796254 	 4.217438 	 -0.001704 	 0.022949
20.745497 	 4.220581 	 -0.016906 	 0.005310
20.700179 	 4.141479 	 -0.005784 	 0.002228
20.657126 	 4.269501 	 0.004719 	 0.015594
20.608182 	 4.217285 	 -0.013923 	 0.007263
20.561504 	 4.033173 	 0.011015 	 0.021698
20.514372 	 4.160309 	 0.007414 	 0.035706
20.469960 	 4.223480 	 0.000256 	 0.032654
20.421922 	 4.175568 	 -0.012911 	 0.012573
20.377510 	 4.192566 	 0.018046 	 0.031982
20.331285 	 4.224426 	 0.012091 	 0.047455
20.284607 	 4.128479 	 -0.003963 	 0.035217
20.237929 	 4.132050 	 -0.012496 	 0.013489
20.190797 	 4.054291 	 -0.012783 	 0.000122
20.145932 	 4.263489 	 0.025779 	 0.034485
20.097894 	 4.309204 	 -0.011164 	 0.028076
20.050763 	 4.156128 	 -0.021380 	 -0.001709
20.007257 	 4.178345 	 0.010216 	 0.012054
19.959673 	 4.174286 	 -0.001065 	 0.021484
19.913448 	 4.181274 	 0.012996 	 0.034882
19.864050 	 4.285431 	 0.019793 	 0.054840
19.819638 	 4.280121 	 0.019643 	 0.065857
19.774319 	 4.336945 	 -0.005209 	 0.045135
19.724469 	 4.248444 	 0.027516 	 0.059998
19.678244 	 4.090820 	 -0.017598 	 0.032745
19.632019 	 4.090515 	 -0.016171 	 0.003418
19.585794 	 4.121307 	 0.002162 	 0.010773
19.539569 	 4.220673 	 0.002312 	 0.020721
19.494250 	 4.086182 	 0.005124 	 0.029358
19.449838 	 4.055450 	 0.005827 	 0.034546
19.400894 	 4.110474 	 0.009598 	 0.041107
19.357388 	 4.161591 	 -0.005550 	 0.029785
19.309804 	 4.173859 	 0.008000 	 0.033051
19.263126 	 4.146759 	 0.029891 	 0.062531
19.214635 	 4.189728 	 -0.027825 	 0.024139
19.170676 	 4.092102 	 -0.015830 	 -0.005737
19.122638 	 4.277252 	 -0.004975 	 -0.001007
19.074600 	 4.271515 	 0.039393 	 0.052246
19.027469 	 4.172455 	 0.010653 	 0.064026
18.983057 	 4.099640 	 0.024299 	 0.071320
18.935925 	 4.234711 	 0.032491 	 0.089142
18.889247 	 4.194916 	 0.005284 	 0.071716
18.843929 	 4.193359 	 0.014956 	 0.062592
18.799063 	 4.263245 	 0.025407 	 0.073303
18.750119 	 4.295258 	 0.041236 	 0.101318
18.705254 	 4.159637 	 0.018152 	 0.094360
18.658575 	 4.116364 	 0.011409 	 0.074402
18.609178 	 4.178436 	 -0.009385 	 0.040741
18.566579 	 4.232544 	 0.013689 	 0.042175
18.517635 	 4.246216 	 -0.012400 	 0.026123
18.469597 	 4.139587 	 0.010738 	 0.032501
18.427904 	 4.277618 	 0.019526 	 0.053040
18.378506 	 4.072449 	 0.009278 	 0.054993
18.333188 	 4.175659 	 -0.006647 	 0.034271
18.285603 	 4.284363 	 -0.023766 	 -0.000305
18.243004 	 4.150360 	 -0.019420 	 -0.017120
18.194513 	 4.227905 	 0.025279 	 0.024323
18.146928 	 4.188599 	 -0.007830 	 0.025970
18.102516 	 4.160339 	 -0.013880 	 0.006531
18.054025 	 4.114166 	 0.006104 	 0.015839
18.005081 	 4.182343 	 -0.000149 	 0.023560
17.960669 	 4.253265 	 0.006306 	 0.029755
17.918523 	 4.213989 	 0.003558 	 0.032593
17.868672 	 4.154297 	 -0.008032 	 0.020752
17.823807 	 4.041321 	 0.000618 	 0.019714
17.775316 	 4.080200 	 0.007009 	 0.030060
17.731357 	 4.155731 	 0.004240 	 0.034302
17.683772 	 4.203644 	 0.013508 	 0.044403
17.636188 	 4.235382 	 0.009907 	 0.051025
17.594041 	 4.193695 	 -0.009928 	 0.030029
17.545097 	 4.223663 	 0.015521 	 0.038452
17.498419 	 4.247437 	 0.006701 	 0.044220
17.449928 	 4.138672 	 -0.023723 	 0.010437
17.404156 	 4.056213 	 -0.010280 	 -0.002228
17.359291 	 3.958893 	 0.020229 	 0.029144
17.310347 	 4.065399 	 -0.021891 	 0.012482
17.263216 	 4.153198 	 0.006125 	 0.015656
17.218350 	 4.178436 	 0.011569 	 0.037415
17.171672 	 4.225494 	 0.011249 	 0.046082
17.128619 	 4.171234 	 -0.019228 	 0.018280
17.079675 	 4.220276 	 -0.002738 	 0.008789
17.033904 	 4.201569 	 0.026706 	 0.043671
16.987225 	 4.175690 	 0.013028 	 0.060394
16.941907 	 4.203949 	 0.020016 	 0.065338
16.892056 	 4.206512 	 0.000000 	 0.050751
16.847644 	 4.128540 	 -0.012048 	 0.022858
16.800513 	 4.258728 	 0.013923 	 0.033203
16.759726 	 4.307312 	 0.025279 	 0.060486
16.706250 	 4.234314 	 0.022818 	 0.074341
16.660931 	 4.173004 	 0.039447 	 0.097504
16.613347 	 4.113312 	 0.021422 	 0.095917
16.570747 	 4.240356 	 0.012581 	 0.077179
16.521803 	 4.113342 	 0.030158 	 0.083282
16.477391 	 4.246216 	 0.013039 	 0.077148
16.429807 	 4.077454 	 -0.004804 	 0.048065
16.382675 	 4.204376 	 0.002844 	 0.035919
16.335544 	 4.115051 	 0.039500 	 0.072296
16.292038 	 4.134644 	 0.001278 	 0.063660
16.246719 	 4.115387 	 0.023787 	 0.067230
16.200041 	 4.160370 	 0.030520 	 0.084930
16.148831 	 4.195312 	 0.014296 	 0.078796
16.105779 	 4.242157 	 0.030104 	 0.085693
16.057741 	 4.302338 	 0.002376 	 0.064911
16.011516 	 4.227509 	 0.008192 	 0.051788
15.966197 	 4.151245 	 0.027473 	 0.069183
15.916800 	 4.324585 	 0.017374 	 0.073944
15.871935 	 4.183533 	 0.035590 	 0.090454
15.827522 	 4.243317 	 0.023542 	 0.092957
15.784470 	 4.057648 	 0.039425 	 0.105621
15.731447 	 4.154510 	 -0.004123 	 0.072052
15.685222 	 4.200714 	 0.000490 	 0.044067
15.641716 	 4.274261 	 0.021156 	 0.056091
15.592772 	 4.169495 	 0.024000 	 0.070435
15.547000 	 4.148987 	 0.017364 	 0.072601
15.503041 	 4.186584 	 0.002738 	 0.054993
15.455003 	 4.077271 	 0.008586 	 0.048096
15.407872 	 4.150146 	 0.015990 	 0.055023
15.361647 	 4.241364 	 -0.003792 	 0.041290
15.315422 	 4.330170 	 0.006732 	 0.036621
15.271916 	 4.122345 	 -0.020006 	 0.011871
15.220253 	 4.129303 	 -0.000863 	 0.008606
15.177654 	 4.076477 	 0.015872 	 0.034302
15.129163 	 4.158630 	 0.030222 	 0.067474
15.083391 	 4.231415 	 0.011707 	 0.068115
15.037619 	 4.159607 	 0.018386 	 0.067810
14.990941 	 4.118073 	 0.003153 	 0.054657
14.945169 	 4.103394 	 -0.011388 	 0.027496
14.897131 	 4.203461 	 0.006977 	 0.027679
14.852266 	 4.226471 	 0.016639 	 0.045563
14.805588 	 4.174438 	 -0.004368 	 0.036377
14.759363 	 4.132263 	 -0.031851 	 -0.006104
14.716763 	 4.192444 	 -0.011239 	 -0.014038
14.665553 	 4.290405 	 0.002738 	 0.006409
14.621141 	 4.169464 	 -0.025609 	 -0.009613
14.573557 	 4.242035 	 0.003281 	 -0.000397
14.524612 	 4.274811 	 0.010227 	 0.024841
14.481107 	 4.192444 	 -0.007052 	 0.021027
14.433522 	 4.246979 	 0.007191 	 0.027374
14.389563 	 4.167328 	 0.019462 	 0.048981
14.341525 	 4.254333 	 -0.004410 	 0.038818
14.295753 	 4.139130 	 0.035132 	 0.065552
14.250435 	 4.246002 	 -0.011611 	 0.044708
14.200584 	 4.172424 	 0.027686 	 0.056488
14.151640 	 4.068878 	 0.029678 	 0.081085
14.109494 	 4.229218 	 0.012773 	 0.075073
14.062363 	 4.258514 	 -0.017374 	 0.034058
14.017497 	 4.174103 	 -0.015659 	 0.004150
13.968553 	 4.172577 	 -0.001587 	 0.006683
13.923235 	 4.142242 	 0.025055 	 0.043243
13.877916 	 4.159851 	 -0.005156 	 0.037445
13.829425 	 4.166473 	 0.013497 	 0.041107
13.781841 	 4.176758 	 0.025811 	 0.064636
13.736975 	 4.257263 	 0.000479 	 0.053497
13.693016 	 4.220123 	 -0.009641 	 0.026031
13.647244 	 4.129395 	 0.007084 	 0.028046
13.600113 	 3.905182 	 0.005092 	 0.034668
13.556154 	 4.122253 	 -0.011579 	 0.017578
13.505397 	 4.092773 	 0.001023 	 0.017242
13.461438 	 4.058411 	 -0.010780 	 0.009094
13.410681 	 4.125885 	 0.011558 	 0.024597
13.365816 	 4.143646 	 -0.017758 	 0.011505
13.319591 	 4.124329 	 -0.029146 	 -0.019775
13.271100 	 4.207703 	 0.015595 	 0.008209
13.227141 	 4.256592 	 -0.002674 	 0.020752
13.180463 	 4.309814 	 0.030317 	 0.053070
13.135144 	 4.276337 	 0.021870 	 0.073730
13.090279 	 4.261353 	 0.011057 	 0.066162
13.042694 	 4.201080 	 0.025087 	 0.073242
12.994656 	 4.268188 	 0.002354 	 0.057922
12.949791 	 4.235443 	 0.011068 	 0.052246
12.902660 	 4.246521 	 -0.002205 	 0.038422
12.855075 	 4.350433 	 -0.028837 	 -0.000916
12.809303 	 4.361755 	 -0.030616 	 -0.030701
12.765344 	 4.190216 	 -0.048033 	 -0.061554
12.715494 	 4.087341 	 0.002056 	 -0.032410
12.671988 	 4.215271 	 0.011686 	 0.012756
12.622591 	 4.144257 	 -0.006892 	 0.016113
12.578632 	 4.093506 	 -0.000650 	 0.015930
12.529234 	 4.166016 	 -0.009832 	 0.009613
12.484369 	 4.296448 	 0.024054 	 0.037048
12.439050 	 4.197937 	 -0.012836 	 0.026337
12.391466 	 4.082672 	 -0.009651 	 0.008789
12.346600 	 4.044342 	 -0.008043 	 0.003693
12.299016 	 4.152557 	 -0.006168 	 0.004272
12.249619 	 4.145294 	 -0.016405 	 -0.004761
12.205206 	 4.231537 	 -0.014424 	 -0.010895
12.160794 	 4.239380 	 0.000778 	 0.003235
12.112303 	 4.223480 	 0.024576 	 0.042572
12.066531 	 4.296265 	 -0.002418 	 0.039825
12.020760 	 4.165588 	 0.005625 	 0.035126
11.972722 	 4.295013 	 -0.013422 	 0.016724
11.926497 	 4.215332 	 0.015127 	 0.031219
11.881178 	 4.325287 	 0.012922 	 0.046631
11.835860 	 4.223938 	 -0.005209 	 0.032288
11.787369 	 4.158508 	 0.000565 	 0.025940
11.741144 	 4.149384 	 0.004751 	 0.030060
11.697185 	 4.170166 	 0.006253 	 0.034790
11.649600 	 4.163269 	 0.051793 	 0.083710
11.602469 	 4.268768 	 0.022392 	 0.097198
11.558963 	 4.277527 	 0.019068 	 0.085968
11.511832 	 4.193237 	 0.022104 	 0.082397
11.464700 	 4.146088 	 -0.000948 	 0.058655
11.413943 	 4.175720 	 0.021944 	 0.061737
11.371797 	 4.231659 	 0.008618 	 0.059814
11.327838 	 4.203491 	 -0.007382 	 0.035034
11.277081 	 4.196411 	 -0.003569 	 0.019958
11.232216 	 4.146179 	 -0.006988 	 0.014282
11.183272 	 4.149139 	 -0.004677 	 0.010651
11.140219 	 4.232147 	 0.003398 	 0.021606
11.093541 	 4.249115 	 0.000256 	 0.025360
11.047316 	 4.179657 	 0.041599 	 0.068848
11.000185 	 4.256287 	 0.035367 	 0.098572
10.952600 	 4.179962 	 -0.012890 	 0.058441
10.907281 	 4.095306 	 0.021422 	 0.057190
10.860150 	 4.103455 	 0.004197 	 0.052979
10.814832 	 4.146179 	 0.017108 	 0.056458
10.766341 	 4.180389 	 0.021859 	 0.067505
10.719209 	 4.217560 	 0.009449 	 0.061035
10.674797 	 4.133301 	 0.025375 	 0.070831
10.632198 	 4.287140 	 -0.007542 	 0.046875
10.585519 	 4.091003 	 0.009609 	 0.040649
10.536122 	 4.218658 	 -0.021667 	 0.012146
10.488991 	 4.197845 	 0.002599 	 0.011566
10.442766 	 4.209473 	 0.014669 	 0.035278
10.394728 	 4.220398 	 0.016512 	 0.052124
10.349409 	 4.220184 	 -0.008607 	 0.034607
10.303638 	 4.265503 	 0.001023 	 0.025879
10.255600 	 4.162231 	 0.028858 	 0.055389
10.210281 	 4.234955 	 0.027345 	 0.079468
10.165869 	 4.357880 	 0.010525 	 0.070496
10.119191 	 4.266418 	 -0.003558 	 0.046722
10.071606 	 4.195557 	 -0.014583 	 0.015747
10.025835 	 4.115295 	 0.018717 	 0.033203
9.978703 	 4.298065 	 -0.008053 	 0.026886
9.931119 	 4.241669 	 0.033055 	 0.055573
9.887613 	 4.096252 	 0.037742 	 0.091095
9.838216 	 4.173553 	 0.028272 	 0.098602
9.792897 	 4.188202 	 -0.005635 	 0.062927
9.745312 	 4.064911 	 0.021923 	 0.061798
9.699541 	 4.172424 	 0.021305 	 0.072388
9.655128 	 4.128296 	 0.011739 	 0.066833
9.609357 	 4.098389 	 -0.004858 	 0.042725
9.562679 	 4.109131 	 -0.003121 	 0.026703
9.513734 	 4.098206 	 -0.000032 	 0.023468
9.467509 	 4.329346 	 0.002716 	 0.026764
9.419472 	 4.246307 	 -0.005657 	 0.019348
9.373700 	 4.184265 	 0.008511 	 0.027527
9.331100 	 4.099548 	 0.007638 	 0.036255
9.282610 	 4.161591 	 0.022807 	 0.056366
9.235025 	 4.241394 	 0.014658 	 0.063171
9.188800 	 4.207458 	 0.021273 	 0.071594
9.143481 	 4.131653 	 0.003174 	 0.056549
9.095897 	 4.134277 	 -0.030030 	 0.007843
9.052391 	 4.116669 	 -0.003270 	 0.000763
9.002087 	 4.140686 	 0.049503 	 0.064178
8.958128 	 4.031738 	 0.024245 	 0.088135
8.909637 	 4.154480 	 0.001225 	 0.063873
8.864319 	 4.217865 	 -0.020261 	 0.020630
8.816734 	 4.122223 	 0.005774 	 0.020355
8.775041 	 4.135162 	 -0.007979 	 0.016876
8.727003 	 4.089386 	 0.007787 	 0.025513
8.678513 	 4.088501 	 -0.009992 	 0.018158
8.631381 	 4.123383 	 0.002567 	 0.019989
8.587422 	 4.233215 	 0.018355 	 0.042328
8.538931 	 4.200256 	 -0.003547 	 0.034912
8.488174 	 4.229431 	 -0.006019 	 0.021149
8.444215 	 4.186127 	 0.015574 	 0.036194
8.400710 	 4.272400 	 -0.006029 	 0.029297
8.352219 	 4.194275 	 0.023415 	 0.048370
8.305540 	 4.091339 	 -0.001023 	 0.043640
8.259315 	 4.257629 	 0.000192 	 0.031891
8.211731 	 4.083527 	 0.008863 	 0.036865
8.168678 	 4.300598 	 -0.004964 	 0.028259
8.120641 	 4.082733 	 -0.018951 	 0.002960
8.073056 	 4.222412 	 -0.020389 	 -0.014160
8.027284 	 4.226624 	 0.004804 	 0.003906
7.983778 	 4.230499 	 0.013209 	 0.031281
7.938007 	 4.221283 	 0.015990 	 0.049133
7.892235 	 4.141541 	 0.022275 	 0.065186
7.841931 	 4.158356 	 0.016064 	 0.067352
7.797066 	 4.154541 	 0.018493 	 0.068878
7.748575 	 4.179626 	 -0.015713 	 0.034912
7.706882 	 4.277313 	 -0.003111 	 0.018524
7.658844 	 4.188202 	 -0.012996 	 0.006592
7.611259 	 4.256409 	 0.007244 	 0.017456
7.565034 	 4.163971 	 0.006573 	 0.031403
7.517450 	 4.146545 	 0.028293 	 0.059113
7.471678 	 4.127838 	 -0.010237 	 0.040894
7.423187 	 4.162384 	 0.021263 	 0.049194
7.380135 	 4.189423 	 0.023542 	 0.069489
7.332550 	 4.244293 	 0.018642 	 0.073120
7.285872 	 4.126312 	 0.016650 	 0.071259
7.238287 	 4.183472 	 -0.006669 	 0.045563
7.193422 	 4.162506 	 -0.000724 	 0.030090
7.149463 	 4.255432 	 -0.026898 	 -0.001923
7.103691 	 4.286774 	 -0.027931 	 -0.028290
7.057466 	 4.039886 	 -0.007989 	 -0.019775
7.009428 	 4.118561 	 0.017460 	 0.021088
6.964110 	 4.019318 	 0.026461 	 0.058258
6.916525 	 4.181580 	 0.001044 	 0.051971
6.868034 	 4.114746 	 0.023457 	 0.060699
6.822263 	 4.341614 	 0.008394 	 0.058838
6.777397 	 4.267731 	 -0.023787 	 0.016785
6.730266 	 4.171356 	 0.001055 	 0.010559
6.681322 	 4.152405 	 0.025790 	 0.046173
6.636909 	 4.125244 	 0.000149 	 0.045166
6.593404 	 4.118317 	 -0.012538 	 0.019531
6.543553 	 4.183319 	 0.006519 	 0.022064
6.495969 	 4.106018 	 0.007436 	 0.034851
6.448384 	 4.174316 	 -0.004016 	 0.027435
6.402159 	 4.104919 	 -0.011345 	 0.011566
6.356841 	 4.125214 	 0.001427 	 0.014954
6.314694 	 4.204285 	 -0.020102 	 -0.000031
6.262125 	 4.288208 	 0.025897 	 0.031036
6.217712 	 4.073975 	 -0.028251 	 0.008423
6.174207 	 4.142273 	 -0.034344 	 -0.032410
6.126169 	 4.105225 	 -0.020410 	 -0.036835
6.080850 	 4.107513 	 -0.044912 	 -0.058594
6.032359 	 4.211884 	 0.364651 	 0.410980
5.986588 	 4.428619 	 0.019026 	 0.367554
5.940363 	 4.339325 	 0.009715 	 0.192261
5.895044 	 4.153442 	 -0.017385 	 0.084564
5.847459 	 4.104431 	 -0.018568 	 0.025391
5.800328 	 4.208313 	 0.016331 	 0.034668
5.754103 	 4.166138 	 -0.003260 	 0.032501
5.710144 	 4.208160 	 -0.027676 	 -0.002228
5.663466 	 4.123138 	 -0.013721 	 -0.012909
5.616335 	 4.253174 	 -0.011452 	 -0.010284
5.570110 	 4.292969 	 -0.013305 	 -0.009155
5.522978 	 4.123474 	 0.003675 	 0.007568
5.476300 	 4.098358 	 -0.001044 	 0.016693
5.428716 	 4.121674 	 -0.010994 	 0.008453
5.383850 	 4.176300 	 -0.023851 	 -0.011810
5.335812 	 4.181610 	 0.014243 	 0.013306
5.290494 	 4.233246 	 0.026493 	 0.052917
5.240643 	 4.211151 	 0.006253 	 0.054443
5.197137 	 4.167450 	 -0.019196 	 0.019135
5.153178 	 4.172577 	 0.000149 	 0.013214
5.102422 	 4.200745 	 -0.009662 	 0.008514
5.056650 	 4.172699 	 -0.007617 	 0.004486
5.011784 	 4.275269 	 -0.003973 	 0.006836
4.965559 	 4.251160 	 -0.028581 	 -0.015350
4.920694 	 4.194702 	 -0.011462 	 -0.017700
4.872656 	 4.140106 	 0.013071 	 0.014313
4.823712 	 4.138794 	 0.007936 	 0.032898
4.780206 	 4.235352 	 -0.037252 	 -0.006653
4.733528 	 4.224670 	 -0.034174 	 -0.042694
4.687756 	 4.216309 	 -0.023585 	 -0.044525
4.641985 	 4.185425 	 -0.012879 	 -0.030396
4.596666 	 4.203522 	 -0.015659 	 -0.022217
4.547269 	 4.214569 	 -0.016160 	 -0.020233
4.504216 	 4.050323 	 -0.023020 	 -0.028625
4.455272 	 4.134583 	 0.005220 	 -0.002228
4.410406 	 4.241943 	 -0.022871 	 -0.009644
4.363728 	 4.324738 	 -0.026717 	 -0.029633
4.314331 	 4.203583 	 -0.003292 	 -0.014709
4.272638 	 4.261383 	 -0.029348 	 -0.025330
4.221881 	 4.269592 	 -0.010994 	 -0.021698
4.176563 	 4.193909 	 -0.003643 	 -0.004822
4.131697 	 4.240173 	 0.001886 	 0.011017
4.087285 	 4.193451 	 -0.011558 	 0.005249
4.037888 	 4.220367 	 0.009683 	 0.019775
3.989850 	 4.212097 	 0.007020 	 0.033142
3.944531 	 4.289642 	 -0.005625 	 0.025391
3.899213 	 4.174072 	 0.001150 	 0.023712
3.852534 	 4.193268 	 -0.020016 	 0.003052
3.805856 	 4.229218 	 -0.027186 	 -0.020752
3.756912 	 4.169525 	 -0.001832 	 -0.009583
3.712047 	 4.263275 	 -0.008799 	 -0.000549
3.664915 	 4.112366 	 -0.049268 	 -0.042175
3.620050 	 4.134430 	 -0.015446 	 -0.042572
3.572012 	 4.159698 	 -0.018067 	 -0.029785
3.527600 	 4.138580 	 -0.020698 	 -0.030945
3.477750 	 4.144104 	 -0.011334 	 -0.020325
3.434697 	 4.178497 	 -0.026823 	 -0.028900
3.387566 	 4.185028 	 -0.021444 	 -0.033966
3.340434 	 3.997620 	 -0.022371 	 -0.033936
3.291943 	 4.018646 	 -0.052933 	 -0.066010
3.249797 	 4.116486 	 -0.039319 	 -0.079681
3.204932 	 4.261353 	 -0.021273 	 -0.061096
3.157347 	 4.034210 	 -0.064033 	 -0.090546
3.107497 	 4.169342 	 -0.045924 	 -0.103790
3.063538 	 4.101227 	 -0.036634 	 -0.090790
3.017766 	 4.089142 	 -0.042962 	 -0.086609
2.970634 	 4.183472 	 -0.032650 	 -0.079071
2.924409 	 4.149048 	 -0.035228 	 -0.072327
2.878638 	 4.197418 	 -0.013795 	 -0.047913
2.830600 	 4.118103 	 -0.010482 	 -0.024902
2.785735 	 4.036346 	 -0.040469 	 -0.042694
2.733618 	 4.174316 	 -0.030648 	 -0.054993
2.689206 	 4.137909 	 -0.051665 	 -0.078308
2.644341 	 4.147308 	 -0.007862 	 -0.051239
2.595396 	 4.096497 	 -0.012016 	 -0.025269
2.549625 	 4.124298 	 -0.024118 	 -0.028076
2.505666 	 4.079376 	 -0.022243 	 -0.033264
2.457628 	 4.113373 	 -0.023574 	 -0.034576
2.412309 	 4.183990 	 -0.047809 	 -0.061768
2.368350 	 4.194519 	 -0.055415 	 -0.091095
2.322578 	 4.224731 	 -0.048054 	 -0.100891
2.274994 	 4.221436 	 -0.055064 	 -0.109711
2.229222 	 4.143372 	 -0.307648 	 -0.381134
2.180731 	 3.708740 	 -0.528616 	 -0.838684
2.133147 	 3.265900 	 -0.575243 	 -1.184174
2.090094 	 3.371613 	 -0.555077 	 -1.335022
2.041603 	 3.359192 	 -0.553128 	 -1.392059
1.996284 	 3.312042 	 -0.514256 	 -1.376526
1.951419 	 3.310913 	 -0.547780 	 -1.389496
1.904741 	 3.299347 	 -0.540973 	 -1.403259
1.858516 	 3.313843 	 -0.521117 	 -1.386414
1.812291 	 3.403778 	 -0.521468 	 -1.370209
1.766972 	 3.332947 	 -0.502602 	 -1.344147
1.719841 	 3.418945 	 -0.494251 	 -1.315765
1.670444 	 3.423981 	 -0.517442 	 -1.323883
1.628751 	 3.323761 	 -0.532078 	 -1.352936
1.579353 	 3.378143 	 -0.512392 	 -1.351807
1.533582 	 3.512909 	 -0.522257 	 -1.352478
1.484637 	 3.385101 	 -0.514011 	 -1.348999
1.440678 	 3.224670 	 -0.496637 	 -1.325714
1.396719 	 3.275543 	 -0.460897 	 -1.270813
1.348682 	 3.327057 	 -0.485121 	 -1.256714
1.297925 	 3.497162 	 -0.435789 	 -1.209198
1.253513 	 3.418182 	 -0.417658 	 -1.148224
1.208194 	 3.410339 	 -0.440838 	 -1.137756
1.160156 	 3.311523 	 -0.405812 	 -1.106293
1.116650 	 3.399994 	 -0.406388 	 -1.078369
1.069972 	 3.299225 	 -0.413983 	 -1.073914
1.018762 	 3.474854 	 -0.370403 	 -1.031189
0.974803 	 3.557922 	 -0.369753 	 -0.992065
0.930391 	 3.322266 	 -0.335665 	 -0.938202
0.886885 	 3.401764 	 -0.310407 	 -0.873413
0.837488 	 3.314697 	 -0.319728 	 -0.843842
0.788544 	 3.429626 	 -0.199971 	 -0.709564
0.744585 	 3.451233 	 -0.257347 	 -0.658264
0.697906 	 3.532654 	 -0.295930 	 -0.701172
0.650775 	 3.418121 	 -0.254140 	 -0.691010
0.604550 	 3.282684 	 -0.170357 	 -0.580963
0.557419 	 3.299194 	 -0.195583 	 -0.523834
0.513007 	 3.105652 	 -0.045934 	 -0.353546
0.465875 	 3.100952 	 0.037583 	 -0.125977
0.419197 	 3.230957 	 -0.055894 	 -0.089050
0.372066 	 2.916351 	 0.158277 	 0.112640
0.324934 	 3.106812 	 0.086020 	 0.218597
0.280069 	 3.127075 	 0.085562 	 0.232330
0.232031 	 3.008942 	 0.111757 	 0.267273
0.189432 	 2.813965 	 0.206150 	 0.393188
0.139581 	 2.809326 	 0.262300 	 0.547119
0.093356 	 2.385803 	 0.516770 	 0.906433
0.045319 	 1.971497 	 0.466682 	 1.121765
0.000000 	 1.232086 	 0.638615 	 1.381012
0.044412 	 1.998718 	 0.322125 	 1.222961
0.096529 	 1.193237 	 1.101025 	 1.846741
0.138675 	 1.822449 	 0.764988 	 2.102112
0.188979 	 1.812592 	 0.472296 	 1.762268
0.231578 	 2.469788 	 0.431315 	 1.432373
0.277350 	 2.440887 	 0.262172 	 1.117493
0.325841 	 2.753204 	 0.155230 	 0.784973
0.372519 	 3.048004 	 0.046999 	 0.479919
0.419197 	 2.720184 	 0.442681 	 0.711487
0.465422 	 2.453613 	 0.340160 	 0.878265
0.512553 	 3.118805 	 -0.011835 	 0.535004
0.559232 	 3.159088 	 -0.126042 	 0.112946
0.605003 	 3.171112 	 -0.102841 	 -0.094940
0.651228 	 3.338806 	 -0.178858 	 -0.256165
0.699266 	 3.339111 	 -0.227594 	 -0.412018
0.743225 	 3.536011 	 -0.241357 	 -0.516327
0.791263 	 3.486176 	 -0.259381 	 -0.588409
0.838847 	 3.637268 	 -0.276244 	 -0.647125
0.881900 	 3.404236 	 -0.275254 	 -0.678253
0.929485 	 3.385834 	 -0.311132 	 -0.726288
0.977069 	 3.453003 	 -0.301821 	 -0.757690
1.023294 	 3.663513 	 -0.346232 	 -0.814178
1.069519 	 3.471375 	 -0.380065 	 -0.893524
1.113931 	 3.466309 	 -0.378339 	 -0.940826
1.163329 	 3.389862 	 -0.384880 	 -0.967682
1.208194 	 3.522858 	 -0.394989 	 -0.992920
1.254872 	 3.561340 	 -0.459342 	 -1.076447
1.298831 	 3.426636 	 -0.413802 	 -1.093689
1.347322 	 3.443146 	 -0.445856 	 -1.115112
1.393094 	 3.402863 	 -0.446143 	 -1.138916
1.440225 	 3.454803 	 -0.504136 	 -1.210358
1.487810 	 3.491669 	 -0.425264 	 -1.185059
1.534488 	 3.410034 	 -0.484951 	 -1.201660
1.578900 	 3.363068 	 -0.509559 	 -1.260803
1.625125 	 3.347900 	 -0.523066 	 -1.311676
1.672256 	 3.250153 	 -0.476599 	 -1.291962
1.716669 	 3.392273 	 -0.493494 	 -1.280304
1.766066 	 3.414001 	 -0.485718 	 -1.274933
1.811838 	 3.286133 	 -0.493100 	 -1.276672
1.857610 	 3.367126 	 -0.519306 	 -1.307190
1.902475 	 3.341583 	 -0.548739 	 -1.364319
1.952779 	 3.445190 	 -0.530363 	 -1.383148
1.999457 	 3.248199 	 -0.510943 	 -1.362823
2.043869 	 3.300751 	 -0.498107 	 -1.331726
2.088734 	 3.254364 	 -0.511849 	 -1.327454
2.135866 	 3.490234 	 -0.514800 	 -1.334473
2.182091 	 3.396271 	 -0.530427 	 -1.355286
2.228316 	 3.307709 	 -0.565528 	 -1.407867
2.277260 	 3.330566 	 -0.536361 	 -1.416412
2.324844 	 3.276215 	 -0.562044 	 -1.433899
2.368803 	 3.316132 	 -0.517729 	 -1.406372
2.410497 	 3.254944 	 -0.531578 	 -1.389587
2.458081 	 3.269470 	 -0.541975 	 -1.399017
2.505666 	 3.347229 	 -0.507439 	 -1.371613
2.550078 	 3.385406 	 -0.543445 	 -1.383179
2.599022 	 3.333801 	 -0.544691 	 -1.403351
2.642981 	 3.371094 	 -0.573890 	 -1.444183
2.691472 	 3.286163 	 -0.531418 	 -1.431122
2.736790 	 3.385895 	 -0.562385 	 -1.438507
2.783469 	 3.440063 	 -0.558912 	 -1.451416
2.832413 	 3.318085 	 -0.554907 	 -1.451324
2.877731 	 3.478119 	 -0.499428 	 -1.391144
2.924409 	 3.440460 	 -0.539599 	 -1.384247
2.970181 	 3.441437 	 -0.506310 	 -1.363922
3.016406 	 3.552765 	 -0.487348 	 -1.320648
3.060365 	 3.379547 	 -0.491673 	 -1.297638
3.108403 	 3.410004 	 -0.469334 	 -1.266663
3.154175 	 3.480103 	 -0.457275 	 -1.230835
3.202213 	 3.859009 	 -0.217335 	 -0.957672
3.247531 	 4.073425 	 -0.079298 	 -0.590118
3.295116 	 4.080994 	 -0.036507 	 -0.324249
3.339528 	 4.251221 	 -0.006083 	 -0.157257
3.386206 	 4.272583 	 -0.033726 	 -0.098724
3.431978 	 4.274750 	 -0.000767 	 -0.049561
3.480922 	 4.194244 	 0.001917 	 -0.010101
3.525787 	 4.247925 	 0.003686 	 0.009949
3.572466 	 4.266327 	 -0.021817 	 -0.006287
3.617784 	 4.323242 	 0.004389 	 0.003326
3.666275 	 4.069672 	 0.007659 	 0.022400
3.712953 	 4.220367 	 0.007968 	 0.031586
3.760538 	 4.225342 	 0.006658 	 0.036530
3.805403 	 4.183868 	 0.008639 	 0.039734
3.854347 	 4.055756 	 0.023873 	 0.057281
3.898759 	 4.044617 	 0.013625 	 0.062103
3.944984 	 4.117676 	 0.028677 	 0.075073
3.992569 	 4.148773 	 -0.005412 	 0.052246
4.035622 	 4.235260 	 -0.008927 	 0.023712
4.083206 	 4.158691 	 -0.020773 	 -0.002014
4.128072 	 4.075684 	 0.001140 	 0.003815
4.176563 	 4.174530 	 0.036453 	 0.051758
4.222334 	 4.172638 	 0.017886 	 0.069580
4.268559 	 4.153534 	 0.009907 	 0.060822
4.314784 	 4.115021 	 0.007713 	 0.052460
4.362822 	 4.152802 	 0.004400 	 0.043976
4.407687 	 3.993408 	 0.013657 	 0.048889
4.452553 	 4.116760 	 0.012634 	 0.053650
4.502856 	 4.263947 	 0.003931 	 0.046234
4.548175 	 4.247803 	 -0.005369 	 0.028778
4.595306 	 4.237488 	 -0.019803 	 0.003082
4.639719 	 4.210815 	 0.003206 	 0.010651
4.686850 	 4.296814 	 0.018120 	 0.038086
4.733528 	 4.249390 	 0.000682 	 0.037842
4.780206 	 4.227417 	 -0.020208 	 0.008240
4.825978 	 4.250610 	 -0.012634 	 -0.005066
4.871750 	 4.175415 	 0.011494 	 0.017151
4.920241 	 4.222839 	 -0.010749 	 0.013733
4.964200 	 4.075134 	 0.016703 	 0.031311
5.014050 	 4.124115 	 0.035835 	 0.072388
5.060728 	 4.126221 	 0.026749 	 0.088806
5.104687 	 4.188751 	 0.018663 	 0.081055
5.150912 	 4.229492 	 0.014370 	 0.070740
5.196231 	 4.060394 	 0.050717 	 0.103882
5.245628 	 4.197205 	 -0.025247 	 0.054260
5.291400 	 4.119873 	 0.014488 	 0.041199
5.334453 	 4.267334 	 0.019036 	 0.058258
5.383397 	 4.267548 	 -0.016959 	 0.029449
5.429169 	 4.138519 	 -0.005284 	 0.013062
5.474487 	 4.064117 	 -0.004517 	 0.012878
5.521165 	 4.060272 	 -0.011931 	 0.003845
5.568750 	 4.277283 	 -0.002152 	 0.006470
5.613615 	 4.238556 	 -0.002567 	 0.012146
5.662106 	 4.351685 	 0.017119 	 0.035004
5.709238 	 4.181458 	 0.022051 	 0.058624
5.753197 	 4.128357 	 0.004762 	 0.053833
5.799875 	 4.072449 	 -0.002109 	 0.037109
5.847913 	 3.978699 	 -0.010812 	 0.019836
5.893684 	 4.028992 	 0.006061 	 0.023224
5.942628 	 4.149292 	 -0.015372 	 0.009521
5.986588 	 4.271484 	 0.006722 	 0.018860
6.032359 	 4.234314 	 0.000863 	 0.025940
6.082210 	 4.146240 	 0.015159 	 0.040985
6.123903 	 4.097778 	 0.000320 	 0.038696
6.173300 	 4.184143 	 0.013145 	 0.044708
6.218166 	 4.187256 	 -0.013571 	 0.024261
6.266203 	 4.220459 	 -0.002738 	 0.015045
6.310616 	 4.264282 	 -0.018397 	 -0.000885
6.356387 	 4.234406 	 -0.038254 	 -0.035187
6.406691 	 4.123016 	 -0.003441 	 -0.022247
6.452463 	 4.156219 	 0.002280 	 0.003448
6.498235 	 4.151459 	 0.002290 	 0.017853
6.544460 	 4.299713 	 -0.019739 	 0.000549
6.589778 	 4.202881 	 0.005497 	 0.009918
6.637816 	 4.216797 	 0.004783 	 0.023956
6.682228 	 4.171417 	 0.021273 	 0.049316
6.729813 	 4.349121 	 0.009598 	 0.054474
6.776038 	 4.204346 	 0.025257 	 0.067352
6.820450 	 4.163361 	 0.002674 	 0.056213
6.867128 	 4.234619 	 -0.003313 	 0.035919
6.913353 	 4.235107 	 0.019718 	 0.047546
6.961391 	 4.206360 	 0.001896 	 0.044891
7.008069 	 4.096558 	 0.032810 	 0.068390
7.055200 	 4.141571 	 0.033130 	 0.091431
7.103238 	 4.150208 	 -0.025662 	 0.040497
7.148103 	 4.226318 	 0.004346 	 0.024261
7.193422 	 4.152588 	 -0.002099 	 0.023651
7.240553 	 4.214905 	 -0.007468 	 0.014709
7.286778 	 4.150635 	 0.006647 	 0.023102
7.333003 	 4.097870 	 -0.000629 	 0.025146
7.378775 	 4.104889 	 0.010951 	 0.035736
7.424547 	 4.226288 	 -0.005071 	 0.028961
7.473038 	 4.145844 	 0.007681 	 0.031219
7.517450 	 4.208252 	 -0.021359 	 0.007355
7.564128 	 4.285706 	 0.010642 	 0.018005
7.611259 	 4.252197 	 -0.002599 	 0.022705
7.658391 	 4.163391 	 0.004165 	 0.025818
7.703709 	 3.987244 	 -0.006136 	 0.020081
7.753107 	 4.064453 	 -0.004240 	 0.014374
7.795253 	 4.093475 	 -0.011025 	 0.006775
7.842384 	 4.159485 	 -0.026514 	 -0.015808
7.894048 	 4.232483 	 -0.010099 	 -0.016174
7.937100 	 4.247375 	 -0.001534 	 -0.000183
7.982872 	 4.225281 	 0.005007 	 0.017517
8.029097 	 4.319183 	 -0.002344 	 0.020081
8.078494 	 4.216888 	 0.003611 	 0.024323
8.124719 	 4.186584 	 -0.015372 	 0.009735
8.172757 	 4.150543 	 0.002407 	 0.013031
8.214903 	 4.167236 	 0.019835 	 0.040710
8.263394 	 4.116272 	 -0.015073 	 0.023895
8.309166 	 4.172577 	 -0.022722 	 -0.007172
8.354938 	 4.209381 	 -0.009875 	 -0.010345
8.400256 	 4.140289 	 0.001864 	 0.005615
8.445122 	 4.204468 	 -0.018695 	 -0.002930
8.495879 	 4.212463 	 -0.007872 	 -0.004028
8.540291 	 4.160309 	 -0.013241 	 -0.007416
8.586063 	 4.205444 	 -0.003739 	 -0.000305
8.632741 	 4.107727 	 -0.002003 	 0.010284
8.679419 	 4.113831 	 -0.001981 	 0.015106
8.726550 	 4.170898 	 0.005944 	 0.026184
8.770056 	 4.206573 	 -0.003036 	 0.023895
8.816734 	 4.311188 	 0.004591 	 0.025482
8.862053 	 4.211823 	 -0.013241 	 0.011536
8.911450 	 4.137451 	 -0.005593 	 0.006348
8.958582 	 4.139130 	 -0.022275 	 -0.009552
9.006166 	 4.166534 	 0.013731 	 0.014252
9.051485 	 4.223999 	 -0.012091 	 0.013092
9.096350 	 4.165833 	 -0.029593 	 -0.017059
9.144388 	 4.132507 	 0.004506 	 -0.002319
9.187894 	 4.159851 	 0.005145 	 0.019531
9.234119 	 4.166138 	 0.002567 	 0.026489
9.282156 	 4.314636 	 0.001694 	 0.028473
9.327928 	 4.011810 	 0.003196 	 0.028839
9.377325 	 4.159729 	 -0.004613 	 0.022247
9.420831 	 4.257751 	 -0.002589 	 0.018463
9.467963 	 4.163452 	 -0.009992 	 0.010101
9.515547 	 4.304108 	 0.004623 	 0.016602
9.561319 	 4.126801 	 -0.010045 	 0.011597
9.606638 	 4.280701 	 0.016245 	 0.030426
9.656941 	 4.307190 	 -0.019654 	 0.011780
9.699541 	 4.201385 	 0.020219 	 0.030304
9.748032 	 4.131439 	 0.042706 	 0.078705
9.795163 	 4.191681 	 0.008149 	 0.075256
9.838216 	 4.178528 	 0.013103 	 0.063080
9.883987 	 4.143280 	 0.001609 	 0.048462
9.931572 	 4.307404 	 -0.013571 	 0.021149
9.976437 	 4.297241 	 -0.024395 	 -0.007294
10.027194 	 4.160400 	 -0.018205 	 -0.020966
10.073872 	 4.149200 	 0.010163 	 0.006775
10.118738 	 4.275665 	 -0.018333 	 0.002808
10.163603 	 4.187653 	 -0.013454 	 -0.007446
10.209828 	 4.193787 	 0.002653 	 0.006317
10.256053 	 4.148376 	 0.003654 	 0.021271
10.304544 	 3.992401 	 -0.009055 	 0.014709
10.349409 	 4.120087 	 -0.023383 	 -0.009216
10.397900 	 4.089752 	 0.002727 	 0.002380
10.441406 	 4.201691 	 0.007958 	 0.023376
10.489897 	 4.217560 	 0.029327 	 0.058258
10.536122 	 4.249084 	 0.027537 	 0.080048
10.582800 	 4.158386 	 0.019654 	 0.080597
10.630838 	 4.069397 	 0.031724 	 0.090546
10.677969 	 4.142944 	 0.022669 	 0.091003
10.723741 	 4.035278 	 0.005230 	 0.068878
10.769966 	 4.167419 	 0.007830 	 0.054413
10.817097 	 4.271179 	 0.018855 	 0.059967
10.861963 	 4.198456 	 -0.021540 	 0.024506
10.905469 	 4.162323 	 0.023425 	 0.039948
10.955319 	 4.123413 	 0.001406 	 0.042938
10.998825 	 4.249390 	 0.014530 	 0.047485
11.045050 	 4.200653 	 -0.008597 	 0.030701
11.094447 	 4.158508 	 -0.016224 	 0.006134
11.138406 	 4.090485 	 0.025066 	 0.035522
11.187350 	 4.111115 	 -0.000554 	 0.038727
11.234029 	 4.054291 	 -0.016821 	 0.011749
11.275722 	 4.052582 	 -0.028634 	 -0.018707
11.325572 	 4.216370 	 0.009151 	 0.002014
11.369984 	 4.234955 	 -0.010173 	 0.007172
11.418022 	 4.247467 	 0.019920 	 0.032898
11.461075 	 4.275635 	 0.020208 	 0.058044
11.509566 	 4.206512 	 -0.019835 	 0.024841
11.555338 	 4.212128 	 -0.009193 	 0.005280
11.601562 	 4.110748 	 0.007723 	 0.019989
11.651413 	 4.187073 	 0.008021 	 0.033813
11.694919 	 4.229523 	 0.018269 	 0.050079
11.741597 	 4.244354 	 0.028048 	 0.071960
11.788275 	 4.209351 	 0.010546 	 0.067383
11.836313 	 4.243317 	 0.011739 	 0.059662
11.882538 	 4.175446 	 -0.001662 	 0.041870
11.928310 	 4.091553 	 -0.011057 	 0.019043
11.971815 	 4.297943 	 0.005806 	 0.022491
12.021666 	 4.137299 	 -0.007958 	 0.017181
12.066985 	 4.046234 	 0.024373 	 0.042847
12.110944 	 4.091309 	 0.013465 	 0.057251
12.161700 	 4.122101 	 -0.003366 	 0.040619
12.204753 	 4.203552 	 0.000181 	 0.029816
12.253244 	 4.149170 	 0.008309 	 0.033630
12.296750 	 4.060364 	 0.001044 	 0.030701
12.343881 	 4.211151 	 -0.028826 	 -0.001953
12.390559 	 4.199432 	 -0.027473 	 -0.029144
12.439503 	 4.148590 	 0.003366 	 -0.007324
12.486635 	 4.240448 	 -0.011601 	 -0.000671
12.529234 	 4.187103 	 -0.003665 	 0.003998
12.578178 	 4.018860 	 -0.011494 	 0.001862
12.624403 	 4.158539 	 0.021028 	 0.030640
12.668362 	 4.158478 	 0.014072 	 0.050842
12.714587 	 4.121918 	 -0.003004 	 0.038055
12.760812 	 4.154388 	 -0.009065 	 0.018219
12.807944 	 4.172272 	 -0.000149 	 0.017273
12.856888 	 4.221893 	 0.021252 	 0.043549
12.899487 	 4.186523 	 0.030435 	 0.073395
12.948885 	 4.154266 	 0.001949 	 0.060760
12.996016 	 4.134918 	 -0.014765 	 0.024567
13.042694 	 4.165100 	 0.013241 	 0.031342
13.087560 	 4.187775 	 0.025385 	 0.059448
13.135144 	 4.113159 	 0.019612 	 0.070709
13.179556 	 4.110748 	 0.006818 	 0.059265
13.228047 	 4.247498 	 -0.004463 	 0.036194
13.275632 	 4.294525 	 0.012197 	 0.039490
13.318684 	 4.331451 	 0.016671 	 0.053284
13.367175 	 4.129700 	 -0.025769 	 0.016998
13.412041 	 4.225433 	 -0.023159 	 -0.014679
13.459625 	 4.234497 	 -0.014935 	 -0.019806
13.505397 	 4.178741 	 -0.020464 	 -0.022736
13.552528 	 4.248840 	 -0.000490 	 -0.006744
13.599207 	 4.092621 	 0.009641 	 0.020294
13.645432 	 4.224548 	 0.017939 	 0.045319
13.690297 	 4.187714 	 0.011824 	 0.052765
13.738335 	 4.182648 	 0.008362 	 0.050323
13.784560 	 4.115356 	 0.001896 	 0.040680
13.829425 	 4.192230 	 -0.009886 	 0.020782
13.875650 	 4.247437 	 0.024938 	 0.045135
13.922781 	 4.260620 	 0.017151 	 0.062378
13.971725 	 4.131622 	 0.008607 	 0.056091
14.018404 	 4.233704 	 -0.002525 	 0.038605
14.063269 	 4.092255 	 0.010631 	 0.039764
14.107681 	 4.142242 	 -0.012804 	 0.022461
14.153000 	 4.129272 	 0.000309 	 0.018280
14.202397 	 4.053101 	 0.023255 	 0.045593
14.245903 	 4.226929 	 0.022424 	 0.067230
14.295300 	 4.218079 	 0.049130 	 0.103943
14.340166 	 4.275452 	 0.035282 	 0.117035
14.385937 	 4.197144 	 0.016948 	 0.097046
14.432616 	 4.218079 	 0.024863 	 0.089508
14.480200 	 4.268524 	 -0.007851 	 0.055328
14.528238 	 4.256165 	 -0.012080 	 0.022980
14.573557 	 4.141235 	 -0.020038 	 -0.001465
14.618875 	 4.152527 	 0.021529 	 0.027344
14.665100 	 4.208344 	 0.035548 	 0.071686
14.711325 	 4.253540 	 0.027367 	 0.088593
14.758910 	 4.224518 	 0.021018 	 0.086060
14.806494 	 4.190918 	 0.005252 	 0.065552
14.851813 	 4.118439 	 -0.004048 	 0.038879
14.898491 	 4.177460 	 0.021241 	 0.051697
14.944716 	 4.217560 	 0.009332 	 0.055267
14.989581 	 4.138947 	 -0.017502 	 0.023010
15.034900 	 4.223877 	 0.015510 	 0.031311
15.082031 	 4.178528 	 -0.001619 	 0.032166
15.130069 	 4.086975 	 0.007148 	 0.035217
15.174481 	 4.066956 	 0.003430 	 0.036194
15.221613 	 4.118042 	 0.002237 	 0.033325
15.267384 	 4.216461 	 -0.001225 	 0.026886
15.315422 	 4.122375 	 0.011132 	 0.035919
15.362100 	 4.201508 	 -0.021295 	 0.012329
15.408778 	 4.183746 	 0.008277 	 0.018036
15.454097 	 4.211426 	 0.031841 	 0.058380
15.502135 	 4.086517 	 0.032917 	 0.087097
15.547000 	 4.224701 	 0.036272 	 0.103943
15.593678 	 4.144806 	 0.018355 	 0.094269
15.643982 	 4.157562 	 0.009140 	 0.071350
15.686128 	 4.090637 	 0.026823 	 0.076721
15.732353 	 4.151184 	 0.021071 	 0.080780
15.779485 	 4.235626 	 -0.005454 	 0.051971
15.824803 	 4.165619 	 -0.001193 	 0.031830
15.873294 	 4.130829 	 -0.004985 	 0.021790
15.919519 	 4.137299 	 0.049087 	 0.072510
15.968010 	 4.189423 	 0.005912 	 0.072754
16.011516 	 4.247467 	 -0.010919 	 0.035675
16.060460 	 4.346313 	 -0.005603 	 0.018616
16.105779 	 4.178375 	 -0.007563 	 0.011688
16.151097 	 4.216248 	 0.005039 	 0.020264
16.197322 	 4.269928 	 0.008192 	 0.033264
16.243094 	 4.201385 	 0.018131 	 0.050171
16.291585 	 4.280304 	 0.013635 	 0.057648
16.335544 	 4.287262 	 0.008309 	 0.052460
16.381769 	 4.358856 	 0.011516 	 0.051208
16.426634 	 4.237427 	 -0.016469 	 0.023193
16.474672 	 4.201416 	 -0.007510 	 0.008636
16.523163 	 4.277069 	 -0.005156 	 0.008362
16.566669 	 4.147491 	 0.011505 	 0.027130
16.613800 	 4.190369 	 0.024480 	 0.056244
16.658212 	 4.213959 	 0.023233 	 0.073303
16.705797 	 4.187714 	 0.024448 	 0.082001
16.755647 	 4.185669 	 0.025790 	 0.087036
16.799606 	 4.062073 	 0.030701 	 0.093872
16.849910 	 4.296600 	 0.012197 	 0.081146
16.892963 	 4.340393 	 -0.012006 	 0.043365
16.940547 	 4.130310 	 0.054307 	 0.084656
16.987225 	 4.147369 	 0.019388 	 0.094238
17.032997 	 4.262695 	 0.014360 	 0.077759
17.077863 	 4.317871 	 0.019590 	 0.072906
17.126353 	 4.231781 	 0.006583 	 0.060730
17.171672 	 4.149475 	 0.001289 	 0.045441
17.218350 	 4.205292 	 0.010163 	 0.044495
17.265028 	 4.161682 	 0.007755 	 0.045288
17.313972 	 4.294342 	 -0.020357 	 0.015320
17.355666 	 4.249146 	 0.008373 	 0.020020
17.402797 	 4.263641 	 0.010493 	 0.037598
17.449928 	 4.163208 	 0.023404 	 0.058777
17.495700 	 4.041565 	 -0.006828 	 0.042114
17.541925 	 4.141724 	 0.009928 	 0.039337
17.589963 	 4.252228 	 0.004975 	 0.040802
17.633469 	 4.092499 	 0.005870 	 0.040222
17.683772 	 4.129333 	 0.006168 	 0.039337
17.729544 	 4.119354 	 0.005529 	 0.039520
17.775316 	 4.130646 	 -0.009502 	 0.024170
17.821994 	 4.193695 	 -0.026152 	 -0.007599
17.868672 	 4.196838 	 -0.000160 	 -0.002136
17.913991 	 4.309418 	 0.006189 	 0.019135
17.962029 	 4.051666 	 -0.010834 	 0.012512
18.006894 	 4.138519 	 0.002546 	 0.017120
18.054932 	 4.202484 	 0.024991 	 0.048096
18.101157 	 4.214447 	 0.034120 	 0.078918
18.145116 	 4.221436 	 0.044698 	 0.109406
18.190887 	 4.113342 	 0.022605 	 0.104553
18.240738 	 4.124481 	 -0.010834 	 0.057220
18.284244 	 4.172485 	 -0.016799 	 0.016357
18.332735 	 4.081299 	 -0.003260 	 0.010742
18.378506 	 4.266205 	 -0.017843 	 -0.002838
18.422919 	 4.143707 	 0.003238 	 0.007294
18.470956 	 4.174469 	 -0.016171 	 0.000824
18.514009 	 4.175629 	 -0.003430 	 0.001404
18.564313 	 3.981140 	 0.045391 	 0.059509
18.612350 	 4.148499 	 0.003409 	 0.061737
18.656763 	 4.129120 	 0.005635 	 0.048370
18.702081 	 4.203461 	 0.006232 	 0.043884
18.748759 	 4.345245 	 0.000756 	 0.036530
18.795438 	 4.112457 	 -0.004847 	 0.023224
18.840303 	 4.180237 	 0.024213 	 0.045868
18.891060 	 4.127380 	 0.009705 	 0.052582
18.934566 	 4.186493 	 -0.007489 	 0.032928
18.981244 	 4.072510 	 0.018514 	 0.044098
19.027016 	 4.244568 	 0.013412 	 0.055237
19.075053 	 4.228271 	 0.010557 	 0.053192
19.121732 	 4.206665 	 0.005220 	 0.047028
19.166144 	 4.238708 	 -0.016416 	 0.018646
19.217354 	 4.282654 	 -0.008384 	 0.005676
19.261313 	 4.220703 	 -0.008277 	 0.003754
19.305725 	 4.264587 	 -0.033524 	 -0.022888
19.351497 	 4.221466 	 -0.007851 	 -0.019470
19.403160 	 4.071045 	 0.017971 	 0.019775
19.445306 	 4.057251 	 0.026578 	 0.057648
19.490625 	 4.080109 	 0.000447 	 0.050964
19.540022 	 4.066254 	 0.003015 	 0.039886
19.583528 	 4.210724 	 -0.008842 	 0.023163
19.631113 	 4.255646 	 -0.004858 	 0.014313
19.676884 	 4.229584 	 0.011952 	 0.029938
19.724922 	 4.186829 	 -0.001790 	 0.029694
19.768428 	 4.125214 	 0.001832 	 0.027039
19.819185 	 4.237915 	 -0.001481 	 0.024353
19.861784 	 4.101166 	 -0.001076 	 0.022217
19.911182 	 4.177368 	 -0.001875 	 0.020752
19.956047 	 4.115631 	 -0.016426 	 0.004150
20.004991 	 4.147614 	 -0.019228 	 -0.011810
20.050763 	 4.170288 	 0.029178 	 0.030090
20.096535 	 4.024170 	 0.022616 	 0.062927
20.144572 	 4.193329 	 -0.019217 	 0.029785
20.187625 	 4.079498 	 0.013603 	 0.030945
20.234303 	 4.112762 	 0.015063 	 0.047668
20.281888 	 4.068237 	 0.033780 	 0.075378
20.328566 	 4.110535 	 0.032224 	 0.094421
20.376151 	 4.094147 	 -0.006882 	 0.060760
20.420110 	 4.163391 	 0.037742 	 0.076660
20.466335 	 4.254700 	 0.020506 	 0.084961
20.513919 	 4.081604 	 -0.000160 	 0.058838
20.561050 	 4.085297 	 -0.001545 	 0.038025
20.605009 	 4.067749 	 0.024917 	 0.055969
20.653047 	 4.144348 	 0.001119 	 0.050354
20.700632 	 4.132538 	 -0.000138 	 0.035645
20.744591 	 4.318481 	 -0.029220 	 -0.002289
20.794894 	 4.175934 	 0.003451 	 0.003723
20.839307 	 4.149628 	 -0.014999 	 0.000153
20.882812 	 4.170563 	 0.006157 	 0.012909
20.931757 	 4.275696 	 -0.005007 	 0.016235
20.976622 	 4.143250 	 0.035111 	 0.055206
21.025566 	 4.188690 	 0.010141 	 0.062317
21.069978 	 4.090729 	 0.025289 	 0.071716
21.117563 	 4.063385 	 0.023020 	 0.079590
21.161975 	 4.202271 	 -0.009044 	 0.048126
21.208200 	 4.170288 	 -0.024682 	 0.005371
21.255331 	 4.209290 	 -0.007808 	 -0.002625
21.302463 	 4.158447 	 -0.001268 	 0.007202
21.348235 	 4.095490 	 0.003409 	 0.019226
21.395366 	 4.164398 	 0.002194 	 0.025543
21.441138 	 4.349243 	 0.000437 	 0.026245
21.489629 	 4.220612 	 0.018845 	 0.044647
21.535400 	 4.046387 	 -0.009513 	 0.031311
21.578906 	 4.212708 	 0.000043 	 0.023376
21.628757 	 4.263763 	 0.001577 	 0.024750
21.674529 	 4.243683 	 0.010131 	 0.034485
21.720300 	 4.258636 	 -0.001214 	 0.030884
21.767885 	 4.194122 	 0.011814 	 0.037476
21.812750 	 4.066711 	 0.000021 	 0.034882
21.857616 	 4.112610 	 0.018546 	 0.047882
21.907013 	 4.105591 	 0.002684 	 0.045013
21.954144 	 4.147491 	 -0.003505 	 0.030334
21.995837 	 4.285492 	 0.006232 	 0.031769
22.043422 	 4.185791 	 0.024874 	 0.055145
22.090100 	 4.210663 	 0.014008 	 0.062561
22.137231 	 4.155853 	 0.013167 	 0.060333
22.184816 	 4.141388 	 0.024288 	 0.070465
22.230588 	 4.168671 	 0.038286 	 0.095428
22.277266 	 4.125366 	 0.033950 	 0.107239
22.324850 	 4.209351 	 0.004400 	 0.080353
22.368356 	 4.141632 	 0.013966 	 0.065247
22.414581 	 4.298584 	 0.006136 	 0.054291
22.463525 	 4.164642 	 0.007553 	 0.047913
22.509297 	 4.215240 	 0.002983 	 0.042114
22.553709 	 4.232635 	 0.012741 	 0.047272
22.601747 	 4.143616 	 0.019718 	 0.059967
22.647519 	 4.253235 	 0.024213 	 0.073853
22.695103 	 4.116089 	 0.021103 	 0.078491
22.742235 	 4.125427 	 -0.003835 	 0.052643
22.789819 	 4.166443 	 0.009737 	 0.044708
22.833325 	 4.139465 	 0.024895 	 0.062103
22.881363 	 4.189819 	 0.041758 	 0.093414
22.928947 	 4.118225 	 0.025779 	 0.099030
22.972453 	 4.254761 	 0.011100 	 0.078888
23.020038 	 4.238586 	 -0.025311 	 0.027924
23.066716 	 4.202271 	 -0.006637 	 0.007690
23.110675 	 4.077454 	 0.007840 	 0.022644
23.158260 	 4.183899 	 -0.021614 	 0.004272
23.207204 	 4.117371 	 -0.006040 	 -0.000427
23.252975 	 4.078918 	 -0.036102 	 -0.027466
23.298747 	 4.142242 	 0.018759 	 0.005493
23.345879 	 4.116333 	 0.027708 	 0.053558
23.389384 	 4.101318 	 0.038680 	 0.089142
23.436063 	 4.103516 	 0.005635 	 0.074402
23.485460 	 4.085510 	 -0.000202 	 0.048859
23.530779 	 4.092346 	 0.000341 	 0.034760
23.577003 	 4.115814 	 -0.001214 	 0.025940
23.625041 	 4.248505 	 0.007222 	 0.031921
23.671266 	 4.263367 	 -0.005902 	 0.023773
23.716585 	 4.251709 	 -0.020325 	 -0.000092
23.763716 	 4.139587 	 0.025971 	 0.031677
23.807222 	 4.335480 	 0.024427 	 0.064728
23.857526 	 4.143494 	 0.028400 	 0.081696
23.904657 	 4.169617 	 0.023915 	 0.085724
23.948616 	 4.225739 	 0.014562 	 0.075745
23.993028 	 4.099426 	 -0.011324 	 0.041168
24.044238 	 4.138458 	 0.001822 	 0.027954
24.086838 	 4.209503 	 -0.025130 	 0.000336
24.131250 	 4.226318 	 -0.007020 	 -0.004669
24.182007 	 4.204590 	 -0.012751 	 -0.005554
24.228685 	 4.176880 	 -0.005348 	 -0.000519
24.272644 	 4.258728 	 0.015872 	 0.026611
24.320682 	 4.176727 	 -0.002184 	 0.030487
24.363734 	 4.167786 	 0.015564 	 0.041199
24.411772 	 4.270691 	 0.019835 	 0.059204
24.457997 	 4.259583 	 -0.006029 	 0.041626
24.506488 	 4.198303 	 0.005198 	 0.033722
24.551807 	 4.052460 	 0.008575 	 0.039551
24.598032 	 4.269531 	 0.013763 	 0.048126
24.643350 	 4.307465 	 0.040533 	 0.081635
24.691388 	 4.187439 	 0.022552 	 0.091736
24.737613 	 4.047424 	 0.022807 	 0.086731
24.785651 	 4.146484 	 0.002599 	 0.063751
24.830063 	 4.018677 	 0.004613 	 0.044189
24.877194 	 4.109589 	 0.024299 	 0.060638
24.922966 	 4.260651 	 0.007009 	 0.058624
24.968285 	 4.054260 	 -0.003505 	 0.039185
25.016776 	 4.146454 	 0.016831 	 0.045776
25.060735 	 4.157715 	 0.007808 	 0.050262
25.109679 	 4.104767 	 0.029657 	 0.069946
25.154544 	 4.130615 	 0.020453 	 0.080017
25.200769 	 4.178467 	 -0.005614 	 0.051483
25.249260 	 4.172638 	 0.009577 	 0.043060
25.296391 	 4.159302 	 0.010738 	 0.048157
25.340350 	 4.208435 	 -0.019185 	 0.019440
25.388388 	 4.199402 	 0.032288 	 0.047028
25.433707 	 4.284485 	 -0.017406 	 0.030823
25.480385 	 4.109833 	 0.018088 	 0.037781
25.524797 	 4.132416 	 0.013081 	 0.051025
25.574194 	 4.137451 	 -0.001225 	 0.040070
25.618153 	 4.087250 	 0.042419 	 0.074463
25.663925 	 4.195282 	 0.001800 	 0.065277
25.712416 	 4.172760 	 -0.010290 	 0.031250
25.757281 	 4.106293 	 0.019388 	 0.042969
25.801694 	 4.214844 	 0.022701 	 0.064026
25.854716 	 4.206543 	 -0.007127 	 0.043488
25.896410 	 4.189392 	 0.020805 	 0.051361
25.942635 	 4.237640 	 -0.004527 	 0.040558
25.991579 	 4.199799 	 -0.018365 	 0.009888
26.036897 	 4.241638 	 0.011196 	 0.022308
26.083575 	 4.140472 	 -0.029220 	 -0.002899
26.129800 	 4.138672 	 0.001172 	 0.001007
26.176932 	 4.201599 	 -0.019175 	 -0.003906
26.221797 	 4.118011 	 0.014488 	 0.018341
26.270288 	 4.064362 	 0.004815 	 0.032410
26.313341 	 4.124390 	 -0.027100 	 -0.000092
26.362285 	 4.113708 	 -0.015851 	 -0.015167
26.409869 	 4.222900 	 0.005550 	 0.005951
26.452922 	 4.245056 	 0.021135 	 0.039520
26.500507 	 4.196594 	 0.002109 	 0.041016
26.547638 	 4.257416 	 0.002557 	 0.034576
26.592503 	 4.141571 	 -0.008469 	 0.022186
26.640541 	 4.126312 	 -0.007244 	 0.009888
26.688579 	 4.186615 	 0.014573 	 0.029022
26.732085 	 4.208405 	 0.016245 	 0.049011
26.780122 	 4.236359 	 0.045007 	 0.088074
26.828160 	 4.095398 	 0.010962 	 0.083069
26.873479 	 4.250549 	 0.028070 	 0.084045
26.918344 	 4.240356 	 0.019494 	 0.083008
26.965475 	 4.156616 	 0.042706 	 0.103394
27.012607 	 4.190826 	 0.019036 	 0.097015
27.058832 	 4.186768 	 0.003814 	 0.067230
27.105057 	 4.279053 	 0.008011 	 0.052917
27.150829 	 4.235809 	 0.019004 	 0.059753
27.195241 	 4.105621 	 -0.007883 	 0.039642
27.244638 	 4.223236 	 -0.006594 	 0.020477
27.291769 	 4.188477 	 -0.002599 	 0.016510
27.333463 	 4.232452 	 0.014051 	 0.034912
27.382860 	 4.267548 	 0.014296 	 0.050110
27.429991 	 4.132568 	 0.011079 	 0.053101
27.476669 	 4.123535 	 0.012037 	 0.054657
27.524707 	 4.150574 	 0.024501 	 0.067810
27.572745 	 4.259003 	 0.014115 	 0.068787
27.614438 	 4.198639 	 -0.001939 	 0.047089
27.662476 	 4.212311 	 0.009353 	 0.043243
27.706435 	 4.257568 	 -0.013369 	 0.023346
27.752660 	 4.145874 	 0.007095 	 0.026184
27.802510 	 4.104828 	 0.014722 	 0.044434
27.847829 	 4.229340 	 0.014775 	 0.055023
27.891335 	 4.120819 	 0.008234 	 0.052399
27.938013 	 4.351501 	 -0.003718 	 0.035095
27.986957 	 4.209961 	 -0.025343 	 0.000702
28.034541 	 4.143188 	 -0.009385 	 -0.006592
28.078047 	 4.290192 	 0.001129 	 0.006927
28.126085 	 4.194458 	 0.009183 	 0.025909
28.172310 	 4.238007 	 0.007585 	 0.036591
28.214456 	 4.231598 	 0.017513 	 0.051331
28.267932 	 4.128693 	 0.037082 	 0.082886
28.308719 	 4.197174 	 -0.008980 	 0.055450

 Z Turning Point (V) = 6.410553 
 Turning Time Delay (ms) = 0 
 SEN (V) =  
 App. Driving Voltage (mVrms) = 0.005000 
 App. Vias. Voltage (V) = 0.000000 
 App. Del Z (Bit) = -10 
 App. Delay Time (ms) = 100 
 App. Velocity (nm/s) = -0.453193 
 Ret. Driving Voltage (mVrms) = 0.005000 
 Ret. Vias. Voltage (V) = 0.000000 
 Ret. Del Z (Bit) = -10 
 Ret. Delay Time (ms) = 100 
 Ret. Velocity (nm/s) = -0.453193 
  
 Data Array Size = 1107 
 Frequency (Hz) = sen.
 
