23.760997 	 4.250732 	 -0.031393 	 -0.020569
23.718851 	 4.237610 	 -0.014615 	 -0.024536
23.666734 	 4.144958 	 0.019505 	 0.015228
23.621416 	 4.331573 	 0.017481 	 0.045746
23.574284 	 4.135651 	 0.010621 	 0.050934
23.529872 	 4.228424 	 -0.005934 	 0.033295
23.481381 	 4.268250 	 -0.003611 	 0.020294
23.434250 	 4.348694 	 0.000778 	 0.021271
23.387119 	 4.075500 	 -0.003079 	 0.019287
23.343159 	 4.179413 	 0.000501 	 0.020691
23.295575 	 4.180939 	 -0.033620 	 -0.014465
23.248444 	 4.213928 	 -0.004932 	 -0.014648
23.204485 	 4.220581 	 0.019345 	 0.024719
23.158260 	 4.199463 	 -0.021391 	 0.009857
23.112488 	 4.195435 	 0.007670 	 0.015686
23.065356 	 4.171661 	 0.011824 	 0.035492
23.017772 	 4.246399 	 -0.008011 	 0.024567
22.972453 	 4.195740 	 0.012016 	 0.032593
22.926228 	 4.105713 	 0.001055 	 0.032990
22.877284 	 4.165710 	 0.001257 	 0.029877
22.833325 	 4.214020 	 0.006605 	 0.034271
22.786194 	 4.267456 	 0.015073 	 0.046570
22.741328 	 4.135162 	 -0.007531 	 0.031189
22.692838 	 4.203461 	 -0.003068 	 0.020477
22.643893 	 4.144318 	 0.014924 	 0.036957
22.600841 	 4.258789 	 0.026845 	 0.064514
22.551443 	 4.268738 	 0.006402 	 0.059784
22.507031 	 4.052368 	 0.012677 	 0.057922
22.460806 	 4.166473 	 0.014679 	 0.057861
22.413222 	 4.250549 	 0.011686 	 0.057220
22.366997 	 4.158203 	 -0.020762 	 0.021271
22.320319 	 4.194427 	 -0.012187 	 0.000458
22.275000 	 4.062439 	 0.017460 	 0.026428
22.227415 	 4.143036 	 0.000394 	 0.032562
22.182550 	 4.257629 	 -0.019761 	 0.006012
22.135872 	 4.258911 	 0.013444 	 0.021484
22.089647 	 4.171448 	 -0.009694 	 0.018158
22.042516 	 4.160400 	 -0.000660 	 0.014862
21.994025 	 4.333740 	 0.009534 	 0.028656
21.948706 	 4.165863 	 -0.033130 	 -0.005341
21.901122 	 4.185608 	 -0.012325 	 -0.016571
21.856709 	 4.221466 	 -0.000170 	 0.002045
21.810484 	 4.211121 	 0.002269 	 0.016510
21.764259 	 4.153473 	 0.007148 	 0.028687
21.717128 	 4.225494 	 -0.003430 	 0.024048
21.669997 	 4.214844 	 0.002258 	 0.021942
21.627397 	 4.135162 	 -0.025854 	 -0.002991
21.578453 	 4.184875 	 0.005550 	 0.007751
21.531322 	 4.017853 	 -0.036666 	 -0.019226
21.486909 	 4.158783 	 -0.008394 	 -0.020172
21.441591 	 4.235413 	 -0.047426 	 -0.049042
21.393100 	 4.329926 	 0.005603 	 -0.022522
21.348688 	 4.229584 	 0.012709 	 0.018646
21.299290 	 4.025360 	 -0.018834 	 0.006317
21.253972 	 4.103516 	 -0.010876 	 -0.004364
21.206387 	 4.283630 	 -0.024821 	 -0.020233
21.157443 	 4.238770 	 0.001257 	 -0.004974
21.115750 	 4.181549 	 0.006786 	 0.018372
21.070885 	 4.283539 	 -0.007372 	 0.016174
21.021034 	 4.138092 	 -0.035622 	 -0.019745
20.975716 	 4.256805 	 0.025875 	 0.015350
20.930397 	 4.064392 	 -0.012655 	 0.017853
20.885078 	 4.175354 	 -0.015958 	 -0.000610
20.834322 	 4.145844 	 0.010152 	 0.016724
20.789003 	 4.165558 	 -0.015958 	 0.010406
20.744591 	 4.118408 	 -0.006061 	 0.003601
20.698819 	 4.112762 	 -0.014999 	 -0.003326
20.649422 	 4.155457 	 0.022456 	 0.030090
20.601837 	 4.237671 	 0.011100 	 0.047516
20.553346 	 4.214355 	 0.014253 	 0.053925
20.511200 	 4.186127 	 0.005071 	 0.048615
20.464975 	 4.149292 	 0.000639 	 0.036987
20.417390 	 4.151642 	 0.008139 	 0.037964
20.373431 	 4.208893 	 -0.017683 	 0.014618
20.326300 	 4.264771 	 -0.014307 	 -0.001587
20.278716 	 4.212921 	 -0.004591 	 0.000671
20.231584 	 4.215515 	 -0.008863 	 0.001526
20.186719 	 4.244659 	 -0.003388 	 0.006012
20.139134 	 4.069885 	 0.001981 	 0.015228
20.092456 	 4.297455 	 -0.018706 	 0.001801
20.047591 	 4.173004 	 0.005103 	 0.010956
19.998647 	 4.145538 	 -0.038722 	 -0.018341
19.954234 	 4.244873 	 -0.012826 	 -0.024963
19.907556 	 4.090942 	 -0.022296 	 -0.024963
19.862238 	 4.125061 	 -0.007926 	 -0.016205
19.815106 	 4.169373 	 0.012048 	 0.014557
19.769788 	 4.183899 	 -0.006796 	 0.015961
19.722203 	 4.253265 	 -0.022200 	 -0.006134
19.678244 	 4.115570 	 -0.023425 	 -0.023437
19.628847 	 4.380463 	 -0.028720 	 -0.037842
19.583528 	 4.223175 	 -0.011057 	 -0.028168
19.537756 	 4.192719 	 0.003366 	 -0.001068
19.489719 	 4.163849 	 0.012357 	 0.026886
19.441681 	 4.265656 	 0.007127 	 0.037415
19.398628 	 4.267029 	 0.004272 	 0.036652
19.351950 	 4.192047 	 0.000245 	 0.030823
19.304366 	 4.147522 	 -0.012709 	 0.012573
19.262219 	 4.067932 	 0.002791 	 0.015961
19.212369 	 4.201477 	 -0.007361 	 0.013550
19.167503 	 4.201050 	 -0.006818 	 0.008392
19.119466 	 4.219666 	 0.010131 	 0.024048
19.075053 	 4.084503 	 0.016544 	 0.045563
19.027922 	 4.237488 	 0.009151 	 0.049500
18.978525 	 4.224670 	 -0.004826 	 0.033630
18.932753 	 4.294586 	 0.019100 	 0.045868
18.886981 	 4.183655 	 0.007521 	 0.048767
18.842116 	 4.132446 	 0.018333 	 0.056976
18.794078 	 4.233398 	 0.000703 	 0.047485
18.748759 	 4.329407 	 -0.007425 	 0.026550
18.700722 	 4.290222 	 -0.034387 	 -0.014252
18.652231 	 4.129456 	 0.034887 	 0.028778
18.607819 	 4.191193 	 -0.003089 	 0.037506
18.562953 	 4.174866 	 0.004155 	 0.032471
18.514462 	 4.397430 	 0.008682 	 0.038239
18.469597 	 4.142731 	 0.001843 	 0.035400
18.419746 	 4.206543 	 0.024331 	 0.056244
18.378506 	 4.139313 	 0.006360 	 0.053650
18.329562 	 4.208679 	 0.001949 	 0.039764
18.283337 	 4.140137 	 -0.010003 	 0.020416
18.239832 	 4.217621 	 0.029934 	 0.048798
18.193607 	 4.257751 	 0.028048 	 0.075775
18.141943 	 4.257782 	 -0.017971 	 0.039795
18.097984 	 4.258820 	 -0.004112 	 0.018005
18.049947 	 4.207550 	 -0.008373 	 0.010651
18.005081 	 4.291412 	 -0.004432 	 0.009186
17.960669 	 4.126801 	 -0.025215 	 -0.009888
17.912631 	 4.069580 	 0.006072 	 0.004730
17.864594 	 4.147644 	 0.007744 	 0.025848
17.818822 	 4.298767 	 0.007063 	 0.034058
17.768518 	 4.133698 	 -0.022818 	 0.007324
17.728185 	 4.208405 	 0.007009 	 0.013489
17.681960 	 4.088531 	 -0.016959 	 0.004456
17.632109 	 4.171417 	 -0.007127 	 -0.000702
17.584071 	 4.175934 	 0.009076 	 0.018921
17.541925 	 4.160583 	 -0.002748 	 0.022278
17.494794 	 4.169769 	 -0.017247 	 0.003387
17.449022 	 4.225281 	 0.001939 	 0.008118
17.402344 	 4.157501 	 -0.023340 	 -0.007141
17.354306 	 4.204468 	 0.004495 	 0.004852
17.309894 	 4.066681 	 -0.018109 	 -0.002075
17.263216 	 4.209747 	 -0.008053 	 -0.003845
17.214272 	 4.240570 	 0.023340 	 0.032318
17.171672 	 4.219543 	 0.004016 	 0.041504
17.123181 	 4.233643 	 -0.003366 	 0.028442
17.077409 	 4.129730 	 -0.017289 	 0.005646
17.030278 	 4.334900 	 -0.035069 	 -0.027954
16.984959 	 4.265839 	 -0.003015 	 -0.016968
16.938281 	 4.213013 	 0.045093 	 0.051239
16.885712 	 4.157654 	 -0.009417 	 0.044006
16.844019 	 4.220612 	 -0.008959 	 0.017334
16.796887 	 4.290466 	 -0.005806 	 0.010468
16.753835 	 4.167511 	 -0.041939 	 -0.028656
16.705797 	 4.159576 	 0.011207 	 -0.006226
16.660478 	 4.176849 	 -0.022424 	 -0.008575
16.613800 	 4.220886 	 0.001150 	 0.000214
16.564403 	 4.225616 	 0.002642 	 0.015930
16.520444 	 4.135437 	 0.001609 	 0.021790
16.473766 	 4.113525 	 0.010088 	 0.033478
16.427541 	 4.161469 	 -0.014935 	 0.017456
16.381769 	 4.241669 	 -0.032214 	 -0.019379
16.336903 	 4.151459 	 -0.008820 	 -0.018372
16.287959 	 4.171753 	 -0.023542 	 -0.023895
16.241281 	 4.137268 	 -0.022690 	 -0.031342
16.195509 	 4.231750 	 -0.021593 	 -0.033478
16.148378 	 4.209564 	 0.005582 	 -0.004272
16.101247 	 4.147308 	 -0.000874 	 0.012024
16.055022 	 4.119476 	 0.017811 	 0.036041
16.011969 	 4.133240 	 0.024299 	 0.061249
15.960759 	 4.201233 	 0.001172 	 0.048920
15.914534 	 4.173523 	 -0.016299 	 0.017792
15.870575 	 4.222687 	 -0.026408 	 -0.014191
15.822537 	 4.159790 	 -0.029476 	 -0.035156
15.775859 	 4.259491 	 -0.027207 	 -0.040924
15.730994 	 4.140747 	 -0.008629 	 -0.027802
15.682956 	 4.160553 	 0.006615 	 0.002136
15.637637 	 4.071838 	 0.016906 	 0.034027
15.593678 	 4.273804 	 -0.004911 	 0.028595
15.542468 	 4.270508 	 -0.017673 	 0.004364
15.499869 	 4.203705 	 -0.017055 	 -0.010742
15.453644 	 4.204620 	 -0.035015 	 -0.035858
15.406966 	 4.252472 	 0.011100 	 -0.006317
15.358022 	 4.181580 	 0.001779 	 0.016296
15.310890 	 4.297272 	 -0.005497 	 0.014832
15.269650 	 4.188690 	 -0.018631 	 -0.002563
15.219800 	 4.204468 	 -0.004517 	 -0.000061
15.172668 	 4.023560 	 -0.007989 	 0.002136
15.125084 	 4.179565 	 -0.014189 	 -0.004089
15.079765 	 4.117767 	 -0.003068 	 0.002136
15.034447 	 4.192535 	 -0.005348 	 0.006866
14.985956 	 4.181610 	 -0.026600 	 -0.014130
14.944263 	 4.056122 	 0.000756 	 -0.003967
14.895319 	 4.175842 	 0.010408 	 0.022064
14.849547 	 4.261719 	 -0.029295 	 -0.003906
14.803775 	 4.117798 	 -0.020048 	 -0.022156
14.755737 	 4.341858 	 0.010152 	 0.004608
14.706340 	 4.135468 	 -0.015116 	 0.003418
14.664647 	 4.134644 	 -0.005486 	 0.002350
14.618422 	 4.235260 	 0.005742 	 0.017395
14.571744 	 4.246490 	 -0.040938 	 -0.019897
14.525972 	 4.218414 	 -0.023084 	 -0.036896
14.480653 	 4.151733 	 -0.013273 	 -0.026428
14.432162 	 4.134613 	 -0.006615 	 -0.011261
14.386391 	 4.214905 	 0.000682 	 0.004974
14.339259 	 4.190338 	 0.022754 	 0.038513
14.293488 	 4.243652 	 0.016437 	 0.056213
14.244997 	 4.106659 	 -0.005113 	 0.038635
14.198772 	 4.233795 	 0.004687 	 0.032715
14.152547 	 4.226685 	 -0.024395 	 0.004517
14.103603 	 4.292023 	 -0.001172 	 0.003204
14.059644 	 4.313934 	 -0.017343 	 -0.003815
14.012965 	 4.094238 	 0.000181 	 0.004730
13.968100 	 4.165771 	 -0.001992 	 0.011719
13.924141 	 4.246796 	 -0.024213 	 -0.009460
13.873837 	 4.135498 	 -0.030008 	 -0.032593
13.830331 	 4.219666 	 -0.029497 	 -0.044922
13.783200 	 4.160065 	 -0.001598 	 -0.021759
13.734709 	 4.074524 	 -0.003025 	 -0.000458
13.688937 	 4.142395 	 -0.008043 	 0.001923
13.642712 	 4.364838 	 0.000352 	 0.010193
13.598300 	 4.091461 	 -0.009790 	 0.006927
13.547543 	 4.139038 	 -0.008043 	 0.002899
13.504944 	 4.230499 	 -0.004783 	 0.004974
13.460985 	 4.189819 	 -0.019942 	 -0.008179
13.411588 	 4.195801 	 -0.010354 	 -0.010162
13.365363 	 4.272919 	 0.017002 	 0.021332
13.318231 	 4.214905 	 -0.011462 	 0.016632
13.268381 	 4.212738 	 -0.039564 	 -0.024994
13.228954 	 4.209503 	 -0.004591 	 -0.019562
13.180463 	 4.312561 	 -0.025311 	 -0.023529
13.130159 	 4.242554 	 -0.028091 	 -0.037567
13.086200 	 4.342499 	 -0.010802 	 -0.026642
13.043147 	 4.207947 	 -0.006019 	 -0.009460
12.995110 	 4.244965 	 -0.004495 	 0.000549
12.947072 	 4.203705 	 -0.007318 	 0.002960
12.899034 	 4.213989 	 0.000735 	 0.011749
12.855075 	 4.034668 	 -0.000788 	 0.018433
12.806584 	 4.175720 	 0.006168 	 0.027527
12.762172 	 4.216858 	 -0.027036 	 -0.000427
12.715041 	 4.135529 	 -0.029487 	 -0.029633
12.669269 	 4.200623 	 0.009971 	 -0.003021
12.622137 	 4.130371 	 0.010077 	 0.025970
12.574553 	 4.096649 	 -0.000863 	 0.026764
12.530141 	 4.141510 	 0.009907 	 0.034271
12.481650 	 4.145660 	 -0.008096 	 0.024597
12.439050 	 4.194489 	 -0.032778 	 -0.013062
12.388747 	 4.189606 	 -0.016299 	 -0.023193
12.344334 	 4.187958 	 -0.001012 	 -0.004608
12.295390 	 4.120728 	 -0.001577 	 0.007904
12.250072 	 4.077118 	 0.006179 	 0.022522
12.204753 	 4.236725 	 -0.036081 	 -0.012787
12.157169 	 4.049774 	 -0.011004 	 -0.018860
12.113210 	 4.143280 	 -0.004186 	 -0.004486
12.063812 	 4.206696 	 -0.019313 	 -0.011780
12.020760 	 4.147644 	 -0.019153 	 -0.019806
11.971815 	 4.082794 	 -0.004943 	 -0.008942
11.925591 	 4.147583 	 -0.007393 	 -0.000488
11.876646 	 4.227753 	 0.002205 	 0.011353
11.831781 	 4.205872 	 -0.010354 	 0.007050
11.785103 	 4.228638 	 -0.020485 	 -0.009949
11.740237 	 4.246552 	 0.005848 	 0.006500
11.690840 	 4.201477 	 0.013199 	 0.031403
11.643709 	 4.107361 	 -0.020783 	 0.010559
11.599750 	 4.218506 	 -0.023734 	 -0.015564
11.556697 	 4.143829 	 0.006818 	 0.002655
11.508206 	 4.143799 	 -0.017311 	 -0.002441
11.460622 	 4.126678 	 -0.025620 	 -0.022919
11.415303 	 4.060394 	 -0.017683 	 -0.026428
11.366359 	 4.235504 	 -0.017896 	 -0.024475
11.320134 	 4.279724 	 0.004378 	 -0.001160
11.279347 	 4.201569 	 -0.026056 	 -0.013123
11.228590 	 4.246613 	 -0.022924 	 -0.028351
11.179646 	 4.140778 	 -0.009832 	 -0.018372
11.134328 	 4.282654 	 -0.018355 	 -0.018982
11.091275 	 4.155640 	 -0.013880 	 -0.020081
11.042331 	 4.061401 	 0.000991 	 -0.000946
10.999278 	 4.061646 	 -0.040821 	 -0.029724
10.949881 	 4.053345 	 -0.019665 	 -0.038940
10.904109 	 4.206360 	 -0.008341 	 -0.022034
10.862416 	 4.147552 	 -0.008469 	 -0.008148
10.811659 	 4.195221 	 -0.008522 	 -0.003662
10.764981 	 4.121796 	 -0.015840 	 -0.008942
10.719662 	 4.058807 	 -0.011792 	 -0.010529
10.669812 	 4.184509 	 -0.012037 	 -0.009827
10.624947 	 4.246796 	 0.012719 	 0.016357
10.577815 	 4.256378 	 -0.025257 	 -0.000458
10.529324 	 4.225555 	 -0.006519 	 -0.004669
10.487178 	 4.180237 	 -0.010152 	 -0.001801
10.438234 	 4.181519 	 0.021870 	 0.030182
10.396088 	 4.311584 	 -0.033471 	 0.000397
10.348050 	 4.253662 	 -0.029625 	 -0.032196
10.303185 	 4.129913 	 0.006743 	 -0.006073
10.254240 	 4.015228 	 0.012879 	 0.026428
10.207109 	 3.995789 	 0.008075 	 0.037689
10.162244 	 4.193634 	 -0.006988 	 0.025360
10.116925 	 4.264526 	 -0.023670 	 -0.003815
10.067981 	 4.176849 	 -0.014562 	 -0.014740
10.025381 	 4.271729 	 -0.011270 	 -0.012177
9.977344 	 4.259186 	 -0.033140 	 -0.031128
9.932478 	 4.228241 	 -0.001438 	 -0.015808
9.883987 	 4.165863 	 -0.017332 	 -0.012451
9.836403 	 4.126617 	 -0.009982 	 -0.010498
9.790178 	 4.230408 	 0.018152 	 0.022064
9.744406 	 4.128754 	 -0.035399 	 -0.007477
9.696822 	 4.211884 	 -0.026600 	 -0.032654
9.648784 	 4.136688 	 -0.017257 	 -0.031067
9.603918 	 4.110779 	 -0.007936 	 -0.016876
9.559506 	 4.109497 	 -0.006008 	 -0.003723
9.511922 	 4.244537 	 -0.041844 	 -0.035889
9.463884 	 4.189575 	 -0.048256 	 -0.071136
9.420831 	 4.101440 	 -0.016373 	 -0.056183
9.372794 	 4.278320 	 -0.014594 	 -0.034180
9.327022 	 4.243652 	 -0.007798 	 -0.016876
9.280797 	 4.158997 	 -0.009918 	 -0.010040
9.235478 	 4.272644 	 0.022988 	 0.028168
9.187894 	 4.168549 	 -0.008895 	 0.025574
9.141669 	 4.298523 	 -0.007521 	 0.012634
9.095444 	 4.222137 	 -0.029625 	 -0.014709
9.046046 	 4.153412 	 -0.027612 	 -0.035767
9.003447 	 4.096863 	 -0.032565 	 -0.048645
8.954050 	 4.321381 	 -0.029135 	 -0.052704
8.906465 	 4.216797 	 -0.015084 	 -0.038727
8.860693 	 4.204773 	 -0.006008 	 -0.016846
8.814015 	 4.212860 	 -0.001033 	 0.002014
8.768243 	 4.118469 	 -0.000394 	 0.010895
8.722018 	 4.193665 	 -0.031947 	 -0.016174
8.674434 	 4.123871 	 -0.049982 	 -0.060364
8.629568 	 4.030365 	 -0.020176 	 -0.056183
8.582437 	 4.135101 	 -0.005848 	 -0.026947
8.538025 	 4.204407 	 -0.041449 	 -0.046112
8.490440 	 4.249451 	 -0.035015 	 -0.062439
8.443309 	 4.090820 	 -0.024629 	 -0.055084
8.399350 	 4.201630 	 -0.026664 	 -0.051300
8.352672 	 4.153687 	 -0.001683 	 -0.022522
8.307806 	 4.129730 	 -0.005539 	 -0.004700
8.261581 	 4.291595 	 -0.024948 	 -0.017731
8.214903 	 4.129517 	 -0.017833 	 -0.024567
8.166866 	 4.139374 	 -0.050781 	 -0.058167
8.121094 	 4.079529 	 0.016341 	 -0.017456
8.074869 	 4.187836 	 -0.032853 	 -0.022217
8.026378 	 4.201569 	 -0.045061 	 -0.057831
7.979247 	 4.129669 	 -0.011366 	 -0.044250
7.934834 	 4.185822 	 -0.024874 	 -0.037781
7.886797 	 4.155396 	 -0.059239 	 -0.075073
7.839665 	 4.237946 	 -0.018663 	 -0.064606
7.792534 	 4.195526 	 -0.015510 	 -0.039337
7.747215 	 4.105469 	 -0.030115 	 -0.043030
7.702803 	 4.160400 	 -0.040246 	 -0.061096
7.655219 	 4.090454 	 -0.004591 	 -0.036133
7.610353 	 4.141815 	 -0.002290 	 -0.007874
7.562769 	 4.180450 	 -0.022147 	 -0.015289
7.517450 	 4.220551 	 -0.022200 	 -0.027496
7.468959 	 4.201874 	 -0.032714 	 -0.043396
7.425906 	 4.082733 	 -0.053444 	 -0.074127
7.376962 	 4.097778 	 -0.002716 	 -0.046448
7.332097 	 4.214996 	 -0.000597 	 -0.010071
7.284966 	 4.239136 	 -0.038808 	 -0.032288
7.236928 	 4.253571 	 -0.056374 	 -0.075928
7.192516 	 4.062775 	 -0.053817 	 -0.100708
7.144478 	 4.226562 	 -0.016256 	 -0.071381
7.100972 	 4.144379 	 -0.006093 	 -0.031952
7.053387 	 4.204590 	 -0.042003 	 -0.047638
7.005803 	 4.127808 	 -0.031404 	 -0.059326
6.958672 	 4.165710 	 -0.060741 	 -0.090149
6.911540 	 4.250793 	 -0.040629 	 -0.095337
6.868034 	 4.190155 	 -0.046680 	 -0.095154
6.821356 	 4.303772 	 -0.021252 	 -0.071503
6.776944 	 4.209747 	 -0.028560 	 -0.057587
6.727094 	 4.156586 	 -0.069690 	 -0.098633
6.681322 	 4.068756 	 -0.051804 	 -0.114563
6.631924 	 4.200684 	 -0.039660 	 -0.100891
6.587512 	 4.310425 	 -0.035910 	 -0.086700
6.539474 	 4.097168 	 -0.005539 	 -0.046875
6.495969 	 4.317291 	 -0.041982 	 -0.054535
6.450197 	 4.356232 	 -0.052017 	 -0.084351
6.403972 	 4.135864 	 -0.055884 	 -0.105560
6.355481 	 4.167603 	 -0.028688 	 -0.087585
6.307896 	 4.111206 	 -0.033705 	 -0.073853
6.262125 	 4.147003 	 -0.035516 	 -0.071808
6.216806 	 4.158325 	 -0.041194 	 -0.078217
6.168768 	 4.106018 	 -0.044283 	 -0.086090
6.123903 	 4.196655 	 -0.051314 	 -0.098602
6.075412 	 4.242065 	 -0.045359 	 -0.100372
6.030093 	 4.273499 	 -0.046552 	 -0.099640
5.983415 	 4.109009 	 -0.042664 	 -0.095459
5.939456 	 4.165771 	 -0.023138 	 -0.072266
5.888246 	 4.254517 	 -0.036709 	 -0.067139
5.843834 	 4.188812 	 -0.030136 	 -0.063324
5.797156 	 4.183105 	 -0.068358 	 -0.098511
5.753650 	 4.257538 	 -0.050174 	 -0.111938
5.706065 	 4.149445 	 -0.051537 	 -0.113464
5.660294 	 4.144653 	 -0.021657 	 -0.081482
5.610896 	 4.187500 	 -0.047862 	 -0.083099
5.561499 	 4.198883 	 -0.032544 	 -0.078705
5.523431 	 4.230713 	 -0.053412 	 -0.091644
5.479472 	 4.272705 	 -0.046968 	 -0.100159
5.430528 	 4.184692 	 -0.047511 	 -0.100952
5.386116 	 4.208679 	 -0.048310 	 -0.103027
5.338985 	 4.216736 	 -0.050941 	 -0.107208
5.291853 	 4.218597 	 -0.067655 	 -0.127319
5.246535 	 4.182678 	 -0.042536 	 -0.117249
5.197137 	 4.170715 	 -0.067453 	 -0.127716
5.153178 	 4.152771 	 -0.084294 	 -0.160919
5.104687 	 4.112244 	 -0.060688 	 -0.157745
5.058916 	 4.065765 	 -0.048022 	 -0.132874
5.014957 	 4.067474 	 -0.077487 	 -0.147644
4.967825 	 4.191406 	 -0.040437 	 -0.127350
4.923866 	 4.163361 	 -0.048491 	 -0.112823
4.877641 	 4.142487 	 -0.062041 	 -0.123352
4.830057 	 4.222412 	 -0.038115 	 -0.108246
4.780206 	 4.194580 	 -0.077349 	 -0.131256
4.734435 	 4.162598 	 -0.082728 	 -0.164490
4.688663 	 4.116486 	 -0.052411 	 -0.150238
4.642891 	 4.084625 	 -0.035910 	 -0.113281
4.595306 	 4.109772 	 -0.060635 	 -0.116699
4.550441 	 4.249176 	 -0.066217 	 -0.134918
4.503763 	 4.167694 	 -0.056012 	 -0.135162
4.455272 	 4.199921 	 -0.065567 	 -0.138977
4.410860 	 4.148773 	 -0.066654 	 -0.146759
4.361009 	 4.188599 	 -0.091602 	 -0.176636
4.315237 	 4.167633 	 -0.102042 	 -0.210297
4.271278 	 4.155396 	 -0.077434 	 -0.203491
4.225053 	 4.117798 	 -0.088523 	 -0.202850
4.178828 	 4.118317 	 -0.096129 	 -0.216370
4.134869 	 4.173859 	 -0.096982 	 -0.226471
4.085019 	 4.099640 	 -0.094521 	 -0.228149
4.040154 	 4.212921 	 -0.087725 	 -0.220306
3.995288 	 4.194061 	 -0.123805 	 -0.252686
3.946797 	 4.223694 	 -0.093243 	 -0.249847
3.899213 	 4.229736 	 -0.103032 	 -0.246368
3.853441 	 4.129578 	 -0.113003 	 -0.258179
3.808122 	 4.076874 	 -0.091314 	 -0.245056
3.760991 	 3.987732 	 -0.113003 	 -0.253754
3.713406 	 4.134674 	 -0.105568 	 -0.258514
3.669901 	 4.145966 	 -0.060017 	 -0.209320
3.620503 	 4.197479 	 -0.091836 	 -0.201141
3.576997 	 4.171753 	 -0.089184 	 -0.209503
3.531226 	 4.169678 	 -0.114260 	 -0.239288
3.482281 	 4.174805 	 -0.089695 	 -0.235901
3.433337 	 4.169830 	 -0.102745 	 -0.238220
3.388019 	 4.189911 	 -0.093722 	 -0.234955
3.344966 	 4.115326 	 -0.101839 	 -0.238983
3.298741 	 3.942535 	 -0.095075 	 -0.237549
3.248438 	 4.114990 	 -0.108444 	 -0.246704
3.200400 	 4.166748 	 -0.108103 	 -0.256622
3.158253 	 4.092804 	 -0.118692 	 -0.271973
3.111575 	 4.122009 	 -0.093232 	 -0.256500
3.065350 	 4.045166 	 -0.082409 	 -0.227539
3.017766 	 3.316315 	 -0.032799 	 -0.156036
2.971541 	 3.688080 	 -0.414846 	 -0.509308
2.924409 	 3.515015 	 -0.451321 	 -0.858795
2.880904 	 3.611633 	 -0.404800 	 -0.980377
2.832413 	 3.729095 	 -0.444279 	 -1.058777
2.788454 	 3.606781 	 -0.434117 	 -1.098816
2.739510 	 3.582306 	 -0.404555 	 -1.083344
2.692378 	 3.706299 	 -0.432029 	 -1.090332
2.646153 	 3.524780 	 -0.398984 	 -1.072601
2.599475 	 3.707642 	 -0.453973 	 -1.108093
2.553250 	 3.551483 	 -0.408848 	 -1.099152
2.507932 	 3.660492 	 -0.379341 	 -1.045746
2.463066 	 3.647339 	 -0.404907 	 -1.036072
2.415935 	 3.610229 	 -0.368986 	 -1.007019
2.370163 	 3.730164 	 -0.413855 	 -1.024689
2.319859 	 3.649536 	 -0.392635 	 -1.030823
2.274994 	 3.603149 	 -0.363500 	 -0.992981
2.230128 	 3.702515 	 -0.361348 	 -0.962097
2.181638 	 3.704681 	 -0.360571 	 -0.946655
2.137225 	 3.717102 	 -0.340363 	 -0.918365
2.091454 	 3.734406 	 -0.339713 	 -0.897095
2.045682 	 3.647247 	 -0.321721 	 -0.868561
1.997644 	 3.631348 	 -0.315350 	 -0.841125
1.950060 	 3.712402 	 -0.316895 	 -0.828613
1.903381 	 3.559448 	 -0.347159 	 -0.854950
1.855797 	 3.606323 	 -0.303899 	 -0.833954
1.814557 	 3.589111 	 -0.298359 	 -0.800446
1.763347 	 3.839600 	 -0.305784 	 -0.791382
1.719841 	 3.666504 	 -0.309683 	 -0.794495
1.671350 	 3.726257 	 -0.322786 	 -0.810791
1.624672 	 3.727570 	 -0.298935 	 -0.798767
1.577994 	 3.801361 	 -0.313752 	 -0.798645
1.534035 	 3.616638 	 -0.312389 	 -0.803375
1.487357 	 3.627411 	 -0.278066 	 -0.768616
1.440678 	 3.595398 	 -0.266028 	 -0.725067
1.395813 	 3.543579 	 -0.274082 	 -0.711212
1.346416 	 3.554993 	 -0.283264 	 -0.715698
1.302457 	 3.777588 	 -0.265890 	 -0.705505
1.252606 	 3.520599 	 -0.294599 	 -0.722931
1.207741 	 3.551453 	 -0.289475 	 -0.736481
1.160156 	 3.659607 	 -0.265602 	 -0.716705
1.114384 	 3.649139 	 -0.292852 	 -0.725983
1.071785 	 3.674438 	 -0.251541 	 -0.698700
1.019215 	 3.621460 	 -0.251860 	 -0.668762
0.978429 	 3.516571 	 -0.214576 	 -0.617462
0.929031 	 3.576324 	 -0.274124 	 -0.640564
0.882806 	 3.571625 	 -0.231503 	 -0.630676
0.839301 	 3.589050 	 -0.246907 	 -0.625214
0.791263 	 3.565125 	 -0.184387 	 -0.564362
0.746851 	 3.522888 	 -0.222608 	 -0.550781
0.697906 	 3.396423 	 -0.207023 	 -0.544708
0.650322 	 3.537598 	 -0.189915 	 -0.516937
0.608629 	 3.366821 	 -0.193591 	 -0.501343
0.556512 	 3.325378 	 -0.212488 	 -0.514923
0.509381 	 3.299774 	 -0.203050 	 -0.519562
0.465875 	 3.371338 	 -0.124029 	 -0.435150
0.420103 	 3.368652 	 -0.146495 	 -0.388306
0.373878 	 3.359650 	 -0.082782 	 -0.310608
0.325388 	 3.279114 	 -0.137941 	 -0.306091
0.280522 	 3.255188 	 -0.106782 	 -0.295593
0.233844 	 3.072693 	 -0.081866 	 -0.250214
0.184900 	 2.912903 	 -0.027537 	 -0.164185
0.140941 	 2.633759 	 0.058781 	 -0.012817
0.096529 	 2.243134 	 0.442500 	 0.491028
0.045772 	 2.371063 	 0.192355 	 0.614349
0.000000 	 2.101593 	 0.333268 	 0.711182
0.047131 	 2.330658 	 0.309076 	 0.790466
0.093810 	 2.654114 	 0.167939 	 0.667236
0.139128 	 2.546753 	 0.171635 	 0.558563
0.184447 	 2.618195 	 0.328346 	 0.677185
0.231578 	 2.983643 	 0.111427 	 0.567780
0.280522 	 2.969360 	 0.003164 	 0.315552
0.326294 	 3.073792 	 0.012666 	 0.169617
0.374785 	 3.230011 	 -0.045391 	 0.048187
0.418744 	 3.379974 	 -0.083123 	 -0.069153
0.463609 	 3.418335 	 -0.142213 	 -0.199799
0.513007 	 3.358368 	 -0.132178 	 -0.271698
0.557419 	 3.556091 	 -0.148232 	 -0.316040
0.603191 	 3.318909 	 -0.148423 	 -0.343872
0.650775 	 3.351715 	 -0.168706 	 -0.379181
0.699266 	 3.668274 	 -0.187433 	 -0.422668
0.743225 	 3.585144 	 -0.217655 	 -0.481445
0.791263 	 3.603241 	 -0.206107 	 -0.508270
0.836581 	 3.509033 	 -0.245693 	 -0.556854
0.884166 	 3.565063 	 -0.215641 	 -0.564240
0.930844 	 3.626251 	 -0.253789 	 -0.595276
0.976616 	 3.487579 	 -0.247173 	 -0.619873
1.021935 	 3.602997 	 -0.284766 	 -0.665436
1.066800 	 3.709930 	 -0.216898 	 -0.630554
1.113931 	 3.590546 	 -0.288559 	 -0.659180
1.161516 	 3.707520 	 -0.231439 	 -0.644867
1.206834 	 3.628082 	 -0.280399 	 -0.665192
1.252153 	 3.701965 	 -0.266380 	 -0.680450
1.298831 	 3.673828 	 -0.289912 	 -0.705750
1.347322 	 3.605591 	 -0.271302 	 -0.706909
1.390828 	 3.648224 	 -0.291137 	 -0.721436
1.443851 	 3.692047 	 -0.292884 	 -0.738464
1.485997 	 3.747009 	 -0.248782 	 -0.701447
1.533128 	 3.495544 	 -0.273272 	 -0.691162
1.580713 	 3.628448 	 -0.308969 	 -0.732056
1.623766 	 3.602509 	 -0.303323 	 -0.761047
1.670897 	 3.738495 	 -0.315265 	 -0.784424
1.718481 	 3.628113 	 -0.315095 	 -0.799408
1.766066 	 3.722107 	 -0.343740 	 -0.836151
1.809119 	 3.626373 	 -0.352986 	 -0.874817
1.859875 	 3.688232 	 -0.324394 	 -0.865417
1.905647 	 3.645233 	 -0.337028 	 -0.862061
1.950060 	 3.651184 	 -0.353156 	 -0.882172
1.997644 	 3.734711 	 -0.349812 	 -0.895203
2.043869 	 3.721558 	 -0.349630 	 -0.899780
2.086922 	 3.699371 	 -0.355564 	 -0.909149
2.134959 	 3.575439 	 -0.372672 	 -0.932526
2.184357 	 3.691437 	 -0.391943 	 -0.970734
2.227409 	 3.612549 	 -0.359633 	 -0.961609
2.276807 	 3.638000 	 -0.369008 	 -0.954224
2.322125 	 3.705841 	 -0.386052 	 -0.973328
2.367897 	 3.612885 	 -0.361668 	 -0.963806
2.414575 	 3.654877 	 -0.378478 	 -0.966278
2.460800 	 3.641144 	 -0.391410 	 -0.988403
2.506572 	 3.736389 	 -0.360294 	 -0.970795
2.553703 	 3.678650 	 -0.419235 	 -1.010864
2.601741 	 3.592682 	 -0.378425 	 -1.011169
2.648872 	 3.627563 	 -0.443736 	 -1.062134
2.692378 	 3.561615 	 -0.445185 	 -1.114014
2.738603 	 3.612640 	 -0.423677 	 -1.116486
2.785735 	 3.714600 	 -0.427491 	 -1.110291
2.833319 	 3.645599 	 -0.429589 	 -1.114349
2.877731 	 3.564636 	 -0.409850 	 -1.093719
2.924409 	 3.579254 	 -0.397557 	 -1.065033
2.973354 	 3.579651 	 -0.453888 	 -1.106415
3.018672 	 3.570709 	 -0.408358 	 -1.099792
3.065804 	 3.495636 	 -0.442053 	 -1.114471
3.114294 	 3.515930 	 -0.439038 	 -1.130676
3.157800 	 3.622406 	 -0.428535 	 -1.125031
3.204025 	 3.652710 	 -0.421514 	 -1.111664
3.247078 	 3.555237 	 -0.490831 	 -1.174835
3.294662 	 3.571777 	 -0.472402 	 -1.212555
3.340434 	 3.618103 	 -0.438069 	 -1.185913
3.389832 	 3.743225 	 -0.409765 	 -1.131104
3.435603 	 3.560303 	 -0.475161 	 -1.160370
3.483641 	 3.425415 	 -0.428503 	 -1.155548
3.526241 	 3.553406 	 -0.432338 	 -1.138000
3.576544 	 3.701324 	 -0.452599 	 -1.151398
3.622316 	 3.543701 	 -0.465318 	 -1.179321
3.669901 	 3.535278 	 -0.385796 	 -1.113922
3.713860 	 3.709198 	 -0.415272 	 -1.081757
3.760085 	 3.644318 	 -0.463379 	 -1.130615
3.806310 	 3.583313 	 -0.457989 	 -1.166595
3.853441 	 3.721680 	 -0.422186 	 -1.142822
3.901025 	 3.665283 	 -0.427096 	 -1.123077
3.946344 	 3.579193 	 -0.419192 	 -1.107574
3.993022 	 3.646454 	 -0.396076 	 -1.073730
4.040154 	 3.828461 	 -0.401924 	 -1.055115
4.086378 	 3.680725 	 -0.398878 	 -1.046783
4.130791 	 3.742493 	 -0.386105 	 -1.027588
4.177469 	 3.656921 	 -0.412609 	 -1.038330
4.225053 	 3.735474 	 -0.369732 	 -1.012665
4.270372 	 3.717590 	 -0.369924 	 -0.982605
4.318863 	 3.773529 	 -0.417541 	 -1.020416
4.363275 	 3.674103 	 -0.348650 	 -0.984711
4.411313 	 3.751099 	 -0.340011 	 -0.930817
4.457085 	 3.968597 	 -0.070073 	 -0.620941
4.503763 	 4.267334 	 -0.010472 	 -0.308533
4.551347 	 4.117737 	 -0.037540 	 -0.176331
4.596666 	 4.163422 	 -0.002621 	 -0.088501
4.641078 	 4.296753 	 0.006743 	 -0.024139
4.687756 	 4.104553 	 -0.014179 	 -0.013916
4.738966 	 4.140717 	 -0.004922 	 -0.007660
4.782019 	 4.232422 	 -0.010088 	 -0.006378
4.828697 	 4.284698 	 -0.021742 	 -0.019226
4.874016 	 4.144836 	 -0.014456 	 -0.021423
4.919334 	 4.178711 	 -0.029284 	 -0.034454
4.966919 	 4.101105 	 -0.048704 	 -0.066925
5.014050 	 4.163422 	 -0.035452 	 -0.075409
5.060275 	 4.183929 	 -0.013476 	 -0.050690
5.109219 	 4.237885 	 0.005145 	 -0.011383
5.152272 	 4.115631 	 0.001651 	 0.010406
5.199403 	 4.166473 	 -0.012836 	 0.000641
5.246082 	 4.187408 	 -0.025822 	 -0.021149
5.292760 	 4.154602 	 -0.001321 	 -0.009583
5.340797 	 4.134766 	 -0.034088 	 -0.028931
5.384756 	 4.126740 	 -0.035228 	 -0.053345
5.432794 	 4.077850 	 -0.025140 	 -0.052155
5.479019 	 4.251740 	 -0.049482 	 -0.073395
5.523431 	 4.217072 	 -0.057599 	 -0.101349
5.564218 	 4.187622 	 -0.059570 	 -0.118622
5.613162 	 4.110687 	 -0.041492 	 -0.109283
5.659387 	 4.209534 	 -0.015276 	 -0.069794
5.704706 	 4.287292 	 -0.022307 	 -0.048676
5.755009 	 4.234619 	 -0.029827 	 -0.050903
5.797156 	 4.098602 	 -0.037455 	 -0.062012
5.847459 	 4.227203 	 -0.006136 	 -0.037720
5.890059 	 4.168793 	 -0.058068 	 -0.068085
5.936737 	 4.183990 	 -0.026419 	 -0.070709
5.981602 	 4.150696 	 -0.000075 	 -0.030090
6.030093 	 4.163574 	 -0.003590 	 -0.005493
6.076772 	 4.159698 	 -0.029146 	 -0.022278
6.124809 	 4.191589 	 -0.028347 	 -0.039612
6.170581 	 4.314667 	 -0.032906 	 -0.051727
6.214993 	 4.262085 	 -0.035825 	 -0.061981
6.263031 	 4.176422 	 0.000224 	 -0.029633
6.307896 	 4.176575 	 -0.001161 	 -0.002350
6.356841 	 4.141510 	 -0.034525 	 -0.025421
6.400800 	 4.116638 	 -0.038168 	 -0.052887
6.447931 	 4.091461 	 -0.016725 	 -0.044373
6.494609 	 4.318298 	 -0.024810 	 -0.040710
6.538568 	 4.148682 	 -0.037135 	 -0.053497
6.588419 	 4.182495 	 -0.009982 	 -0.037811
6.632831 	 4.087372 	 -0.043292 	 -0.054260
6.683134 	 4.095062 	 -0.016757 	 -0.047516
6.728000 	 4.179382 	 -0.031596 	 -0.048889
6.775584 	 4.236725 	 -0.018972 	 -0.042633
6.820903 	 4.181427 	 -0.031724 	 -0.047668
6.868941 	 4.259003 	 -0.003409 	 -0.026001
6.911993 	 4.154999 	 0.000021 	 -0.001312
6.958672 	 4.248016 	 -0.020741 	 -0.009644
7.006256 	 4.095703 	 -0.019430 	 -0.020111
7.054294 	 4.135223 	 -0.024064 	 -0.029663
7.096440 	 4.299011 	 -0.033705 	 -0.046112
7.144025 	 4.330170 	 -0.019665 	 -0.042511
7.192516 	 4.263489 	 -0.011366 	 -0.026489
7.236021 	 4.103851 	 0.006115 	 0.002960
7.282700 	 4.141907 	 -0.022541 	 -0.007843
7.327565 	 4.084198 	 -0.024139 	 -0.025879
7.376509 	 4.196747 	 -0.022882 	 -0.033173
7.426360 	 4.103485 	 -0.022733 	 -0.035767
7.471678 	 4.224457 	 -0.027580 	 -0.041565
7.513824 	 4.341492 	 -0.050834 	 -0.070831
7.561409 	 4.232544 	 -0.033630 	 -0.075226
7.608540 	 4.212463 	 -0.022733 	 -0.057953
7.655672 	 4.263123 	 -0.007766 	 -0.031677
7.701443 	 4.334564 	 -0.008778 	 -0.014252
7.746309 	 4.151489 	 -0.041417 	 -0.041809
7.796159 	 4.122437 	 -0.001278 	 -0.025269
7.841025 	 4.170624 	 -0.033247 	 -0.033936
7.885890 	 4.163605 	 -0.012677 	 -0.029785
7.932115 	 4.158478 	 0.010621 	 0.005066
7.978793 	 4.210724 	 0.005337 	 0.024902
8.025018 	 4.228424 	 -0.024064 	 0.000275
8.071243 	 4.209381 	 -0.023521 	 -0.022095
8.118375 	 4.169739 	 -0.013571 	 -0.020447
8.165506 	 4.058289 	 -0.012677 	 -0.016724
8.213091 	 4.216858 	 -0.021231 	 -0.023560
8.257050 	 4.041504 	 -0.045870 	 -0.057037
8.303275 	 4.194427 	 -0.003483 	 -0.035248
8.352672 	 4.199585 	 -0.005433 	 -0.011353
8.398444 	 4.218414 	 -0.018440 	 -0.014862
8.446028 	 3.995880 	 -0.006136 	 -0.009003
8.490440 	 4.082733 	 -0.024341 	 -0.020569
8.534399 	 4.242187 	 -0.014999 	 -0.022614
8.584250 	 4.137695 	 -0.037338 	 -0.042938
8.630928 	 4.087433 	 0.015073 	 -0.006897
8.677606 	 4.218628 	 -0.014360 	 -0.000763
8.724284 	 4.120422 	 0.000288 	 0.005707
8.767790 	 4.218597 	 -0.017758 	 -0.003174
8.815375 	 4.233795 	 -0.023372 	 -0.020996
8.863866 	 4.207489 	 -0.053444 	 -0.061951
8.907372 	 4.408569 	 -0.016384 	 -0.054626
8.954050 	 4.255707 	 -0.029092 	 -0.048523
8.999821 	 4.160522 	 -0.041950 	 -0.064819
9.047859 	 4.186768 	 -0.002439 	 -0.036346
9.094991 	 4.225159 	 -0.026642 	 -0.032990
9.141669 	 4.260773 	 -0.018759 	 -0.032745
9.186534 	 4.057220 	 0.006637 	 -0.003387
9.230493 	 4.225311 	 -0.007489 	 0.004883
9.279890 	 4.121735 	 -0.019260 	 -0.008118
9.323849 	 4.248779 	 -0.021582 	 -0.021393
9.375060 	 4.221497 	 -0.013902 	 -0.021088
9.420378 	 4.225250 	 -0.019899 	 -0.023834
9.467056 	 4.082703 	 -0.034919 	 -0.043152
9.512828 	 4.095520 	 -0.001630 	 -0.022858
9.558147 	 4.052490 	 -0.008032 	 -0.006104
9.605278 	 4.066772 	 -0.005113 	 0.001678
9.648331 	 4.277557 	 0.009502 	 0.020752
9.698181 	 4.181671 	 -0.019707 	 0.003845
9.743953 	 4.120178 	 -0.008181 	 -0.001740
9.790631 	 4.171722 	 -0.025034 	 -0.015961
9.836856 	 4.154358 	 -0.013454 	 -0.018463
9.880815 	 4.077332 	 -0.028837 	 -0.031097
9.929759 	 4.146057 	 -0.015990 	 -0.030029
9.977344 	 4.180328 	 -0.021060 	 -0.029510
10.021756 	 4.173615 	 -0.018557 	 -0.029053
10.072060 	 4.185547 	 -0.002919 	 -0.011871
10.113753 	 4.098389 	 0.005124 	 0.010712
10.161337 	 4.162750 	 -0.042898 	 -0.025299
10.207562 	 4.179565 	 -0.031511 	 -0.049194
10.256960 	 4.235077 	 -0.007020 	 -0.028107
10.301825 	 4.162994 	 0.011270 	 0.010193
10.347144 	 4.106354 	 -0.007510 	 0.012787
10.392462 	 4.242920 	 -0.021124 	 -0.006836
10.440953 	 4.143616 	 0.007723 	 0.009186
10.488538 	 4.198761 	 0.021827 	 0.041779
10.534309 	 4.081787 	 0.011665 	 0.053009
10.579628 	 4.272308 	 -0.006583 	 0.034546
10.625400 	 4.197418 	 0.024714 	 0.050964
10.669812 	 4.186981 	 0.011846 	 0.059357
10.718303 	 4.292969 	 -0.027324 	 0.015442
10.764075 	 4.177887 	 0.013508 	 0.021637
10.810300 	 4.243835 	 -0.030935 	 -0.004669
10.860603 	 4.190369 	 -0.053071 	 -0.057800
10.901843 	 4.070618 	 -0.011942 	 -0.047668
10.951241 	 4.091309 	 -0.046968 	 -0.061798
10.997012 	 4.307037 	 -0.022349 	 -0.057648
11.042784 	 4.166626 	 -0.011217 	 -0.034515
11.090369 	 4.235535 	 -0.017321 	 -0.025330
11.136594 	 4.250458 	 -0.001513 	 -0.007904
11.183272 	 4.169708 	 0.004325 	 0.013489
11.227684 	 4.042847 	 -0.048693 	 -0.029938
11.274815 	 4.125824 	 -0.033087 	 -0.055634
11.323759 	 4.222412 	 -0.030584 	 -0.057739
11.368625 	 4.263641 	 -0.003473 	 -0.029999
11.413490 	 4.239410 	 0.007052 	 0.005096
11.458809 	 4.299408 	 0.013657 	 0.032196
11.507300 	 4.273346 	 -0.032448 	 -0.000244
11.552618 	 4.202484 	 -0.005284 	 -0.008728
11.599297 	 4.086670 	 -0.000458 	 0.005585
11.645975 	 4.122498 	 -0.018781 	 -0.004150
11.691747 	 4.189880 	 0.009300 	 0.012512
11.742957 	 4.172607 	 -0.038062 	 -0.017914
11.789182 	 4.245209 	 -0.021082 	 -0.032715
11.834500 	 4.217560 	 -0.026174 	 -0.037903
11.878912 	 4.158661 	 0.001374 	 -0.012939
11.927403 	 4.262909 	 -0.029604 	 -0.022583
11.971362 	 4.152618 	 0.010141 	 0.000793
12.019400 	 4.200745 	 0.017034 	 0.034821
12.064265 	 4.264404 	 -0.025247 	 0.008514
12.111850 	 4.196930 	 -0.013422 	 -0.008820
12.160341 	 4.085693 	 0.006285 	 0.009308
12.205659 	 4.133209 	 0.009971 	 0.030243
12.251884 	 4.170380 	 -0.022403 	 0.006989
12.299016 	 4.127350 	 -0.005444 	 0.000702
12.343428 	 4.121613 	 0.007095 	 0.018341
12.386934 	 4.279755 	 -0.022030 	 0.001190
12.435878 	 4.217865 	 -0.003270 	 0.000336
12.481650 	 4.093567 	 -0.061700 	 -0.054108
12.529687 	 4.241608 	 -0.022179 	 -0.061157
12.575459 	 3.983582 	 -0.021156 	 -0.045349
12.620778 	 4.204926 	 0.000043 	 -0.016357
12.669269 	 4.138733 	 -0.012836 	 -0.007629
12.712775 	 4.196533 	 -0.023457 	 -0.020691
12.761266 	 4.246521 	 -0.009832 	 -0.016785
12.807944 	 4.263367 	 -0.004176 	 -0.003143
12.851450 	 4.214844 	 -0.025087 	 -0.017700
12.901753 	 4.178802 	 -0.014754 	 -0.021698
12.945712 	 4.237732 	 -0.035420 	 -0.040985
12.993297 	 4.198669 	 -0.044017 	 -0.065369
13.038615 	 4.323090 	 0.009481 	 -0.025055
13.086200 	 4.105743 	 -0.023755 	 -0.019531
13.131065 	 4.206512 	 0.006487 	 0.000946
13.175024 	 4.149261 	 0.016458 	 0.031708
13.224875 	 4.230011 	 -0.015787 	 0.016815
13.272459 	 4.292175 	 -0.023361 	 -0.011108
13.320044 	 4.156830 	 -0.030637 	 -0.033630
13.362190 	 4.238617 	 -0.024778 	 -0.040985
13.408415 	 4.087341 	 -0.025204 	 -0.042389
13.454187 	 4.200317 	 -0.010141 	 -0.027405
13.503584 	 4.274506 	 -0.021082 	 -0.026245
13.548450 	 4.206879 	 -0.013870 	 -0.022339
13.595581 	 4.134644 	 0.014072 	 0.011444
13.642712 	 4.079742 	 -0.022861 	 -0.000122
13.693016 	 4.282196 	 -0.021572 	 -0.020172
13.734709 	 4.154877 	 -0.040565 	 -0.048004
13.783200 	 4.077698 	 -0.001417 	 -0.026215
13.828519 	 4.107788 	 0.041258 	 0.042603
13.879276 	 4.123108 	 0.006732 	 0.055573
13.921422 	 4.243591 	 0.005859 	 0.045990
13.968553 	 4.405518 	 0.016320 	 0.053070
14.014778 	 4.172516 	 -0.017513 	 0.025452
14.060550 	 4.251740 	 0.016022 	 0.033081
14.107681 	 4.030792 	 0.006253 	 0.041443
14.155719 	 4.076660 	 -0.001065 	 0.031799
14.198318 	 4.195648 	 -0.018855 	 0.006561
14.246809 	 4.198761 	 -0.020826 	 -0.012665
14.292581 	 4.170410 	 -0.025225 	 -0.028839
14.337447 	 4.176941 	 -0.020911 	 -0.032806
14.387297 	 4.149109 	 -0.008021 	 -0.018341
14.434428 	 4.230408 	 -0.013497 	 -0.012604
14.477481 	 4.261963 	 0.017769 	 0.020508
14.525519 	 4.253754 	 -0.010567 	 0.018707
14.571291 	 4.172668 	 -0.017321 	 -0.001312
14.616156 	 4.218567 	 0.001470 	 0.006592
14.661475 	 4.215668 	 -0.012709 	 0.002380
14.710872 	 4.190216 	 -0.021944 	 -0.011871
14.758003 	 4.306854 	 -0.020719 	 -0.023315
14.802415 	 4.108826 	 0.035143 	 0.029572
14.849547 	 4.241547 	 0.007318 	 0.048187
14.893506 	 4.170959 	 0.023319 	 0.061523
14.941997 	 4.174530 	 0.001076 	 0.051758
14.990941 	 4.140594 	 0.024970 	 0.062775
15.033540 	 4.341675 	 0.018845 	 0.071014
15.082484 	 4.261444 	 0.014562 	 0.067261
15.127803 	 4.268616 	 -0.019622 	 0.027313
15.172215 	 4.077301 	 0.023212 	 0.041199
15.220253 	 4.217682 	 0.009790 	 0.050201
15.264665 	 4.148499 	 0.037146 	 0.077789
15.315875 	 4.200012 	 0.010855 	 0.074066
15.361194 	 4.237976 	 -0.002866 	 0.047119
15.406059 	 4.239899 	 -0.004069 	 0.028656
15.454550 	 4.176086 	 -0.045987 	 -0.024139
15.497150 	 4.089996 	 0.025684 	 0.009949
15.546547 	 4.086792 	 -0.027345 	 0.000031
15.592319 	 4.138458 	 -0.016948 	 -0.017639
15.639903 	 4.312775 	 0.009396 	 0.009003
15.682956 	 4.203308 	 -0.017843 	 0.000732
15.730994 	 4.191620 	 -0.024714 	 -0.020508
15.777672 	 4.198578 	 -0.009875 	 -0.016876
15.824350 	 4.251892 	 0.034408 	 0.036255
15.871935 	 4.195587 	 0.002535 	 0.048645
15.918159 	 4.284698 	 -0.001704 	 0.033386
15.963025 	 4.231781 	 -0.011430 	 0.014587
16.008797 	 4.075623 	 -0.027036 	 -0.014862
16.055928 	 4.151611 	 -0.014828 	 -0.021149
16.101700 	 4.119659 	 0.001896 	 -0.001343
16.150644 	 4.199188 	 -0.012027 	 0.000732
16.191431 	 4.219757 	 -0.005689 	 0.002777
16.244907 	 4.175446 	 -0.042099 	 -0.032959
16.290225 	 4.173279 	 -0.008426 	 -0.028778
16.335091 	 4.177643 	 0.033769 	 0.031555
16.381316 	 4.085419 	 -0.032064 	 0.007233
16.427541 	 4.274994 	 -0.008096 	 -0.005981
16.472859 	 4.197510 	 -0.003047 	 0.002655
16.519991 	 4.194885 	 -0.006573 	 0.005646
16.563496 	 4.232880 	 -0.000692 	 0.010162
16.615613 	 4.258820 	 0.007350 	 0.024292
16.660478 	 4.281586 	 -0.021092 	 0.004181
16.707156 	 4.208405 	 -0.005412 	 -0.000183
16.751569 	 4.312866 	 -0.003782 	 0.006958
16.798700 	 4.226654 	 -0.010045 	 0.003418
16.845378 	 4.143829 	 -0.001907 	 0.007843
16.891603 	 4.226685 	 -0.002450 	 0.011871
16.937375 	 4.064575 	 0.016064 	 0.033997
16.983600 	 4.287079 	 -0.029199 	 0.003998
17.030731 	 4.179901 	 0.011260 	 0.015320
17.077409 	 4.219666 	 0.000405 	 0.023468
17.121368 	 4.254181 	 -0.021135 	 0.000793
17.168500 	 4.118439 	 0.041109 	 0.046631
17.217897 	 4.177338 	 -0.025886 	 0.023804
17.262309 	 4.148437 	 0.016458 	 0.030670
17.308534 	 4.181763 	 0.016096 	 0.050659
17.354759 	 4.179840 	 0.010642 	 0.054047
17.400078 	 4.170044 	 0.014935 	 0.057098
17.447662 	 4.241791 	 0.009694 	 0.054749
17.494341 	 4.159821 	 0.017737 	 0.060425
17.543738 	 4.148865 	 0.003803 	 0.052094
17.585884 	 4.220825 	 0.007308 	 0.045135
17.634375 	 4.112793 	 0.016192 	 0.052429
17.677881 	 4.207825 	 0.042110 	 0.086548
17.726372 	 4.317932 	 0.022530 	 0.092438
17.774409 	 4.209351 	 0.022317 	 0.086304
17.821088 	 4.236847 	 0.004059 	 0.064758
17.867313 	 4.201202 	 -0.020741 	 0.020874
17.912631 	 4.262695 	 0.002631 	 0.016083
17.959763 	 4.309601 	 0.001875 	 0.024567
18.008253 	 4.235687 	 0.000277 	 0.025177
18.050400 	 4.135193 	 -0.003856 	 0.019501
18.098437 	 4.049866 	 -0.010354 	 0.008728
18.141943 	 4.235260 	 -0.006690 	 0.005737
18.193153 	 4.162903 	 -0.000682 	 0.010559
18.238019 	 4.247711 	 -0.001342 	 0.015015
18.282431 	 4.226471 	 0.010674 	 0.031311
18.332281 	 4.111389 	 -0.037412 	 -0.008057
18.376241 	 4.108307 	 -0.035409 	 -0.042938
18.424278 	 4.236450 	 -0.022594 	 -0.044647
18.470503 	 4.238892 	 0.001119 	 -0.015167
18.516728 	 4.073578 	 0.013593 	 0.019653
18.561140 	 4.129608 	 0.014104 	 0.041473
18.611897 	 4.244843 	 -0.017374 	 0.019318
18.654950 	 4.083679 	 -0.002152 	 0.011536
18.702988 	 4.238708 	 0.008842 	 0.026306
18.750572 	 4.176605 	 0.002940 	 0.031464
18.793172 	 4.111389 	 0.025886 	 0.055206
18.840756 	 4.158905 	 0.007744 	 0.056061
18.889247 	 4.138763 	 -0.025684 	 0.014160
18.934113 	 4.267578 	 0.029252 	 0.038818
18.978525 	 4.311676 	 0.032203 	 0.076660
19.029735 	 4.123566 	 0.011910 	 0.072845
19.074600 	 4.101440 	 0.010674 	 0.061615
19.120372 	 4.295746 	 0.033396 	 0.080017
19.166144 	 4.286621 	 -0.014264 	 0.048065
19.212369 	 4.166382 	 -0.005987 	 0.021790
19.258594 	 4.064575 	 0.001097 	 0.020844
19.303912 	 4.190735 	 0.021944 	 0.045319
19.351950 	 4.202759 	 0.007457 	 0.049622
19.399535 	 4.201599 	 -0.025034 	 0.013519
19.446213 	 4.118134 	 -0.040587 	 -0.034302
19.492438 	 4.240936 	 0.011920 	 -0.007080
19.536850 	 4.166260 	 -0.008746 	 0.005127
19.585341 	 4.238586 	 0.011633 	 0.023468
19.628394 	 4.215118 	 0.000959 	 0.029633
19.675072 	 4.196442 	 0.001193 	 0.027313
19.722656 	 4.180389 	 -0.012314 	 0.013123
19.768428 	 4.223694 	 -0.027271 	 -0.013580
19.816919 	 4.145325 	 0.036475 	 0.033386
19.860878 	 4.206421 	 -0.004740 	 0.036621
19.908009 	 4.288330 	 -0.034120 	 -0.009155
19.958766 	 4.197235 	 -0.005124 	 -0.009674
19.999100 	 4.245605 	 0.009971 	 0.017242
20.046231 	 4.156555 	 -0.014690 	 0.008636
20.091096 	 4.198944 	 -0.044485 	 -0.035187
20.142307 	 4.264618 	 0.004005 	 -0.017456
20.186719 	 4.248962 	 -0.012687 	 -0.007141
20.232491 	 4.237762 	 0.004762 	 0.008270
20.278262 	 4.256226 	 -0.024650 	 -0.008057
20.325394 	 4.370728 	 -0.033194 	 -0.036591
20.373885 	 4.234802 	 0.011068 	 -0.005585
20.419203 	 4.010620 	 0.023873 	 0.039703
20.465881 	 4.210754 	 -0.044464 	 -0.005829
20.513013 	 4.101379 	 0.001044 	 -0.008179
20.558331 	 4.225067 	 0.028677 	 0.039764
20.604103 	 4.193726 	 -0.024586 	 0.017059
20.652141 	 4.119720 	 -0.004112 	 0.004822
20.698366 	 4.226654 	 -0.014104 	 -0.002228
20.745044 	 4.270569 	 0.012176 	 0.019745
20.787190 	 4.236511 	 -0.010003 	 0.015869
20.836588 	 4.136505 	 -0.018653 	 -0.003510
20.884625 	 4.159637 	 -0.037966 	 -0.035706
20.930397 	 4.190277 	 -0.002653 	 -0.021667
20.974356 	 4.194489 	 0.014125 	 0.016754
21.021487 	 4.147308 	 0.026131 	 0.052460
21.069072 	 4.167633 	 0.005465 	 0.053314
21.118016 	 4.106689 	 -0.024427 	 0.012360
21.161975 	 4.179565 	 -0.003217 	 0.004791
21.211372 	 4.314423 	 -0.043239 	 -0.030975
21.253065 	 4.156372 	 0.002173 	 -0.015961
21.304276 	 4.200714 	 -0.003931 	 0.003113
21.347328 	 4.190399 	 0.022871 	 0.037109
21.393100 	 4.163483 	 -0.000128 	 0.038727
21.441591 	 4.266296 	 0.004101 	 0.033539
21.489175 	 4.204407 	 -0.022051 	 0.005249
21.533588 	 4.091492 	 -0.002045 	 0.003845
21.579359 	 4.166901 	 0.005135 	 0.018616
21.626944 	 4.272949 	 0.018855 	 0.040649
21.672716 	 4.072845 	 -0.001214 	 0.037323
21.715768 	 4.165771 	 0.016948 	 0.046265
21.764259 	 4.104065 	 -0.020794 	 0.018250
21.811844 	 4.149719 	 0.015947 	 0.028778
21.855350 	 4.154327 	 -0.023074 	 0.007874
21.903841 	 4.300812 	 -0.021060 	 -0.015381
21.949159 	 4.244965 	 -0.015489 	 -0.018799
21.996291 	 4.142242 	 0.014498 	 0.015350
22.043422 	 4.085358 	 0.011004 	 0.037292
22.092366 	 4.137329 	 -0.001651 	 0.031006
22.137685 	 4.217529 	 0.005198 	 0.031860
22.183456 	 4.153351 	 -0.035100 	 -0.008545
22.229228 	 4.327240 	 -0.017332 	 -0.023865
22.274547 	 4.289795 	 -0.018280 	 -0.023834
22.323038 	 4.235596 	 -0.019015 	 -0.025726
22.368356 	 4.181152 	 -0.009694 	 -0.017242
22.412315 	 4.235321 	 -0.007574 	 -0.006927
22.463525 	 4.197510 	 -0.004272 	 0.001587
22.507031 	 4.207916 	 -0.019974 	 -0.010223
22.552803 	 4.212982 	 -0.006061 	 -0.006439
22.603107 	 4.299805 	 0.011004 	 0.018158
22.647066 	 4.240692 	 -0.009374 	 0.015045
22.693291 	 4.149536 	 0.000245 	 0.015564
22.739516 	 4.320984 	 -0.035250 	 -0.017670
22.787100 	 4.156433 	 -0.021646 	 -0.033417
22.832419 	 4.199615 	 0.005539 	 -0.005493
22.876378 	 4.253479 	 -0.010940 	 0.001129
22.923962 	 4.186859 	 0.006232 	 0.014648
22.972453 	 4.106445 	 0.004240 	 0.024872
23.020038 	 4.183624 	 -0.003910 	 0.020721
23.068076 	 4.201782 	 0.022573 	 0.044220
23.112035 	 4.234833 	 0.024895 	 0.068512
23.157806 	 4.272797 	 -0.003377 	 0.050140
23.204485 	 4.267456 	 0.011132 	 0.044312
23.249803 	 4.149384 	 0.026174 	 0.063690
23.296935 	 4.221344 	 0.006487 	 0.059052
23.343613 	 4.139435 	 -0.019367 	 0.021179
23.387119 	 4.207886 	 0.000245 	 0.015564
23.439235 	 4.100830 	 -0.009183 	 0.010803
23.479568 	 4.219757 	 0.013774 	 0.028809
23.528059 	 4.231873 	 -0.019228 	 0.010864
23.578363 	 4.232697 	 -0.012506 	 -0.003204
23.620963 	 4.252441 	 0.014498 	 0.021820
23.666734 	 4.266571 	 -0.001598 	 0.026642
23.713866 	 4.212646 	 0.024789 	 0.051300
23.759637 	 4.250366 	 0.015319 	 0.062561
23.809941 	 4.285431 	 -0.009960 	 0.035675
23.857979 	 4.138489 	 0.019675 	 0.046539
23.901485 	 4.104858 	 0.009119 	 0.053772
23.946803 	 4.143341 	 0.010237 	 0.051178
23.994388 	 4.278687 	 0.004762 	 0.048157
24.040613 	 4.191071 	 -0.018717 	 0.015625
24.087744 	 4.224640 	 -0.004772 	 0.007050
24.129890 	 4.189453 	 -0.013774 	 -0.000458
24.178381 	 4.144470 	 0.010770 	 0.017792
24.222794 	 4.225006 	 -0.029572 	 -0.006012
24.273550 	 4.175659 	 -0.016767 	 -0.018982
24.314337 	 4.215698 	 0.012133 	 0.010132
24.362828 	 4.212860 	 -0.006019 	 0.014923
24.408147 	 4.232117 	 0.011750 	 0.029785
24.456184 	 4.142303 	 -0.001257 	 0.028839
24.504675 	 4.280701 	 -0.002429 	 0.021881
24.552260 	 4.250793 	 -0.003494 	 0.017426
24.595312 	 4.184082 	 0.003398 	 0.022888
24.642444 	 4.180481 	 0.014690 	 0.039307
24.688216 	 4.237823 	 -0.032192 	 0.002411
24.735800 	 4.162781 	 -0.002120 	 -0.002075
24.783838 	 4.232880 	 -0.000075 	 0.010773
24.829610 	 4.266602 	 -0.008224 	 0.009125
24.873116 	 4.286865 	 -0.003675 	 0.008331
24.920247 	 4.240814 	 0.019484 	 0.035736
24.964659 	 4.154602 	 0.004527 	 0.041138
25.013150 	 4.080627 	 0.019452 	 0.052246
25.058922 	 4.201050 	 0.008139 	 0.051544
25.108772 	 4.116699 	 0.002621 	 0.041687
25.154091 	 4.307434 	 -0.006850 	 0.024872
25.200316 	 4.186890 	 -0.005870 	 0.013123
25.246541 	 4.299652 	 -0.026440 	 -0.010712
25.289140 	 4.182709 	 -0.000905 	 -0.003906
25.339897 	 4.114716 	 0.006040 	 0.017029
25.386122 	 4.213440 	 -0.007958 	 0.014099
25.429628 	 4.082184 	 -0.009555 	 0.004974
25.477666 	 4.156189 	 -0.000575 	 0.009796
25.525250 	 4.195923 	 0.004570 	 0.022003
25.572382 	 4.198425 	 0.018418 	 0.044037
25.617247 	 4.055939 	 0.007681 	 0.047668
25.665738 	 4.226654 	 0.007638 	 0.044952
25.709697 	 4.095581 	 0.000043 	 0.037201
25.756828 	 4.166290 	 0.014381 	 0.044708
25.803506 	 4.131622 	 -0.001193 	 0.036530
25.848825 	 4.099457 	 0.007691 	 0.037506
25.897316 	 4.212585 	 0.018834 	 0.051270
25.941275 	 4.162537 	 -0.012741 	 0.029510
25.987500 	 4.267517 	 -0.017247 	 0.002869
26.037350 	 4.251343 	 0.015585 	 0.023468
26.081310 	 4.257507 	 -0.012677 	 0.016388
26.127081 	 4.156555 	 -0.021721 	 -0.008118
26.175572 	 4.217773 	 -0.001694 	 -0.001099
26.221344 	 4.176392 	 -0.013731 	 -0.002930
26.269835 	 4.268219 	 -0.009598 	 -0.005096
26.312888 	 4.289764 	 -0.004261 	 0.002228
26.359113 	 4.092010 	 -0.004123 	 0.007294
26.406697 	 4.101410 	 -0.004485 	 0.009277
26.451109 	 4.256531 	 0.001641 	 0.016235
26.499600 	 4.098206 	 -0.034674 	 -0.016022
26.546732 	 4.192444 	 -0.001619 	 -0.010986
26.592050 	 4.106781 	 -0.000373 	 0.006439
26.640541 	 4.246643 	 -0.013987 	 0.002167
26.685860 	 4.138641 	 -0.004740 	 0.001434
26.730272 	 4.215485 	 0.024714 	 0.037079
26.776950 	 4.163727 	 0.019303 	 0.060822
26.823175 	 4.207397 	 -0.026078 	 0.021820
26.870760 	 4.165985 	 0.010099 	 0.021149
26.919250 	 4.174622 	 -0.004016 	 0.022552
26.965475 	 4.237854 	 0.004698 	 0.025391
27.010341 	 4.152618 	 -0.003047 	 0.022247
27.057019 	 4.166473 	 -0.024853 	 -0.004944
27.103244 	 4.164856 	 -0.024767 	 -0.025421
27.151282 	 4.072571 	 -0.019782 	 -0.029175
27.198413 	 4.123962 	 0.034323 	 0.027283
27.240559 	 4.036072 	 0.011537 	 0.050232
27.289503 	 4.260925 	 -0.004762 	 0.034576
27.333916 	 4.243530 	 0.015148 	 0.041809
27.382860 	 4.294861 	 -0.007478 	 0.029327
27.427725 	 4.301392 	 -0.005145 	 0.017181
27.473044 	 4.337830 	 -0.025098 	 -0.008026
27.525160 	 4.277802 	 0.040469 	 0.040527
27.567307 	 4.016663 	 0.015084 	 0.063324
27.615344 	 4.140625 	 0.014956 	 0.062622
27.660210 	 4.296936 	 -0.013422 	 0.032318
27.706888 	 4.194427 	 -0.021124 	 -0.000275
27.752206 	 4.060516 	 -0.004325 	 -0.000305
27.797072 	 4.158600 	 0.006594 	 0.018250
27.844203 	 4.235443 	 0.009747 	 0.033722
27.894054 	 4.311462 	 0.001097 	 0.032867
27.939372 	 4.103180 	 0.003494 	 0.031158
27.984238 	 4.139313 	 -0.002951 	 0.024323
28.030009 	 4.228546 	 0.002567 	 0.025787
28.078954 	 4.202667 	 0.002610 	 0.028473
28.122006 	 4.242279 	 0.019654 	 0.047302
28.170044 	 4.172882 	 0.006701 	 0.049377
28.214909 	 4.191406 	 -0.013625 	 0.023621
28.263853 	 4.078369 	 0.017140 	 0.035706
28.313704 	 4.116852 	 -0.009555 	 0.026031
28.357210 	 4.187134 	 0.010749 	 0.031799
28.404794 	 4.251465 	 0.020410 	 0.053406
28.450566 	 4.165649 	 0.009939 	 0.055634
28.494525 	 4.078705 	 0.003707 	 0.045685
28.538484 	 4.223816 	 0.008352 	 0.043213
28.587881 	 4.194427 	 0.014434 	 0.050110
28.635013 	 4.152771 	 0.012155 	 0.053101
28.679878 	 4.310852 	 0.007649 	 0.049408
28.726103 	 4.142792 	 -0.008000 	 0.029388
28.771875 	 4.172729 	 -0.012911 	 0.008636
28.821272 	 4.151398 	 -0.029444 	 -0.019501
28.867044 	 4.202484 	 -0.021359 	 -0.030853
28.912816 	 4.136536 	 -0.026685 	 -0.040222
28.960400 	 4.123260 	 0.002663 	 -0.013428
29.005719 	 4.206757 	 0.020549 	 0.027771
29.052850 	 4.092560 	 0.009470 	 0.043121
29.098622 	 4.172516 	 0.009140 	 0.044647
29.147113 	 4.290405 	 0.013071 	 0.050079
29.192885 	 4.086517 	 0.022349 	 0.063812
29.237297 	 4.254456 	 0.001204 	 0.053009
29.282616 	 4.200592 	 -0.001310 	 0.035858
29.333372 	 4.202667 	 0.001257 	 0.028961
29.380957 	 4.216339 	 -0.007468 	 0.018311
29.425822 	 4.123322 	 0.018067 	 0.036530
29.469328 	 4.092743 	 0.001268 	 0.037750
29.515553 	 4.143402 	 0.009161 	 0.039642
29.564951 	 4.062897 	 0.021912 	 0.057068
29.612988 	 4.156342 	 0.019079 	 0.067627
29.658307 	 4.244446 	 0.016948 	 0.068359
29.703625 	 4.270508 	 0.021518 	 0.072388
29.749850 	 4.202515 	 -0.026738 	 0.028412
29.795622 	 4.180969 	 0.014892 	 0.029572
29.841394 	 4.163239 	 -0.000107 	 0.031525
29.889432 	 4.113525 	 -0.007244 	 0.019073
29.934297 	 4.368347 	 -0.018887 	 -0.001862
29.980522 	 4.316681 	 0.000639 	 0.004669
30.029013 	 4.318390 	 -0.008053 	 0.006378
30.075691 	 4.143585 	 0.004357 	 0.016235
30.121916 	 4.000763 	 0.029550 	 0.052338
30.166328 	 4.160614 	 0.000969 	 0.048737
30.214819 	 4.126282 	 -0.001364 	 0.033386
30.259232 	 4.179718 	 -0.029550 	 -0.004425
30.304097 	 4.152740 	 -0.007457 	 -0.008270
30.351682 	 4.113403 	 -0.031138 	 -0.026550
30.396094 	 4.176941 	 -0.008330 	 -0.021332
30.445491 	 4.095673 	 -0.025130 	 -0.026520
30.493076 	 4.126312 	 -0.018706 	 -0.029297
30.537941 	 4.203278 	 0.000810 	 -0.006592
30.583713 	 4.148895 	 -0.018876 	 -0.009827
30.630391 	 4.098663 	 0.004165 	 0.004456
30.677975 	 4.116669 	 0.004453 	 0.021515
30.725560 	 4.111908 	 -0.004069 	 0.019928
30.770425 	 4.239532 	 -0.017854 	 0.000031
30.816650 	 4.183411 	 -0.008437 	 -0.002502
30.863782 	 4.299805 	 0.007361 	 0.015472
30.908194 	 4.334747 	 -0.001917 	 0.020081
30.956232 	 4.183807 	 -0.024373 	 -0.004852
31.000191 	 4.170471 	 0.013689 	 0.014954
31.047775 	 4.301483 	 0.008011 	 0.033356
31.094907 	 4.253479 	 0.026983 	 0.058929
31.143398 	 4.206757 	 -0.021305 	 0.027863
31.186450 	 4.206970 	 -0.004868 	 0.010437
31.232675 	 4.134613 	 0.011622 	 0.027924
31.282526 	 4.077087 	 0.043793 	 0.075531
31.327844 	 4.253296 	 0.001513 	 0.066833
31.373163 	 4.203949 	 -0.017502 	 0.025055
31.419388 	 4.237671 	 0.016970 	 0.033875
31.467426 	 4.213989 	 0.002621 	 0.037720
31.514104 	 4.179596 	 -0.002344 	 0.027588
31.558516 	 4.110687 	 -0.014914 	 0.007874
31.605647 	 4.237610 	 -0.037828 	 -0.029602
31.651419 	 4.241760 	 -0.004410 	 -0.020660
31.696284 	 4.128815 	 0.003249 	 0.005585
31.746135 	 4.142944 	 0.007063 	 0.023560
31.791000 	 4.149414 	 0.001822 	 0.028351
31.836772 	 4.172516 	 -0.011920 	 0.015106
31.885263 	 4.176910 	 -0.004027 	 0.009674
31.932394 	 4.127838 	 0.017225 	 0.032990
31.975900 	 4.185516 	 0.025140 	 0.061188
32.023032 	 4.189392 	 0.010418 	 0.061005
32.069257 	 4.283325 	 0.010099 	 0.054413
32.115482 	 4.428772 	 0.004517 	 0.045502
32.162160 	 4.215363 	 -0.002376 	 0.032196
32.208385 	 4.274689 	 0.005571 	 0.031860
32.257329 	 4.172821 	 -0.020922 	 0.007141
32.303554 	 4.249390 	 0.011675 	 0.018555
32.347513 	 4.231842 	 0.000756 	 0.025421
32.394644 	 4.275848 	 -0.016213 	 0.007477
32.439510 	 4.196686 	 -0.007808 	 0.000488
32.488000 	 4.212708 	 -0.013561 	 -0.003723
32.532866 	 4.214813 	 0.023841 	 0.030304
32.581357 	 4.160248 	 -0.003462 	 0.032288
32.623956 	 4.180725 	 -0.007915 	 0.016815
32.673807 	 4.295746 	 -0.025449 	 -0.009888
32.720938 	 4.284485 	 0.002450 	 0.000336
32.767616 	 4.266388 	 0.008480 	 0.022400
32.811122 	 4.074585 	 -0.025257 	 -0.000183
32.860519 	 4.114716 	 0.023170 	 0.026031
32.905385 	 4.232635 	 -0.008874 	 0.024445
32.949797 	 4.332611 	 -0.014860 	 0.003479
33.000101 	 4.257507 	 -0.010205 	 -0.002441
33.043153 	 4.135712 	 0.003547 	 0.011902
33.091191 	 4.159760 	 0.016043 	 0.037018
33.136510 	 4.271637 	 -0.017396 	 0.018005
33.185001 	 4.166382 	 -0.030712 	 -0.019104
33.232132 	 4.273071 	 -0.014583 	 -0.023132
33.277451 	 4.233337 	 0.005081 	 0.002136
33.323676 	 4.058655 	 0.024341 	 0.040405
33.368088 	 4.067474 	 0.021369 	 0.063507
33.415672 	 4.269806 	 -0.002386 	 0.046234
33.460991 	 4.205627 	 -0.007819 	 0.022522
33.507669 	 4.009521 	 -0.003430 	 0.016418
33.553894 	 4.145599 	 0.004570 	 0.023193
33.599213 	 4.119751 	 0.016075 	 0.042297
33.647704 	 4.137238 	 0.011750 	 0.049835
33.694835 	 4.272858 	 0.029305 	 0.069977
33.740607 	 4.163055 	 0.021838 	 0.077911
33.787285 	 4.159729 	 0.016927 	 0.074158
33.833510 	 4.201477 	 0.021039 	 0.074432
33.877016 	 4.197266 	 -0.017864 	 0.035370
33.925960 	 4.286835 	 0.016980 	 0.038574
33.972638 	 4.220428 	 -0.022307 	 0.014221
34.019316 	 4.247620 	 0.021881 	 0.032562
34.064635 	 4.229309 	 -0.009119 	 0.026733
34.110860 	 4.156006 	 0.029242 	 0.052399
34.156631 	 4.244781 	 -0.001513 	 0.045441
34.206029 	 4.179718 	 -0.027931 	 0.002777
34.252254 	 4.123993 	 0.020858 	 0.024261
34.298932 	 4.180420 	 -0.037465 	 -0.006439
34.342891 	 4.235413 	 -0.000735 	 -0.006622
34.390475 	 4.075348 	 0.026248 	 0.036865
34.435341 	 4.252502 	 -0.000703 	 0.039246
34.484285 	 4.286560 	 0.001981 	 0.032349
34.531416 	 4.235413 	 -0.003728 	 0.024261
34.575829 	 4.280548 	 -0.009087 	 0.012238
34.620694 	 4.225433 	 0.008916 	 0.024261
34.667825 	 4.174316 	 0.006051 	 0.033905
34.715863 	 4.216614 	 -0.022062 	 0.007294
34.762088 	 4.294495 	 -0.005486 	 0.001007
34.809219 	 4.126465 	 0.054286 	 0.067505
34.854538 	 4.192902 	 0.009886 	 0.074219
34.902122 	 4.138824 	 0.008522 	 0.058014
34.946082 	 4.224396 	 0.015159 	 0.058197
34.994572 	 4.190247 	 0.020986 	 0.067688
35.039438 	 4.242615 	 -0.007819 	 0.042847
35.085663 	 4.185455 	 0.005230 	 0.033630
35.133701 	 4.067108 	 0.020485 	 0.051666
35.179926 	 4.066650 	 0.017460 	 0.062958
35.225244 	 4.178619 	 0.021817 	 0.071411
35.271469 	 4.254669 	 -0.001566 	 0.051453
35.319054 	 4.302856 	 0.004101 	 0.040131
35.365279 	 4.278992 	 -0.030158 	 0.001587
35.413316 	 4.347992 	 0.000149 	 0.001740
35.458182 	 4.268555 	 -0.006349 	 0.006897
35.505313 	 4.283020 	 -0.016362 	 -0.003418
35.548366 	 4.286713 	 0.003281 	 0.007538
35.595950 	 4.355774 	 0.020389 	 0.038757
35.641722 	 4.125305 	 0.023670 	 0.063110
35.688400 	 4.149414 	 -0.014338 	 0.034760
35.734625 	 4.175507 	 -0.008384 	 0.013489
35.783116 	 4.112793 	 -0.028624 	 -0.013947
35.830247 	 4.130463 	 -0.005422 	 -0.011200
35.877379 	 4.260620 	 0.017428 	 0.024384
35.921791 	 4.255951 	 0.015478 	 0.046783
35.966656 	 4.155792 	 0.030477 	 0.071472
36.014694 	 4.180359 	 0.020325 	 0.077972
36.062732 	 4.225494 	 -0.005380 	 0.049744
36.109410 	 4.249817 	 -0.017343 	 0.014618
36.152010 	 4.146515 	 -0.008884 	 0.003082
36.200500 	 4.113373 	 -0.022200 	 -0.011841
36.248085 	 4.296753 	 -0.022158 	 -0.024658
36.292497 	 4.217438 	 -0.016501 	 -0.022858
36.340535 	 4.208527 	 -0.014296 	 -0.018616
36.384947 	 4.155762 	 -0.029774 	 -0.032410
36.434344 	 4.190338 	 -0.003782 	 -0.016876
36.478757 	 4.174561 	 0.006701 	 0.010345
36.524529 	 4.196503 	 0.006232 	 0.026215
36.571207 	 4.159912 	 -0.021721 	 0.003143
36.619244 	 4.194519 	 -0.016320 	 -0.012024
36.666376 	 4.246735 	 -0.007830 	 -0.007477
36.711241 	 4.154541 	 -0.010173 	 -0.003845
36.756560 	 4.244415 	 -0.032416 	 -0.027191
36.805957 	 4.262878 	 -0.020773 	 -0.034698
36.851276 	 4.086487 	 -0.009737 	 -0.022827
36.897501 	 4.067657 	 -0.018440 	 -0.020386
36.942819 	 4.167450 	 -0.002748 	 -0.007690
36.992216 	 4.063263 	 0.009662 	 0.017914
37.036176 	 4.145660 	 0.010599 	 0.034851
37.081947 	 4.257355 	 0.005859 	 0.038910
37.129079 	 4.261780 	 -0.006253 	 0.025146
37.177570 	 4.133514 	 -0.028613 	 -0.007385
37.221529 	 4.055664 	 -0.024831 	 -0.028259
37.271379 	 4.145782 	 -0.022594 	 -0.034027
37.317604 	 4.096527 	 -0.025225 	 -0.038086
37.360204 	 4.129456 	 0.008171 	 -0.006500
37.408694 	 4.126343 	 0.006019 	 0.019653
37.454919 	 4.251953 	 -0.004037 	 0.019043
37.502051 	 4.144440 	 -0.020453 	 -0.002014
37.547823 	 4.149445 	 -0.013976 	 -0.010986
37.595860 	 4.195557 	 0.008767 	 0.009918
37.642085 	 4.272644 	 -0.004176 	 0.016052
37.685591 	 4.197998 	 0.000213 	 0.019501
37.731363 	 4.105408 	 0.008011 	 0.028870
37.777588 	 4.157410 	 -0.032949 	 -0.005219
37.826532 	 4.127808 	 -0.023191 	 -0.027924
37.873663 	 4.262634 	 -0.017556 	 -0.027344
37.917622 	 4.248230 	 0.025364 	 0.019531
37.965660 	 4.021820 	 -0.001150 	 0.030823
38.011432 	 4.166260 	 0.001960 	 0.028229
38.057657 	 4.178528 	 -0.019761 	 0.005249
38.104788 	 4.218292 	 -0.005230 	 0.000793
38.149200 	 4.277344 	 0.008682 	 0.019409
38.190894 	 4.248840 	 0.013689 	 0.039185
38.244370 	 4.144348 	 0.033609 	 0.070587
38.290141 	 4.109467 	 -0.017513 	 0.039490
38.335460 	 4.136993 	 0.003153 	 0.025085
38.382591 	 4.220459 	 0.004133 	 0.029602
38.427910 	 4.244385 	 0.010706 	 0.039337
38.475041 	 3.961731 	 0.013444 	 0.048920
38.520360 	 4.106720 	 -0.007340 	 0.032806
38.568398 	 4.139526 	 -0.011888 	 0.011658
38.615076 	 4.118134 	 -0.014797 	 -0.002136
38.659035 	 4.055664 	 0.013902 	 0.020935
38.709792 	 4.243561 	 -0.012677 	 0.014526
38.752844 	 4.256439 	 -0.011611 	 0.001801
38.801335 	 4.229675 	 -0.010045 	 -0.001251
38.846201 	 4.191559 	 0.010930 	 0.019867
38.892426 	 4.214691 	 -0.001886 	 0.023651
38.937744 	 4.264099 	 0.027814 	 0.051331
38.984875 	 4.257690 	 -0.006754 	 0.040863
39.032460 	 4.198517 	 -0.028016 	 -0.001190
39.080498 	 4.116394 	 -0.006424 	 -0.006287
39.123097 	 4.166260 	 -0.003111 	 0.003754
39.171135 	 4.074371 	 -0.003153 	 0.010803
39.216454 	 4.193848 	 -0.016416 	 -0.000946
39.261772 	 4.304718 	 -0.012197 	 -0.007782
39.310716 	 4.229431 	 -0.000447 	 0.003632
39.358301 	 4.339630 	 -0.037444 	 -0.024719
39.403166 	 4.213501 	 -0.001236 	 -0.015564
39.452110 	 4.293762 	 -0.007499 	 -0.002502
39.494257 	 4.175598 	 -0.005028 	 0.001526
39.541388 	 4.095520 	 -0.031297 	 -0.020935
39.588066 	 4.104553 	 0.036102 	 0.027832
39.635197 	 4.135742 	 0.001758 	 0.041992
39.681876 	 3.988892 	 -0.009673 	 0.022095
39.728554 	 4.226746 	 0.029359 	 0.050385
39.777045 	 4.124359 	 0.027697 	 0.077240
39.821004 	 4.075592 	 -0.002152 	 0.055115
39.868135 	 4.251556 	 0.001044 	 0.037384
39.915720 	 4.140533 	 -0.000021 	 0.029755
39.960132 	 4.113434 	 0.034845 	 0.061798
40.007263 	 4.225616 	 -0.001491 	 0.052521
40.055754 	 4.143494 	 0.017843 	 0.051575
40.096994 	 4.062408 	 0.011920 	 0.057800
40.146844 	 4.216858 	 0.028954 	 0.073334
40.192616 	 4.327545 	 0.026653 	 0.085480
40.237935 	 4.292603 	 -0.008831 	 0.052338
40.285519 	 4.258881 	 -0.015819 	 0.017639
40.333104 	 4.204346 	 0.021710 	 0.037354
40.376610 	 4.246460 	 0.003217 	 0.042328
40.422835 	 4.240662 	 0.019004 	 0.052673
40.471326 	 4.206757 	 0.011697 	 0.056519
40.517551 	 4.216064 	 -0.000533 	 0.042267
40.561057 	 4.186676 	 0.013721 	 0.046143
40.608641 	 4.172729 	 -0.000266 	 0.040802
40.655772 	 4.314392 	 -0.009598 	 0.021362

 Z Turning Point (V) = 0.372437 
 Turning Time Delay (ms) = 0 
 SEN (V) =  
 App. Driving Voltage (mVrms) = 0.005000 
 App. Vias. Voltage (V) = 0.000000 
 App. Del Z (Bit) = -10 
 App. Delay Time (ms) = 200 
 App. Velocity (nm/s) = -0.226596 
 Ret. Driving Voltage (mVrms) = 0.005000 
 Ret. Vias. Voltage (V) = 0.000000 
 Ret. Del Z (Bit) = -10 
 Ret. Delay Time (ms) = 200 
 Ret. Velocity (nm/s) = -0.226596 
  
 Data Array Size = 1389 
 Frequency (Hz) = sen.
 
