31.557610 	 4.123749 	 0.010461 	 0.046936
31.510478 	 4.282379 	 0.017225 	 0.055115
31.463347 	 4.254425 	 -0.005326 	 0.039490
31.419388 	 4.087250 	 0.010919 	 0.040222
31.371803 	 4.271637 	 0.030520 	 0.067780
31.326031 	 4.306763 	 0.009236 	 0.064697
31.281166 	 4.172394 	 0.013540 	 0.060303
31.234488 	 4.226654 	 -0.041396 	 0.001801
31.184637 	 4.239655 	 -0.006541 	 -0.010010
31.139319 	 4.158722 	 -0.007947 	 -0.002655
31.094453 	 4.171906 	 -0.041407 	 -0.035583
31.047322 	 4.225464 	 0.015595 	 -0.003845
31.000644 	 4.168732 	 -0.004953 	 0.011780
30.955325 	 4.178680 	 -0.002344 	 0.012634
30.907741 	 4.127747 	 -0.025801 	 -0.009949
30.860156 	 4.128357 	 0.001023 	 -0.002106
30.815744 	 4.150299 	 0.019633 	 0.031525
30.768613 	 4.168427 	 -0.016735 	 0.017487
30.721481 	 4.199707 	 0.004282 	 0.017944
30.675710 	 4.212494 	 -0.021082 	 -0.000031
30.629938 	 4.221588 	 0.009055 	 0.012115
30.585072 	 4.295441 	 -0.030467 	 -0.010284
30.537488 	 4.075531 	 -0.012709 	 -0.017334
30.489450 	 4.272491 	 0.008565 	 0.008545
30.441866 	 4.114563 	 0.014200 	 0.034882
30.397453 	 4.275513 	 0.012400 	 0.046631
30.349869 	 4.203583 	 -0.010770 	 0.027100
30.303191 	 4.055817 	 0.003441 	 0.023651
30.257872 	 4.055420 	 -0.006210 	 0.018494
30.211647 	 4.226257 	 -0.010727 	 0.006653
30.165422 	 4.139435 	 -0.007958 	 0.003235
30.117838 	 4.261536 	 0.055340 	 0.068939
30.073878 	 4.155640 	 -0.005316 	 0.060089
30.029919 	 4.295990 	 -0.017321 	 0.018616
29.978256 	 4.113556 	 -0.012176 	 0.001434
29.935204 	 4.215454 	 -0.012528 	 -0.004486
29.886259 	 4.241638 	 0.005912 	 0.013245
29.840941 	 4.186737 	 -0.016682 	 0.002014
29.794263 	 4.126587 	 -0.036475 	 -0.031250
29.747585 	 4.129456 	 -0.015169 	 -0.033966
29.701813 	 4.216400 	 0.006626 	 -0.000732
29.655588 	 4.186920 	 0.017460 	 0.033295
29.611629 	 4.119598 	 0.013039 	 0.048035
29.563138 	 4.152527 	 0.000671 	 0.040955
29.513741 	 4.157501 	 0.007425 	 0.038879
29.467062 	 4.216705 	 -0.001342 	 0.029968
29.423557 	 4.272827 	 0.010749 	 0.037292
29.376878 	 4.054718 	 0.024565 	 0.059235
29.330653 	 4.309479 	 -0.000362 	 0.047791
29.283975 	 4.056244 	 0.019228 	 0.053253
29.237750 	 4.156525 	 0.020815 	 0.066162
29.190619 	 4.243439 	 0.024757 	 0.077087
29.142128 	 4.190582 	 0.011569 	 0.069336
29.096809 	 4.274109 	 -0.023489 	 0.023987
29.050584 	 4.042572 	 0.002972 	 0.016602
29.004359 	 4.102478 	 0.034291 	 0.056488
28.959494 	 4.291748 	 -0.010024 	 0.042206
28.912816 	 4.351746 	 -0.005987 	 0.022247
28.865231 	 4.173553 	 -0.002674 	 0.017395
28.820819 	 4.158508 	 0.007723 	 0.027557
28.772328 	 4.189667 	 0.004037 	 0.032623
28.725650 	 4.274628 	 0.013295 	 0.043274
28.679425 	 4.189606 	 -0.005401 	 0.030304
28.633200 	 4.139435 	 -0.027718 	 -0.004639
28.589241 	 4.000519 	 0.039564 	 0.040741
28.538484 	 4.097595 	 -0.001609 	 0.044891
28.494072 	 4.161591 	 0.013795 	 0.044128
28.450566 	 4.169678 	 0.012410 	 0.051544
28.398903 	 4.183929 	 0.008032 	 0.049316
28.356303 	 4.297516 	 -0.000043 	 0.038147
28.307359 	 4.249268 	 0.005816 	 0.035248
28.263400 	 4.172699 	 -0.015840 	 0.013580
28.217628 	 4.277466 	 0.025566 	 0.039490
28.169591 	 4.166595 	 -0.014317 	 0.026764
28.125179 	 4.094269 	 -0.036049 	 -0.018158
28.078047 	 4.187347 	 -0.027910 	 -0.037964
28.028650 	 4.055969 	 0.001917 	 -0.012909
27.982425 	 4.107697 	 -0.029508 	 -0.023590
27.936200 	 4.179687 	 0.041577 	 0.032745
27.890881 	 4.274597 	 0.001023 	 0.044769
27.844656 	 4.174591 	 0.000714 	 0.033600
27.797525 	 4.322418 	 0.014147 	 0.042389
27.750847 	 4.076508 	 -0.013774 	 0.023010
27.704622 	 4.053589 	 -0.016852 	 0.000183
27.662022 	 4.175598 	 0.018259 	 0.024811
27.610359 	 4.294495 	 -0.015723 	 0.016113
27.567307 	 4.162170 	 -0.015382 	 -0.003174
27.518816 	 4.158264 	 -0.009364 	 -0.004913
27.472137 	 4.251770 	 0.005752 	 0.012817
27.427725 	 4.243256 	 -0.007766 	 0.012299
27.377422 	 4.344757 	 -0.003132 	 0.011505
27.335728 	 4.185394 	 0.015968 	 0.033142
27.284972 	 4.197540 	 0.004037 	 0.039062
27.240559 	 4.243561 	 0.004027 	 0.036835
27.198413 	 4.200653 	 0.006754 	 0.037811
27.149469 	 4.233704 	 0.014690 	 0.047028
27.102338 	 4.151367 	 -0.007414 	 0.032104
27.057019 	 4.154541 	 -0.040427 	 -0.018433
27.010341 	 4.246246 	 -0.011132 	 -0.022949
26.960944 	 4.228302 	 -0.008597 	 -0.010345
26.914719 	 4.186798 	 0.020879 	 0.026367
26.868947 	 4.265717 	 0.022552 	 0.057404
26.822269 	 4.083649 	 -0.041290 	 0.004639
26.778310 	 4.132538 	 -0.012549 	 -0.014404
26.730272 	 4.103699 	 0.037061 	 0.041504
26.686766 	 4.160522 	 -0.033236 	 0.012909
26.639182 	 4.262756 	 -0.007904 	 -0.002899
26.592503 	 4.252106 	 -0.014296 	 -0.006836
26.546278 	 4.309784 	 0.004027 	 0.007141
26.500960 	 4.167450 	 -0.021039 	 -0.005829
26.450656 	 4.206665 	 0.008341 	 0.008911
26.407150 	 4.289825 	 -0.011356 	 0.008240
26.359566 	 4.076721 	 -0.004804 	 0.006500
26.310622 	 4.142426 	 -0.000415 	 0.013367
26.266663 	 4.081665 	 -0.048352 	 -0.032410
26.219984 	 4.203766 	 -0.020400 	 -0.043488
26.173306 	 4.230774 	 0.015691 	 0.001678
26.124815 	 4.231903 	 0.010269 	 0.030243
26.079950 	 4.128113 	 -0.012368 	 0.016876
26.030099 	 4.024567 	 0.019036 	 0.035065
25.985687 	 4.071686 	 -0.025684 	 0.008606
25.939915 	 4.142273 	 0.027697 	 0.034515
25.892331 	 4.026367 	 -0.020517 	 0.018311
25.846106 	 4.294830 	 0.001257 	 0.012817
25.799428 	 4.365753 	 0.030967 	 0.051331
25.752296 	 4.269836 	 -0.007414 	 0.039825
25.711510 	 4.344727 	 -0.021348 	 0.005341
25.660753 	 4.264740 	 0.006232 	 0.013580
25.617247 	 4.105347 	 -0.012293 	 0.008850
25.571475 	 4.152710 	 -0.011057 	 -0.000946
25.522984 	 4.173279 	 0.006360 	 0.014496
25.479478 	 4.199402 	 -0.002344 	 0.017853
25.432800 	 4.188477 	 0.026110 	 0.046722
25.385216 	 4.071472 	 0.020229 	 0.065704
25.338084 	 4.163452 	 0.006914 	 0.057922
25.291406 	 4.234314 	 -0.015350 	 0.025421
25.246994 	 4.178650 	 0.002333 	 0.020264
25.199409 	 4.257874 	 0.033087 	 0.056946
25.151825 	 4.211517 	 -0.028773 	 0.021210
25.103334 	 4.229095 	 -0.000202 	 0.009186
25.062094 	 4.181396 	 0.038573 	 0.057037
25.012244 	 4.035736 	 0.029167 	 0.084381
24.965565 	 4.235474 	 0.004005 	 0.066650
24.921606 	 4.278473 	 -0.018962 	 0.024414
24.875381 	 4.139404 	 0.006999 	 0.023163
24.825531 	 4.169861 	 -0.011963 	 0.013885
24.781572 	 4.145905 	 -0.008618 	 0.005219
24.736253 	 4.248932 	 -0.001907 	 0.009888
24.689575 	 4.152679 	 -0.004325 	 0.012787
24.643803 	 4.168365 	 -0.017449 	 -0.001434
24.593500 	 4.192627 	 0.019516 	 0.025543
24.550447 	 4.230835 	 0.003590 	 0.036194
24.502863 	 4.115936 	 0.004517 	 0.034760
24.457997 	 4.215576 	 0.008756 	 0.039215
24.412225 	 4.195679 	 -0.002599 	 0.031616
24.363281 	 4.191345 	 -0.006647 	 0.019348
24.316603 	 4.217529 	 0.015606 	 0.035248
24.272191 	 4.153412 	 0.020922 	 0.056915
24.225966 	 4.228516 	 0.021731 	 0.069489
24.177928 	 4.226715 	 -0.009172 	 0.043335
24.131250 	 4.153717 	 0.020293 	 0.049866
24.084119 	 4.130737 	 -0.023851 	 0.017944
24.037894 	 4.270508 	 0.017417 	 0.029633
23.991669 	 4.063416 	 -0.009055 	 0.023773
23.942725 	 4.166229 	 0.000394 	 0.020386
23.896953 	 4.269958 	 0.004101 	 0.026794
23.849821 	 4.274750 	 0.039745 	 0.067719
23.806316 	 4.150391 	 -0.014019 	 0.043396
23.759184 	 4.248688 	 0.020751 	 0.048981
23.715678 	 4.242371 	 0.011207 	 0.055176
23.667188 	 4.272888 	 -0.004240 	 0.037903
23.620056 	 4.238831 	 -0.038903 	 -0.012054
23.574738 	 4.342560 	 0.015404 	 0.008423
23.528513 	 4.149323 	 0.001268 	 0.024994
23.482741 	 4.112885 	 -0.000692 	 0.022614
23.435156 	 4.242279 	 0.024576 	 0.048035
23.388025 	 4.122375 	 -0.030051 	 0.013062
23.344066 	 4.215027 	 0.019548 	 0.027618
23.294669 	 4.265808 	 0.036943 	 0.069122
23.251163 	 4.240845 	 0.002621 	 0.062164
23.202672 	 4.293976 	 -0.015904 	 0.024658
23.157353 	 4.341492 	 0.002855 	 0.020752
23.111128 	 4.148895 	 0.004570 	 0.029449
23.062637 	 4.229156 	 -0.023063 	 0.003540
23.019131 	 4.211395 	 0.001907 	 0.006989
22.973360 	 4.095520 	 0.013998 	 0.031128
22.923509 	 4.200409 	 -0.001672 	 0.030029
22.872299 	 4.237915 	 0.010589 	 0.036926
22.832419 	 4.243530 	 -0.002642 	 0.030640
22.783475 	 4.150360 	 0.022072 	 0.048279
22.739969 	 4.155731 	 -0.024874 	 0.017181
22.691025 	 4.240295 	 -0.009119 	 0.001221
22.645706 	 4.176971 	 0.010504 	 0.020599
22.600388 	 4.049103 	 -0.016852 	 0.009186
22.552803 	 4.173645 	 0.014850 	 0.028473
22.507031 	 4.099060 	 -0.021177 	 0.008698
22.460806 	 4.155701 	 0.008746 	 0.016968
22.413675 	 4.254486 	 0.030914 	 0.055573
22.364731 	 4.216858 	 0.020783 	 0.071899
22.324397 	 4.182617 	 -0.026301 	 0.025513
22.272734 	 4.125153 	 0.022797 	 0.037323
22.229681 	 4.275665 	 0.026110 	 0.065735
22.183003 	 4.200684 	 0.015926 	 0.069641
22.135872 	 4.280609 	 -0.014669 	 0.034668
22.087834 	 4.223633 	 0.002674 	 0.025269
22.039796 	 4.114532 	 -0.016884 	 0.007690
21.996291 	 4.283844 	 -0.002333 	 0.006744
21.949159 	 4.212402 	 -0.014775 	 -0.000122
21.903387 	 4.246613 	 0.009108 	 0.016022
21.856256 	 4.205750 	 -0.026621 	 -0.003296
21.810484 	 4.161774 	 -0.004027 	 -0.004242
21.764259 	 4.274597 	 0.018568 	 0.028198
21.718941 	 4.260498 	 0.006306 	 0.039185
21.669090 	 4.113770 	 0.013135 	 0.047699
21.621959 	 4.328613 	 -0.004847 	 0.033051
21.578000 	 4.190002 	 0.014871 	 0.041687
21.529962 	 4.158569 	 -0.005795 	 0.032593
21.486456 	 4.179474 	 0.006232 	 0.030914
21.438419 	 4.198029 	 0.010045 	 0.040649
21.394006 	 4.222656 	 0.019313 	 0.056152
21.345969 	 4.167328 	 -0.021167 	 0.024506
21.299290 	 4.195648 	 0.006147 	 0.021973
21.254425 	 4.218079 	 0.008522 	 0.032898
21.206387 	 4.194946 	 0.007191 	 0.037659
21.160616 	 4.204285 	 -0.021444 	 0.009674
21.113937 	 4.261475 	 0.005230 	 0.014282
21.064993 	 4.210663 	 -0.008511 	 0.012817
21.020128 	 4.172363 	 -0.000863 	 0.013550
20.974809 	 4.107574 	 -0.002088 	 0.017151
20.928131 	 4.135406 	 0.001928 	 0.020813
20.881906 	 4.202545 	 -0.002439 	 0.020538
20.835228 	 4.116058 	 0.018525 	 0.040619
20.788097 	 4.136627 	 -0.017396 	 0.019470
20.741872 	 4.201965 	 -0.026568 	 -0.013367
20.695647 	 4.163635 	 0.006317 	 0.002350
20.649422 	 4.178894 	 -0.012219 	 0.003357
20.602290 	 4.197418 	 0.006200 	 0.015656
20.559691 	 4.144836 	 0.033875 	 0.057434
20.512106 	 4.193878 	 0.011494 	 0.063873
20.464975 	 4.183807 	 0.008139 	 0.055054
20.416484 	 4.103851 	 -0.000170 	 0.040405
20.369806 	 4.160400 	 0.014828 	 0.045593
20.323128 	 4.134735 	 -0.040278 	 -0.002411
20.277356 	 4.129700 	 -0.007926 	 -0.013031
20.231131 	 4.250854 	 -0.011707 	 -0.008789
20.186266 	 4.269135 	 -0.002493 	 0.000977
20.137321 	 4.354706 	 0.015425 	 0.027435
20.091096 	 4.164642 	 -0.020229 	 0.008606
20.048044 	 4.192719 	 -0.008021 	 -0.000275
20.000459 	 4.222656 	 0.015649 	 0.025848
19.954234 	 4.101440 	 -0.002461 	 0.027466
19.908463 	 4.054352 	 0.010461 	 0.033905
19.859518 	 4.231995 	 -0.003473 	 0.029297
19.814653 	 4.197449 	 0.035090 	 0.061432
19.768428 	 4.205597 	 0.005529 	 0.060211
19.722203 	 4.197601 	 -0.019143 	 0.022949
19.675072 	 4.235321 	 -0.023979 	 -0.009094
19.629753 	 4.189758 	 0.005859 	 0.005402
19.581715 	 4.300201 	 0.009694 	 0.027161
19.536397 	 4.198669 	 -0.002450 	 0.025665
19.489265 	 4.083649 	 -0.006136 	 0.017731
19.442587 	 4.053467 	 0.005667 	 0.023407
19.396362 	 4.240753 	 0.009864 	 0.036835
19.350137 	 4.189880 	 -0.023457 	 0.007507
19.303459 	 4.159485 	 0.021028 	 0.028656
19.254062 	 4.266602 	 0.007031 	 0.040955
19.213728 	 4.145813 	 -0.004218 	 0.029266
19.164331 	 4.157623 	 0.004144 	 0.028320
19.116747 	 4.211365 	 0.008810 	 0.036865
19.072334 	 4.284637 	 -0.028709 	 0.002808
19.024750 	 4.238861 	 -0.022360 	 -0.018005
18.977618 	 4.101624 	 0.015904 	 0.012848
18.933206 	 4.180054 	 -0.014349 	 0.010101
18.885168 	 4.153229 	 0.005859 	 0.017853
18.838943 	 4.197510 	 0.021998 	 0.046417
18.792719 	 4.169586 	 -0.004155 	 0.037109
18.748306 	 4.155334 	 -0.015489 	 0.010773
18.701175 	 4.200897 	 -0.012634 	 -0.001984
18.654950 	 4.231628 	 -0.012464 	 -0.006470
18.608272 	 4.075470 	 0.002748 	 0.007416
18.562047 	 4.179840 	 0.007308 	 0.024597
18.513556 	 4.130707 	 -0.057620 	 -0.032837
18.467331 	 4.254578 	 -0.014605 	 -0.039948
18.422466 	 4.195648 	 0.018919 	 0.009094
18.373975 	 4.135437 	 -0.000245 	 0.024414
18.331375 	 4.186676 	 0.001832 	 0.025574
18.281525 	 4.268646 	 -0.004197 	 0.020020
18.236659 	 4.230896 	 0.013113 	 0.033295
18.190434 	 4.188538 	 -0.038456 	 -0.006165
18.142397 	 4.243561 	 0.012123 	 0.006592
18.098891 	 4.174530 	 -0.022775 	 -0.003479
18.051759 	 4.121979 	 0.018898 	 0.021332
18.002815 	 4.050354 	 0.033204 	 0.064972
17.958856 	 4.214783 	 -0.010962 	 0.043243
17.911272 	 4.279938 	 -0.002898 	 0.024078
17.866406 	 4.224579 	 -0.000383 	 0.022095
17.818369 	 4.261810 	 -0.017002 	 0.005341
17.775316 	 4.238708 	 0.001140 	 0.010345
17.726825 	 4.333771 	 -0.008160 	 0.008423
17.677428 	 4.147552 	 0.028304 	 0.042969
17.632562 	 4.123596 	 0.007606 	 0.051056
17.585431 	 4.240479 	 -0.029870 	 0.007935
17.538300 	 4.118317 	 -0.015457 	 -0.012329
17.493887 	 4.237854 	 -0.014743 	 -0.013733
17.445396 	 4.184479 	 0.014104 	 0.015381
17.399625 	 4.118378 	 -0.017683 	 0.006805
17.354306 	 4.233551 	 -0.004666 	 0.003723
17.308081 	 4.192841 	 -0.010770 	 0.000824
17.261403 	 4.109222 	 -0.004250 	 0.003326
17.212459 	 4.172974 	 -0.023819 	 -0.012390
17.169406 	 4.266479 	 -0.009811 	 -0.012451
17.121368 	 4.110413 	 -0.007041 	 -0.004272
17.071518 	 4.081696 	 -0.004911 	 0.003723
17.026653 	 4.147675 	 0.013667 	 0.026367
16.981787 	 4.207794 	 -0.005422 	 0.023315
16.935562 	 4.200867 	 0.011228 	 0.032745
16.891150 	 4.212402 	 -0.001577 	 0.030151
16.843565 	 4.204468 	 0.006711 	 0.032715
16.794621 	 4.102417 	 -0.000096 	 0.029968
16.750209 	 4.140503 	 -0.033503 	 -0.008118
16.704437 	 4.226166 	 -0.004570 	 -0.008698
16.660025 	 4.168701 	 -0.031095 	 -0.026123
16.609721 	 4.156097 	 -0.005049 	 -0.015961
16.564403 	 4.176208 	 0.005795 	 0.009125
16.517271 	 4.136353 	 0.027537 	 0.047821
16.469687 	 4.119049 	 -0.012783 	 0.031647
16.426634 	 4.303741 	 0.000991 	 0.023163
16.378143 	 4.219604 	 -0.026078 	 -0.003418
16.334184 	 4.178833 	 -0.003888 	 -0.003448
16.286600 	 4.276764 	 -0.025502 	 -0.016968
16.240828 	 4.161804 	 -0.038264 	 -0.044800
16.195963 	 4.155853 	 0.012261 	 -0.010559
16.146565 	 4.207977 	 -0.025801 	 -0.013550
16.101700 	 4.110870 	 -0.017449 	 -0.021027
16.055475 	 4.066681 	 0.017939 	 0.014130
16.010156 	 4.133423 	 0.026429 	 0.053955
15.959399 	 4.252289 	 0.000447 	 0.047516
15.914081 	 4.099457 	 -0.014797 	 0.018890
15.871935 	 4.112579 	 0.003015 	 0.018188
15.823444 	 4.275757 	 -0.029092 	 -0.009583
15.774953 	 4.292816 	 -0.000479 	 -0.002563
15.729634 	 4.162872 	 -0.006807 	 0.002563
15.683409 	 4.309692 	 -0.020453 	 -0.010406
15.637637 	 4.266632 	 -0.010727 	 -0.011444
15.591866 	 4.138702 	 -0.019228 	 -0.016479
15.543828 	 4.237976 	 -0.018120 	 -0.021484
15.495790 	 4.058746 	 -0.008384 	 -0.012085
15.449112 	 4.215515 	 -0.005358 	 -0.001831
15.405153 	 4.155731 	 0.001268 	 0.009216
15.358022 	 4.139435 	 -0.016181 	 0.000183
15.312703 	 4.321625 	 0.004357 	 0.010620
15.266478 	 4.220917 	 -0.010546 	 0.007416
15.218440 	 4.184509 	 0.007244 	 0.019318
15.173575 	 4.187286 	 -0.011196 	 0.012146
15.125537 	 4.345276 	 0.007169 	 0.022217
15.079765 	 4.285187 	 -0.024831 	 -0.000580
15.034900 	 4.169647 	 -0.011324 	 -0.009155
14.986862 	 4.309723 	 -0.020347 	 -0.017609
14.941997 	 4.069672 	 -0.015670 	 -0.019897
14.893959 	 4.333527 	 0.006807 	 0.003906
14.848187 	 4.198853 	 0.006104 	 0.023224
14.801509 	 4.228516 	 0.002152 	 0.028656
14.755737 	 4.295776 	 -0.017843 	 0.007385
14.707246 	 4.226654 	 0.004847 	 0.012543
14.660115 	 4.124817 	 -0.007638 	 0.013855
14.614796 	 4.308655 	 -0.010248 	 0.005493
14.566759 	 4.192627 	 -0.000021 	 0.010406
14.520987 	 4.178711 	 -0.021763 	 -0.006287
14.473402 	 4.193787 	 -0.001150 	 -0.000244
14.429897 	 4.208435 	 0.002983 	 0.015137
14.381859 	 4.041382 	 0.009268 	 0.030487
14.336087 	 4.117706 	 0.014275 	 0.045776
14.288956 	 4.189575 	 0.006637 	 0.045715
14.245450 	 4.200775 	 -0.019793 	 0.015381
14.199225 	 4.164398 	 0.025257 	 0.038422
14.152094 	 4.140686 	 -0.007361 	 0.032867
14.104056 	 4.225586 	 -0.015915 	 0.008270
14.058737 	 4.083801 	 -0.031021 	 -0.022583
14.012965 	 4.179535 	 -0.023713 	 -0.034180
13.965834 	 4.052734 	 -0.019143 	 -0.032257
13.922781 	 4.290039 	 0.012208 	 0.002991
13.875650 	 4.044739 	 -0.015020 	 0.003052
13.828065 	 4.107758 	 -0.013039 	 -0.004608
13.780028 	 4.212494 	 0.010013 	 0.016785
13.734256 	 4.262756 	 -0.009822 	 0.013947
13.686218 	 4.225342 	 -0.007318 	 0.006409
13.640900 	 4.140533 	 -0.005997 	 0.006744
13.594675 	 4.166168 	 -0.005316 	 0.006836
13.546184 	 4.095398 	 0.006807 	 0.020844
13.498599 	 4.276550 	 -0.016863 	 0.007385
13.456453 	 4.060150 	 -0.011750 	 -0.002350
13.406149 	 4.120941 	 -0.010045 	 -0.004425
13.360831 	 4.272980 	 0.004698 	 0.012146
13.315512 	 4.126862 	 0.010440 	 0.031250
13.269740 	 4.152618 	 -0.001609 	 0.028656
13.222609 	 4.032715 	 -0.002035 	 0.021515
13.177290 	 4.122498 	 -0.005135 	 0.015564
13.131972 	 4.321472 	 -0.028240 	 -0.011292
13.083934 	 4.138763 	 -0.027196 	 -0.032562
13.040428 	 4.109863 	 -0.022200 	 -0.035583
12.990578 	 4.253387 	 0.003281 	 -0.007996
12.942540 	 4.235596 	 -0.010962 	 -0.001892
12.897221 	 4.200745 	 -0.007308 	 -0.000183
12.849637 	 4.119751 	 -0.016693 	 -0.007751
12.807491 	 4.106476 	 0.001055 	 0.003448
12.759453 	 4.334991 	 -0.012836 	 0.001526
12.711868 	 4.217377 	 -0.006413 	 0.000488
12.664737 	 4.140656 	 0.009598 	 0.022491
12.619418 	 4.144592 	 -0.005486 	 0.020111
12.572740 	 4.243347 	 0.000735 	 0.020111
12.526968 	 4.089691 	 -0.018472 	 0.002686
12.482556 	 4.158630 	 -0.062616 	 -0.058838
12.436331 	 4.246613 	 -0.002876 	 -0.042450
12.388293 	 4.143799 	 0.010504 	 0.004059
12.342522 	 4.149017 	 -0.033023 	 -0.014832
12.294937 	 4.218811 	 0.001832 	 -0.003998
12.248259 	 4.159882 	 -0.016341 	 -0.003387
12.203847 	 4.197083 	 -0.022189 	 -0.018188
12.155356 	 4.178894 	 -0.001971 	 -0.007355
12.110490 	 4.252411 	 0.005326 	 0.014404
12.062906 	 4.144501 	 -0.013241 	 0.007751
12.017134 	 4.129211 	 0.013966 	 0.025452
11.970456 	 4.274628 	 -0.004751 	 0.024445
11.921512 	 4.234589 	 -0.008053 	 0.012512
11.878006 	 4.120697 	 -0.014243 	 -0.000244
11.830421 	 4.314362 	 0.004165 	 0.011047
11.785556 	 4.197510 	 0.016576 	 0.036926
11.737971 	 4.096558 	 -0.024086 	 0.010651
11.689481 	 4.107635 	 0.027015 	 0.035797
11.647787 	 4.227875 	 -0.031787 	 0.005859
11.598390 	 4.165771 	 -0.031106 	 -0.030060
11.553525 	 4.154633 	 0.000213 	 -0.013153
11.505940 	 4.283569 	 -0.011377 	 -0.005005
11.461981 	 4.213470 	 -0.042334 	 -0.039032
11.414850 	 4.110962 	 -0.032203 	 -0.055573
11.367719 	 4.244629 	 -0.009545 	 -0.034546
11.321947 	 4.153595 	 -0.008501 	 -0.015747
11.272096 	 4.327972 	 0.000671 	 0.002533
11.227684 	 4.105286 	 -0.010472 	 0.003082
11.181006 	 4.245758 	 -0.030243 	 -0.021576
11.137047 	 4.217194 	 -0.008639 	 -0.018707
11.091275 	 4.284088 	 -0.017438 	 -0.019073
11.041425 	 4.140320 	 0.012943 	 0.008820
10.997466 	 4.163269 	 0.004677 	 0.027283
10.948521 	 4.146362 	 -0.017417 	 0.008057
10.901843 	 4.172424 	 -0.012762 	 -0.003479
10.855618 	 4.133545 	 0.007148 	 0.013306
10.809846 	 4.180298 	 -0.017140 	 0.002960
10.764075 	 4.099701 	 -0.007872 	 -0.000519
10.716037 	 4.147675 	 -0.005273 	 0.003540
10.670718 	 4.206604 	 -0.014349 	 -0.002472
10.623134 	 4.151672 	 -0.004527 	 0.000000
10.577815 	 4.160583 	 -0.019782 	 -0.009552
10.532043 	 4.209656 	 -0.009609 	 -0.009338
10.484912 	 4.247894 	 0.008522 	 0.012756
10.440047 	 4.209900 	 -0.009406 	 0.011505
10.391556 	 4.165985 	 -0.018397 	 -0.005005
10.346237 	 4.089691 	 -0.011558 	 -0.009888
10.301372 	 4.345428 	 -0.010972 	 -0.007355
10.251974 	 4.161530 	 -0.003483 	 0.000885
10.204390 	 4.118927 	 -0.001289 	 0.009918
10.161790 	 4.217926 	 -0.034088 	 -0.019318
10.111487 	 4.196503 	 -0.018056 	 -0.028290
10.069341 	 4.095551 	 -0.013231 	 -0.019531
10.020850 	 4.157990 	 -0.026387 	 -0.029236
9.973265 	 4.170685 	 -0.025875 	 -0.038605
9.926587 	 4.070709 	 -0.017151 	 -0.033295
9.883081 	 4.199463 	 -0.005039 	 -0.014648
9.836403 	 4.157959 	 -0.015020 	 -0.012451
9.787006 	 4.145752 	 -0.022829 	 -0.023102
9.742140 	 4.271851 	 -0.042153 	 -0.051392
9.695009 	 4.121857 	 0.000969 	 -0.026398
9.651503 	 4.068665 	 -0.013401 	 -0.012299
9.602106 	 4.249725 	 -0.022690 	 -0.022400
9.559506 	 4.197418 	 -0.023606 	 -0.031403
9.509203 	 4.145966 	 -0.020283 	 -0.032196
9.460712 	 4.205627 	 0.028251 	 0.019287
9.418565 	 4.283630 	 -0.025609 	 0.005798
9.371434 	 4.142548 	 -0.016842 	 -0.013092
9.325209 	 4.217834 	 -0.037210 	 -0.039154
9.278984 	 4.132660 	 -0.010855 	 -0.030792
9.230493 	 4.119751 	 -0.032576 	 -0.039276
9.185175 	 4.039490 	 -0.006466 	 -0.024353
9.141216 	 4.198669 	 -0.022211 	 -0.024689
9.093178 	 4.178436 	 -0.019686 	 -0.028595
9.049672 	 4.337891 	 -0.013390 	 -0.022308
8.999368 	 4.141693 	 -0.027857 	 -0.031799
8.956316 	 4.187836 	 0.003334 	 -0.008636
8.906465 	 4.166565 	 0.006285 	 0.017059
8.860240 	 4.235596 	 -0.002514 	 0.019226
8.811296 	 4.105896 	 -0.012006 	 0.008698
8.767790 	 4.319611 	 -0.017438 	 -0.006287
8.723378 	 4.216492 	 -0.020304 	 -0.018463
8.675340 	 4.189972 	 0.001087 	 -0.002167
8.627756 	 4.156494 	 -0.027612 	 -0.016510
8.583797 	 4.141907 	 -0.024118 	 -0.031342
8.534853 	 4.194672 	 -0.032384 	 -0.045013
8.489534 	 4.238586 	 -0.037465 	 -0.060638
8.444669 	 3.651001 	 -0.221607 	 -0.261963
8.397084 	 4.267273 	 -0.010386 	 -0.204834
8.349500 	 4.207581 	 -0.017524 	 -0.101562
8.306447 	 4.081390 	 -0.012922 	 -0.054779
8.257956 	 4.115021 	 -0.005987 	 -0.023865
8.211731 	 4.167664 	 -0.047404 	 -0.050720
8.166412 	 4.104523 	 -0.032789 	 -0.064117
8.119281 	 4.138977 	 -0.067239 	 -0.099487
8.070337 	 4.237854 	 -0.001523 	 -0.061157
8.025018 	 4.105804 	 -0.023755 	 -0.040344
7.978793 	 4.225616 	 -0.036070 	 -0.053070
7.931662 	 4.020966 	 -0.015414 	 -0.042450
7.887250 	 4.068542 	 -0.037977 	 -0.051544
7.836040 	 4.172546 	 -0.010962 	 -0.039337
7.794800 	 4.103577 	 0.006988 	 -0.003540
7.745403 	 4.123535 	 -0.005348 	 0.010315
7.697365 	 4.232208 	 -0.010301 	 0.002930
7.652953 	 4.105591 	 -0.027718 	 -0.019196
7.604915 	 4.189636 	 -0.017673 	 -0.026031
7.561409 	 4.138947 	 -0.018653 	 -0.026489
7.513371 	 4.238708 	 -0.027825 	 -0.036621
7.468506 	 4.232574 	 -0.023255 	 -0.039001
7.422281 	 4.222473 	 -0.027739 	 -0.042603
7.376056 	 4.105225 	 -0.028581 	 -0.046967
7.328471 	 4.203247 	 0.008533 	 -0.010925
7.281793 	 4.184509 	 -0.020410 	 -0.011261
7.234209 	 4.154510 	 -0.034930 	 -0.037994
7.189343 	 4.111115 	 -0.003004 	 -0.020081
7.142665 	 4.104919 	 -0.025662 	 -0.025116
7.102785 	 4.181305 	 -0.016938 	 -0.026855
7.057466 	 4.169708 	 -0.041790 	 -0.050629
7.005803 	 4.251770 	 -0.036943 	 -0.065460
6.962750 	 4.152039 	 -0.005923 	 -0.038177
6.916072 	 4.141632 	 -0.016842 	 -0.024353
6.869847 	 4.144043 	 -0.037657 	 -0.044128
6.824075 	 4.021698 	 -0.052518 	 -0.077148
6.776491 	 4.160645 	 -0.043953 	 -0.088409
6.727547 	 4.219666 	 -0.023478 	 -0.068573
6.684041 	 4.225525 	 -0.044720 	 -0.074585
6.636003 	 4.087372 	 -0.020975 	 -0.061310
6.592044 	 4.168518 	 -0.035612 	 -0.060333
6.542647 	 4.239532 	 -0.038509 	 -0.068726
6.498235 	 4.269745 	 -0.023979 	 -0.058380
6.447478 	 4.231781 	 -0.039042 	 -0.064362
6.405785 	 4.022858 	 -0.020229 	 -0.054474
6.358653 	 4.154755 	 -0.037593 	 -0.059418
6.311975 	 4.099701 	 -0.020773 	 -0.051147
6.268469 	 4.236816 	 -0.056704 	 -0.078400
6.222244 	 4.249817 	 -0.053540 	 -0.102386
6.174207 	 4.259766 	 -0.051399 	 -0.107910
6.126169 	 4.309631 	 -0.059122 	 -0.118073
6.081303 	 4.135437 	 -0.025779 	 -0.091064
6.032359 	 4.157471 	 -0.040587 	 -0.081726
5.987494 	 4.196930 	 -0.047766 	 -0.091217
5.942628 	 4.258057 	 -0.033641 	 -0.083313
5.892778 	 3.997894 	 -0.069711 	 -0.111053
5.848366 	 4.109528 	 -0.054605 	 -0.122589
5.801234 	 4.180298 	 -0.038477 	 -0.105194
5.752744 	 4.061615 	 -0.070776 	 -0.124298
5.706972 	 4.147552 	 -0.060337 	 -0.136078
5.661200 	 4.204498 	 -0.018813 	 -0.092041
5.614975 	 4.188538 	 -0.026280 	 -0.064117
5.569203 	 4.088135 	 -0.041588 	 -0.071228
5.523885 	 4.102814 	 -0.064917 	 -0.104675
5.474940 	 4.117706 	 -0.057652 	 -0.120667
5.431435 	 4.223633 	 -0.028666 	 -0.094543
5.385663 	 4.201691 	 -0.081035 	 -0.125641
5.335359 	 4.099609 	 -0.038680 	 -0.116913
5.290494 	 4.099762 	 -0.045306 	 -0.102295
5.244269 	 4.277252 	 -0.058345 	 -0.113190
5.198497 	 4.222748 	 -0.066600 	 -0.133514
5.148647 	 4.016113 	 -0.057364 	 -0.134552
5.102875 	 4.138000 	 -0.064172 	 -0.137787
5.057556 	 4.138947 	 -0.039436 	 -0.116638
5.014503 	 4.115356 	 -0.058813 	 -0.116547
4.966466 	 4.135437 	 -0.057151 	 -0.123871
4.920241 	 4.239319 	 -0.065588 	 -0.136108
4.873563 	 4.162781 	 -0.041652 	 -0.119507
4.826431 	 4.098297 	 -0.043399 	 -0.103760
4.780206 	 4.064423 	 -0.063927 	 -0.120056
4.733075 	 4.142975 	 -0.046456 	 -0.116486
4.685944 	 4.310791 	 -0.045178 	 -0.105377
4.641078 	 4.090942 	 -0.061903 	 -0.119659
4.596213 	 4.175690 	 -0.066547 	 -0.137177
4.549081 	 4.213745 	 -0.054137 	 -0.132965
4.504216 	 4.199768 	 -0.084518 	 -0.157501
4.457085 	 4.139771 	 -0.103352 	 -0.200531
4.409047 	 4.076691 	 -0.067122 	 -0.189697
4.361009 	 4.054352 	 -0.044006 	 -0.145813
4.317050 	 4.072571 	 -0.057301 	 -0.131592
4.269466 	 4.189575 	 -0.069924 	 -0.143646
4.223241 	 4.189514 	 -0.084625 	 -0.169189
4.175203 	 4.199554 	 -0.078286 	 -0.180267
4.130338 	 3.987915 	 -0.092529 	 -0.197662
4.083659 	 4.186859 	 -0.046999 	 -0.162872
4.040154 	 4.243805 	 -0.092167 	 -0.175995
3.991663 	 4.137604 	 -0.076294 	 -0.184509
3.947704 	 4.173431 	 -0.064140 	 -0.167755
3.900572 	 4.046539 	 -0.080012 	 -0.174316
3.853441 	 4.117737 	 -0.097962 	 -0.201416
3.806763 	 4.190918 	 -0.083261 	 -0.205750
3.760991 	 4.199677 	 -0.078521 	 -0.196198
3.712500 	 4.173309 	 -0.078446 	 -0.189819
3.667635 	 4.090851 	 -0.072331 	 -0.180450
3.620956 	 4.112488 	 -0.095054 	 -0.196167
3.573825 	 4.130554 	 -0.118223 	 -0.238617
3.527147 	 4.216949 	 -0.084539 	 -0.232391
3.480016 	 4.095642 	 -0.093253 	 -0.224548
3.436057 	 4.062744 	 -0.067303 	 -0.197327
3.391191 	 4.234344 	 -0.060124 	 -0.167114
3.343153 	 4.217682 	 -0.104779 	 -0.197693
3.296022 	 4.044891 	 -0.098729 	 -0.222260
3.248438 	 4.157562 	 -0.107496 	 -0.239746
3.204025 	 4.150635 	 -0.105504 	 -0.248535
3.154175 	 4.069183 	 -0.123549 	 -0.270294
3.111575 	 4.239380 	 -0.115805 	 -0.281097
3.061272 	 4.205841 	 -0.106931 	 -0.273315
3.016406 	 4.141022 	 -0.101094 	 -0.259277
2.970181 	 4.122406 	 -0.121962 	 -0.273315
2.922597 	 3.999695 	 -0.092113 	 -0.257294
2.876372 	 4.153656 	 -0.083698 	 -0.229004
2.831506 	 4.122620 	 -0.109722 	 -0.240631
2.783469 	 4.132477 	 -0.082675 	 -0.227997
2.736337 	 4.124451 	 -0.100636 	 -0.229706
2.692831 	 4.120972 	 -0.110905 	 -0.248230
2.646153 	 4.167603 	 -0.115230 	 -0.265656
2.599475 	 4.188660 	 -0.110052 	 -0.270813
2.555516 	 4.225464 	 -0.107293 	 -0.267029
2.504759 	 3.742371 	 -0.464615 	 -0.636566
2.460347 	 3.623108 	 -0.396417 	 -0.875214
2.413669 	 3.606232 	 -0.361711 	 -0.918121
2.365631 	 3.697632 	 -0.380204 	 -0.943604
2.321672 	 3.681549 	 -0.377221 	 -0.960419
2.274994 	 3.733185 	 -0.355894 	 -0.946838
2.228769 	 3.710266 	 -0.342973 	 -0.916016
2.179825 	 3.625366 	 -0.318525 	 -0.873291
2.133600 	 3.720367 	 -0.345529 	 -0.872986
2.090094 	 3.661316 	 -0.289432 	 -0.824707
2.042963 	 3.722565 	 -0.329508 	 -0.822662
1.993565 	 3.791077 	 -0.333737 	 -0.842133
1.949153 	 3.724762 	 -0.319547 	 -0.836914
1.904288 	 3.740265 	 -0.298466 	 -0.807556
1.853531 	 3.627838 	 -0.300777 	 -0.788605
1.809572 	 3.687469 	 -0.276788 	 -0.755890
1.764253 	 3.660797 	 -0.317087 	 -0.773499
1.715762 	 3.682190 	 -0.301587 	 -0.780792
1.672256 	 3.802124 	 -0.322083 	 -0.800171
1.624219 	 3.683350 	 -0.301576 	 -0.795135
1.578447 	 3.727295 	 -0.279675 	 -0.761383
1.533128 	 3.739380 	 -0.283062 	 -0.741333
1.484184 	 3.661377 	 -0.260713 	 -0.711456
1.439319 	 3.684357 	 -0.286077 	 -0.715576
1.392641 	 3.773499 	 -0.267062 	 -0.707672
1.346416 	 3.694397 	 -0.281017 	 -0.710266
1.299738 	 3.640106 	 -0.282210 	 -0.718567
1.253966 	 3.686493 	 -0.311973 	 -0.753265
1.206381 	 3.553314 	 -0.316075 	 -0.784668
1.159703 	 3.537140 	 -0.294535 	 -0.779297
1.111665 	 3.616241 	 -0.318834 	 -0.792389
1.067253 	 3.736969 	 -0.236915 	 -0.722565
1.019669 	 3.676178 	 -0.242838 	 -0.664429
0.976616 	 3.566559 	 -0.314221 	 -0.716614
0.930391 	 3.644379 	 -0.276553 	 -0.728790
0.880994 	 3.529999 	 -0.264271 	 -0.706879
0.834769 	 3.621887 	 -0.274721 	 -0.701172
0.788091 	 3.683746 	 -0.242880 	 -0.670166
0.741866 	 3.379242 	 -0.286077 	 -0.688812
0.697906 	 3.574738 	 -0.248590 	 -0.675049
0.648962 	 3.439178 	 -0.271653 	 -0.677368
0.602284 	 3.429718 	 -0.254609 	 -0.671997
0.557872 	 3.514465 	 -0.161728 	 -0.564331
0.514366 	 3.434296 	 -0.182032 	 -0.498932
0.466328 	 3.424103 	 -0.181233 	 -0.478241
0.420557 	 3.266113 	 -0.141978 	 -0.427521
0.371159 	 3.254517 	 -0.040011 	 -0.282745
0.325841 	 3.547913 	 -0.154836 	 -0.295776
0.277803 	 3.315796 	 -0.137739 	 -0.329315
0.231578 	 3.197296 	 -0.079447 	 -0.275787
0.187166 	 3.258789 	 -0.018269 	 -0.164673
0.139581 	 2.921082 	 0.158799 	 0.094269
0.090637 	 2.742096 	 0.178613 	 0.302521
0.045319 	 2.761719 	 0.097344 	 0.320404
0.000000 	 2.013611 	 0.322242 	 0.531158
0.046225 	 2.807007 	 0.103980 	 0.488159
0.093356 	 2.427032 	 0.307723 	 0.594818
0.140034 	 2.770660 	 0.142745 	 0.552399
0.187166 	 2.962891 	 0.006796 	 0.325653
0.231578 	 3.205597 	 -0.010535 	 0.150879
0.276897 	 3.285889 	 -0.023617 	 0.053131
0.326294 	 3.347412 	 -0.095149 	 -0.070984
0.374332 	 3.300140 	 -0.064534 	 -0.124451
0.417384 	 3.338135 	 -0.121121 	 -0.195099
0.465875 	 3.444244 	 -0.168163 	 -0.299255
0.511194 	 3.458099 	 -0.201292 	 -0.400024
0.556512 	 3.562164 	 -0.174171 	 -0.429443
0.601831 	 3.540680 	 -0.175385 	 -0.433929
0.648962 	 3.357300 	 -0.177271 	 -0.439697
0.696094 	 3.499939 	 -0.196872 	 -0.465424
0.741412 	 3.556213 	 -0.202688 	 -0.489594
0.789903 	 3.601349 	 -0.225730 	 -0.526093
0.834769 	 3.739166 	 -0.221309 	 -0.548065
0.882353 	 3.680328 	 -0.285491 	 -0.622589
0.927672 	 3.665527 	 -0.257975 	 -0.655457
0.975710 	 3.646576 	 -0.236531 	 -0.634399
1.019669 	 3.564117 	 -0.250273 	 -0.630798
1.065894 	 3.509308 	 -0.268042 	 -0.654968
1.112119 	 3.512695 	 -0.296112 	 -0.702606
1.158797 	 3.625488 	 -0.271110 	 -0.708496
1.207288 	 3.641052 	 -0.287653 	 -0.717896
1.253059 	 3.628387 	 -0.294652 	 -0.735901
1.297472 	 3.651550 	 -0.327878 	 -0.782410
1.348228 	 3.700134 	 -0.309907 	 -0.798309
1.390828 	 3.758820 	 -0.297773 	 -0.785919
1.437959 	 3.700470 	 -0.231972 	 -0.705627
1.484184 	 3.733276 	 -0.249038 	 -0.662811
1.532675 	 3.670624 	 -0.270290 	 -0.670410
1.576634 	 3.798157 	 -0.282444 	 -0.696075
1.626485 	 3.807434 	 -0.281837 	 -0.712708
1.669991 	 3.660645 	 -0.311654 	 -0.750000
1.718935 	 3.818909 	 -0.310834 	 -0.778107
1.764253 	 3.781403 	 -0.307457 	 -0.787170
1.810025 	 3.816254 	 -0.273656 	 -0.754608
1.855797 	 3.651398 	 -0.313603 	 -0.767334
1.902475 	 3.785156 	 -0.311888 	 -0.787415
1.949153 	 3.810425 	 -0.333087 	 -0.818024
1.998550 	 3.855469 	 -0.341151 	 -0.849030
2.039790 	 3.664276 	 -0.325534 	 -0.849670
2.089188 	 3.746582 	 -0.335494 	 -0.854584
2.134506 	 3.693329 	 -0.336847 	 -0.863281
2.180731 	 3.770386 	 -0.338690 	 -0.869446
2.227409 	 3.662476 	 -0.367026 	 -0.902405
2.275900 	 3.726074 	 -0.364225 	 -0.926056
2.322125 	 3.659760 	 -0.376731 	 -0.949310
2.367897 	 3.671112 	 -0.403927 	 -0.991608
2.413216 	 3.675446 	 -0.366962 	 -0.982574
2.461707 	 3.605591 	 -0.391154 	 -0.988800
2.505666 	 3.632538 	 -0.383698 	 -0.994507
2.552344 	 3.730377 	 -0.387991 	 -0.997559
2.599928 	 3.823151 	 -0.396854 	 -1.010498
2.643887 	 3.733551 	 -0.381279 	 -1.004150
2.692831 	 3.636292 	 -0.386062 	 -1.002014
2.737697 	 3.741333 	 -0.413781 	 -1.030609
2.784828 	 3.583771 	 -0.440647 	 -1.083313
2.829240 	 3.610504 	 -0.427661 	 -1.102875
2.875919 	 3.616364 	 -0.411853 	 -1.089783
2.925316 	 3.660553 	 -0.404811 	 -1.071259
2.971994 	 3.638306 	 -0.396364 	 -1.050201
3.017313 	 3.550415 	 -0.429408 	 -1.072754
3.063538 	 3.826385 	 -0.408689 	 -1.074127
3.110216 	 3.552490 	 -0.430335 	 -1.088959
3.155534 	 3.613159 	 -0.416604 	 -1.090912
3.202666 	 3.597382 	 -0.405014 	 -1.072937
3.246625 	 3.432648 	 -0.445643 	 -1.103577
3.295569 	 3.606415 	 -0.462154 	 -1.151062
3.339075 	 3.611389 	 -0.444386 	 -1.159241
3.386659 	 3.659515 	 -0.436354 	 -1.148682
3.436057 	 3.572388 	 -0.435469 	 -1.139343
3.483188 	 3.638947 	 -0.454207 	 -1.154572
3.527147 	 3.640350 	 -0.456125 	 -1.171387
3.573372 	 3.619385 	 -0.460471 	 -1.183929
3.620503 	 3.612000 	 -0.448562 	 -1.179169
3.667635 	 3.650635 	 -0.426606 	 -1.148468
3.713406 	 3.583771 	 -0.422633 	 -1.123260
3.758272 	 3.637207 	 -0.432071 	 -1.118134
3.807216 	 3.636414 	 -0.412385 	 -1.099457
3.852081 	 3.639893 	 -0.390963 	 -1.062164
3.900119 	 3.778107 	 -0.392081 	 -1.038422
3.944531 	 3.797516 	 -0.403437 	 -1.039673
3.991663 	 3.798065 	 -0.378382 	 -1.017578
4.036528 	 3.613220 	 -0.382568 	 -1.002106
4.085019 	 3.971649 	 -0.209133 	 -0.815338
4.129884 	 4.193756 	 -0.021327 	 -0.466095
4.177016 	 4.270203 	 -0.008884 	 -0.221161
4.224147 	 4.263184 	 -0.001300 	 -0.097229
4.270372 	 4.075775 	 -0.022104 	 -0.059235
4.314784 	 4.039246 	 -0.008298 	 -0.035919
4.362369 	 4.200897 	 -0.008980 	 -0.019165
4.408594 	 4.171783 	 -0.008916 	 -0.012054
4.457085 	 4.188782 	 -0.015915 	 -0.015076
4.503310 	 4.255920 	 -0.023745 	 -0.026642
4.548628 	 4.189758 	 -0.022658 	 -0.033325
4.594853 	 4.204773 	 0.014807 	 0.003143
4.641531 	 4.231659 	 -0.026035 	 -0.008575
4.687756 	 4.123077 	 0.008916 	 0.005188
4.733981 	 4.152283 	 -0.038488 	 -0.022736
4.778847 	 4.131378 	 -0.028166 	 -0.044586
4.827338 	 4.176819 	 -0.000394 	 -0.020447
4.871297 	 4.159973 	 -0.015446 	 -0.013580
4.920241 	 4.057617 	 -0.002493 	 -0.003021
4.967825 	 4.102509 	 -0.044805 	 -0.036316
5.014050 	 4.171753 	 -0.051953 	 -0.076111
5.059822 	 4.216705 	 -0.067069 	 -0.113098
5.109673 	 4.195557 	 -0.012293 	 -0.079041
5.151366 	 4.228699 	 -0.037050 	 -0.067261
5.196231 	 4.066620 	 -0.040267 	 -0.076324
5.244269 	 4.232300 	 -0.035995 	 -0.075775
5.292307 	 4.115479 	 -0.015361 	 -0.052765
5.336266 	 4.210876 	 -0.031542 	 -0.050903
5.386116 	 4.089539 	 -0.022775 	 -0.047699
5.427809 	 4.205139 	 -0.035985 	 -0.056580
5.476300 	 4.287750 	 -0.062957 	 -0.093414
5.524791 	 4.222626 	 -0.031170 	 -0.088623
5.567390 	 4.176819 	 -0.002109 	 -0.042358
5.617241 	 4.270538 	 -0.040310 	 -0.051147
5.662106 	 4.187592 	 -0.029487 	 -0.059143
5.706519 	 4.153534 	 -0.024320 	 -0.052490
5.753197 	 4.200043 	 -0.019665 	 -0.041748
5.801234 	 4.129486 	 -0.038989 	 -0.055573
5.848366 	 4.149048 	 -0.035015 	 -0.065613
5.893231 	 4.201324 	 -0.002344 	 -0.034088
5.940816 	 4.156097 	 -0.027367 	 -0.032227
5.991573 	 4.212799 	 -0.034110 	 -0.049133
6.035078 	 4.340607 	 0.001172 	 -0.022034
6.079037 	 4.167908 	 -0.001374 	 0.000458
6.130701 	 4.146332 	 -0.002280 	 0.007050
6.172394 	 4.171692 	 -0.014008 	 -0.001007
6.216806 	 4.221344 	 -0.017172 	 -0.011932
6.264844 	 4.071411 	 -0.024799 	 -0.026276
6.312881 	 4.190033 	 -0.046968 	 -0.058655
6.359106 	 4.199707 	 -0.032693 	 -0.066895
6.403972 	 4.190277 	 0.006274 	 -0.024414
6.452916 	 4.201019 	 -0.013870 	 -0.011444
6.500500 	 4.103912 	 0.014850 	 0.017517
6.545366 	 4.202576 	 -0.029593 	 -0.005341
6.589778 	 4.087494 	 -0.026972 	 -0.029602
6.635097 	 4.210602 	 -0.024757 	 -0.037537
6.686307 	 4.197144 	 -0.031883 	 -0.048126
6.730719 	 4.159393 	 0.006381 	 -0.015778
6.774225 	 4.199005 	 -0.011590 	 -0.004364
6.823169 	 4.135590 	 -0.015073 	 -0.010986
6.871207 	 4.177460 	 0.007254 	 0.009003
6.916072 	 4.180359 	 -0.016149 	 0.002380
6.960937 	 4.118622 	 -0.018109 	 -0.011902
7.005803 	 4.095673 	 -0.008064 	 -0.008850
7.054294 	 4.218109 	 -0.019462 	 -0.015533
7.100972 	 4.102325 	 -0.027058 	 -0.030701
7.142665 	 4.141541 	 -0.020762 	 -0.034363
7.190703 	 4.174652 	 -0.044475 	 -0.058075
7.234662 	 4.113098 	 -0.017406 	 -0.049469
7.281793 	 4.224945 	 -0.009268 	 -0.026031
7.324393 	 4.175507 	 -0.020858 	 -0.026184
7.371977 	 4.293854 	 -0.027494 	 -0.037048
7.421828 	 4.084625 	 -0.025098 	 -0.041931
7.468053 	 4.069855 	 -0.029614 	 -0.046570
7.515184 	 4.203278 	 -0.004080 	 -0.024078
7.560956 	 4.147491 	 -0.022147 	 -0.023254
7.606274 	 4.226074 	 -0.007425 	 -0.014343
7.653859 	 4.164673 	 -0.001992 	 0.000702
7.700084 	 4.201172 	 -0.035846 	 -0.026398
7.746762 	 4.175018 	 -0.025715 	 -0.040894
7.791174 	 4.219849 	 -0.004591 	 -0.021179
7.840118 	 4.093719 	 -0.004368 	 -0.002319
7.887703 	 4.181580 	 0.019888 	 0.029388
7.931662 	 4.195129 	 -0.013710 	 0.019135
7.977887 	 4.099487 	 -0.017332 	 -0.003052
8.025471 	 4.200714 	 -0.039042 	 -0.036011
8.071696 	 4.274811 	 -0.029082 	 -0.049042
8.114296 	 4.343475 	 0.019111 	 -0.000916
8.166412 	 4.203674 	 -0.051282 	 -0.033600
8.211278 	 4.279358 	 -0.033034 	 -0.057922
8.254330 	 4.259521 	 -0.023074 	 -0.050812
8.302821 	 4.270508 	 -0.040427 	 -0.062836
8.348140 	 4.226532 	 -0.014413 	 -0.046570
8.395271 	 4.084442 	 0.003196 	 -0.011200
8.441949 	 4.115204 	 -0.011526 	 -0.006226
8.486815 	 4.215485 	 -0.002834 	 0.001953
8.537572 	 4.251709 	 -0.033641 	 -0.022980
8.581078 	 4.304718 	 -0.022797 	 -0.035461
8.627756 	 4.162323 	 -0.002546 	 -0.014343
8.673528 	 4.218536 	 0.006946 	 0.011261
8.722018 	 4.115295 	 -0.040501 	 -0.022003
8.767790 	 4.140625 	 -0.014850 	 -0.029938
8.811749 	 4.145660 	 -0.004719 	 -0.012482
8.860240 	 4.193512 	 -0.030019 	 -0.026031
8.905106 	 4.244476 	 -0.020773 	 -0.033051
8.953143 	 4.192291 	 -0.012602 	 -0.023743
8.998915 	 4.065338 	 0.001268 	 -0.002472
9.043327 	 4.207794 	 -0.034142 	 -0.023895
9.092271 	 4.172791 	 0.000607 	 -0.011810
9.138496 	 4.063782 	 -0.004016 	 0.001892
9.182002 	 4.201630 	 -0.022307 	 -0.011810
9.230946 	 4.237213 	 -0.056033 	 -0.061829
9.274905 	 4.056152 	 -0.012549 	 -0.050751
9.325662 	 4.252594 	 0.006317 	 -0.008514
9.368262 	 4.251740 	 -0.039479 	 -0.030396
9.417206 	 4.115601 	 -0.020986 	 -0.040527
9.466603 	 4.247528 	 -0.025407 	 -0.040649
9.510109 	 4.209473 	 0.002354 	 -0.013245
9.557240 	 4.215607 	 0.001278 	 0.008728
9.604372 	 4.321167 	 0.002951 	 0.019104
9.650597 	 4.159790 	 -0.001225 	 0.020233
9.696368 	 4.150330 	 -0.000224 	 0.020813
9.742593 	 4.129333 	 -0.024746 	 -0.004303
9.790631 	 4.068756 	 -0.032895 	 -0.033569
9.838216 	 4.149384 	 0.014434 	 -0.000916
9.880815 	 4.149658 	 -0.000959 	 0.016510
9.928853 	 4.266174 	 -0.003910 	 0.015289
9.973718 	 4.135559 	 -0.020421 	 -0.005432
10.019943 	 4.233490 	 0.004591 	 0.006409
10.068434 	 4.325714 	 -0.022690 	 -0.006775
10.116019 	 4.172485 	 -0.012346 	 -0.011780
10.160431 	 4.268341 	 0.020006 	 0.022858
10.208922 	 4.050781 	 -0.000650 	 0.030090
10.252881 	 3.988098 	 -0.022690 	 0.002686
10.300919 	 4.159729 	 -0.010248 	 -0.005798
10.347144 	 4.182465 	 -0.003611 	 0.002502
10.392009 	 4.211639 	 -0.011420 	 -0.000061
10.438687 	 4.254181 	 -0.026546 	 -0.020386
10.487631 	 4.222412 	 0.034163 	 0.028320
10.532497 	 4.237946 	 0.017588 	 0.057770
10.579628 	 4.167725 	 -0.027058 	 0.016876
10.625853 	 4.208099 	 -0.049556 	 -0.043335
10.671172 	 4.098877 	 -0.029039 	 -0.056915
10.717397 	 4.240479 	 -0.012804 	 -0.037628
10.761356 	 4.206604 	 0.012709 	 0.003784
10.811659 	 4.101898 	 -0.001033 	 0.017242
10.856071 	 4.235321 	 -0.022445 	 -0.004395
10.901843 	 4.217712 	 0.003132 	 0.005554
10.949881 	 4.008698 	 0.013721 	 0.029266
10.995200 	 4.353149 	 -0.017747 	 0.011871
11.045503 	 4.165680 	 -0.042813 	 -0.034180
11.088103 	 4.179626 	 -0.034142 	 -0.055573
11.133875 	 4.010468 	 -0.036017 	 -0.063446
11.180099 	 4.071503 	 -0.013603 	 -0.044922
11.229044 	 4.142426 	 -0.008948 	 -0.022919
11.272096 	 4.206207 	 0.005124 	 0.003876
11.318321 	 4.209930 	 0.021082 	 0.038086
11.366359 	 4.232483 	 0.009396 	 0.048065
11.413037 	 4.229553 	 -0.011718 	 0.025299
11.458356 	 4.176025 	 -0.010844 	 0.007996
11.506847 	 4.203857 	 0.011398 	 0.023590
11.551712 	 4.106781 	 -0.001108 	 0.026154
11.598390 	 4.223877 	 0.007329 	 0.031097
11.644615 	 4.215363 	 -0.040448 	 -0.012787
11.693559 	 4.209717 	 -0.000927 	 -0.009796
11.738878 	 4.108643 	 -0.027771 	 -0.021179
11.787822 	 4.265503 	 0.013529 	 0.006226
11.830875 	 4.206787 	 -0.010408 	 0.010986
11.879366 	 4.235718 	 -0.019090 	 -0.006042
11.927403 	 4.196594 	 -0.010035 	 -0.008728
11.970909 	 4.156281 	 -0.013763 	 -0.009827
12.016681 	 4.134613 	 -0.021231 	 -0.019989
12.062906 	 4.214600 	 -0.004996 	 -0.010132
12.108678 	 4.024628 	 -0.012453 	 -0.006897
12.155809 	 4.219391 	 -0.005113 	 -0.001251
12.200674 	 4.163483 	 -0.021188 	 -0.011932
12.251431 	 4.123962 	 0.016618 	 0.015411
12.294937 	 4.197510 	 -0.017215 	 0.007263
12.339803 	 4.128052 	 0.015052 	 0.023804
12.387840 	 4.159821 	 -0.005049 	 0.024323
12.434065 	 4.200958 	 0.004623 	 0.026367
12.482556 	 4.321381 	 -0.003121 	 0.023651
12.526968 	 4.156464 	 0.007531 	 0.029053
12.573193 	 4.270599 	 -0.028933 	 -0.000854
12.623044 	 4.143799 	 -0.034312 	 -0.034180
12.667909 	 4.317963 	 0.003665 	 -0.013947
12.712775 	 4.223877 	 -0.012496 	 -0.003021
12.760359 	 4.010681 	 -0.022541 	 -0.017487
12.803412 	 4.257599 	 -0.001470 	 -0.005890
12.850543 	 4.090454 	 -0.023670 	 -0.015747
12.898128 	 4.209869 	 0.010653 	 0.007111
12.942087 	 4.229431 	 -0.022978 	 -0.004303
12.992390 	 4.192322 	 -0.017364 	 -0.017487
13.038162 	 4.171661 	 0.023276 	 0.021606
13.085747 	 4.156555 	 -0.018631 	 0.011414
13.130612 	 4.213715 	 0.009811 	 0.019562
13.179103 	 4.046204 	 0.005188 	 0.031616
13.225328 	 4.329865 	 -0.015212 	 0.012238
13.269740 	 4.188629 	 0.030211 	 0.042297
13.315965 	 4.201477 	 -0.013167 	 0.029846
13.362643 	 4.038513 	 -0.005720 	 0.014801
13.411134 	 4.306885 	 -0.004176 	 0.012756
13.455093 	 4.187592 	 -0.008405 	 0.008118
13.502678 	 4.179932 	 -0.018759 	 -0.006836
13.550262 	 4.203857 	 -0.006647 	 -0.005219
13.596034 	 4.113861 	 -0.021678 	 -0.015106
13.642712 	 4.141724 	 -0.052347 	 -0.057129
13.687125 	 4.192413 	 -0.015297 	 -0.049652
13.736522 	 4.134521 	 0.008053 	 -0.009857
13.778668 	 4.323120 	 0.026280 	 0.038391
13.826253 	 4.181396 	 -0.019175 	 0.020721
13.872025 	 4.243927 	 0.013614 	 0.027710
13.916890 	 4.215820 	 0.013156 	 0.044006
13.966287 	 4.252594 	 -0.000575 	 0.037415
14.013872 	 4.089966 	 0.032768 	 0.064056
14.061003 	 4.166229 	 -0.018727 	 0.035034
14.107228 	 4.263519 	 -0.013209 	 0.008362
14.152094 	 4.226929 	 -0.024107 	 -0.015381
14.197412 	 4.186676 	 0.025833 	 0.022980
14.243637 	 4.127533 	 0.009886 	 0.044403
14.286690 	 4.145447 	 0.002706 	 0.040863
14.337447 	 4.290253 	 -0.028624 	 0.001709
14.384578 	 4.251617 	 0.003910 	 0.006104
14.430803 	 4.149506 	 0.015063 	 0.032959
14.477934 	 4.259033 	 -0.025108 	 0.006805
14.520987 	 4.041779 	 0.014466 	 0.020416
14.566759 	 4.238434 	 0.038637 	 0.068054
14.618422 	 4.160431 	 -0.005465 	 0.051819
14.665100 	 4.140717 	 -0.018781 	 0.014191
14.710419 	 4.065308 	 -0.027803 	 -0.016510
14.756644 	 4.227692 	 0.025002 	 0.020416
14.800603 	 4.383057 	 -0.007872 	 0.023773
14.849094 	 4.195435 	 -0.007840 	 0.012390
14.893959 	 4.232727 	 -0.006402 	 0.008789
14.937465 	 4.111633 	 0.027910 	 0.042969
14.985956 	 4.226532 	 -0.011771 	 0.030151
15.035353 	 4.092133 	 0.005625 	 0.026825
15.079765 	 4.193817 	 -0.010983 	 0.015625
15.126897 	 4.167297 	 -0.007542 	 0.007477
15.173122 	 4.063538 	 -0.025151 	 -0.012939
15.218440 	 4.286774 	 -0.024618 	 -0.027496
15.264665 	 4.122559 	 -0.029700 	 -0.041199
15.313156 	 4.298523 	 -0.008341 	 -0.026215
15.359834 	 4.099518 	 0.015073 	 0.013306
15.404247 	 4.055603 	 0.040725 	 0.067108
15.451378 	 4.261505 	 -0.000149 	 0.059082
15.499869 	 4.201630 	 -0.020272 	 0.017883
15.544734 	 4.130768 	 -0.000192 	 0.011627
15.592319 	 4.085297 	 -0.008011 	 0.010132
15.637184 	 4.129059 	 -0.021518 	 -0.008301
15.683862 	 4.173523 	 -0.000447 	 -0.000397
15.731447 	 4.247681 	 0.012400 	 0.024750
15.776312 	 4.138824 	 -0.004208 	 0.023224
15.823897 	 4.254242 	 0.008810 	 0.031525
15.869669 	 4.186951 	 0.011750 	 0.042969
15.915894 	 4.190430 	 -0.011207 	 0.024750
15.963025 	 4.048676 	 -0.010003 	 0.008423
16.007890 	 4.231903 	 0.009747 	 0.022400
16.055022 	 4.300720 	 -0.008085 	 0.018494
16.102153 	 4.265442 	 0.008852 	 0.026855
16.147472 	 4.292877 	 -0.016927 	 0.011108
16.192790 	 4.235809 	 -0.018908 	 -0.009216
16.241281 	 4.086975 	 0.013508 	 0.015381
16.286600 	 4.174316 	 0.022882 	 0.048096
16.332825 	 4.163818 	 -0.008480 	 0.035187
16.379956 	 4.108643 	 -0.004581 	 0.020447
16.426181 	 4.176239 	 -0.006498 	 0.013611
16.470593 	 4.209595 	 -0.000128 	 0.016449
16.519991 	 4.140625 	 -0.023787 	 -0.005005
16.562590 	 4.094696 	 0.024022 	 0.026398
16.611987 	 4.071442 	 -0.007638 	 0.026398
16.656853 	 4.177551 	 -0.013049 	 0.007782
16.705344 	 4.069672 	 0.005795 	 0.016998
16.748849 	 4.223511 	 -0.001704 	 0.021545
16.795981 	 4.155640 	 0.024000 	 0.046997
16.842206 	 4.060822 	 0.025801 	 0.071838
16.892963 	 4.124359 	 -0.027175 	 0.027222
16.937828 	 4.090576 	 -0.012964 	 -0.000031
16.981787 	 4.125336 	 -0.004581 	 0.002930
17.029825 	 4.216797 	 0.008234 	 0.020203
17.075143 	 4.137360 	 0.008234 	 0.033447
17.122275 	 4.320984 	 -0.010962 	 0.018311
17.168047 	 4.101288 	 -0.005965 	 0.010437
17.216084 	 4.183960 	 -0.010184 	 0.004028
17.262762 	 4.143677 	 0.019185 	 0.030975
17.307628 	 4.184296 	 -0.013955 	 0.020050
17.352946 	 4.287537 	 -0.011846 	 0.003357
17.402797 	 4.298981 	 -0.009854 	 -0.000824
17.447209 	 4.207764 	 -0.012804 	 -0.005219
17.492981 	 4.061615 	 -0.014296 	 -0.009369
17.540565 	 4.196594 	 -0.031223 	 -0.029846
17.588150 	 4.122437 	 -0.012943 	 -0.027374
17.632562 	 4.228241 	 0.027931 	 0.024139
17.681053 	 4.001709 	 -0.015830 	 0.017517
17.727731 	 4.133392 	 -0.030605 	 -0.017853
17.773956 	 4.216614 	 -0.005944 	 -0.015961
17.819728 	 4.085388 	 -0.010578 	 -0.007751
17.865953 	 4.209839 	 0.016533 	 0.022308
17.911725 	 4.112488 	 -0.000341 	 0.028046
17.957043 	 4.112274 	 -0.016661 	 0.007904
18.005534 	 4.184326 	 0.012006 	 0.022461
18.050400 	 4.166412 	 -0.008021 	 0.019592
18.097078 	 4.115967 	 0.008362 	 0.026093
18.142850 	 4.206726 	 -0.008831 	 0.018127
18.190434 	 4.101532 	 -0.004059 	 0.012756
18.235753 	 4.250488 	 0.000021 	 0.016510
18.281071 	 4.128723 	 0.024544 	 0.046234
18.330469 	 4.057678 	 -0.003739 	 0.041260
18.376694 	 4.199707 	 -0.031063 	 -0.003204
18.423372 	 4.182037 	 0.005699 	 0.004578
18.469144 	 4.236084 	 0.015968 	 0.033875
18.514009 	 4.021301 	 -0.040065 	 -0.007690
18.559781 	 4.297852 	 0.000458 	 -0.006134
18.609178 	 4.287415 	 -0.009832 	 0.001160
18.654044 	 4.232574 	 0.033811 	 0.043915
18.700269 	 4.227722 	 -0.012069 	 0.031982
18.746947 	 4.178711 	 -0.004048 	 0.016937
18.794531 	 4.218506 	 -0.022179 	 -0.004211
18.839397 	 4.150574 	 -0.011345 	 -0.009369
18.886075 	 4.200867 	 -0.009641 	 -0.005615
18.936832 	 4.192505 	 0.011547 	 0.018219
18.977618 	 4.078888 	 0.002578 	 0.027374
19.027016 	 4.140686 	 0.000373 	 0.026031
19.071428 	 4.302704 	 0.027324 	 0.052612
19.116293 	 4.078674 	 0.021465 	 0.069611
19.165691 	 4.170776 	 -0.003228 	 0.047485
19.212822 	 4.103485 	 0.010056 	 0.044220
19.258594 	 4.112396 	 0.015510 	 0.054230
19.302553 	 4.182922 	 0.003750 	 0.046906
19.351950 	 4.054718 	 0.004517 	 0.039398
19.398175 	 4.218048 	 0.001033 	 0.033691
19.442134 	 4.309692 	 -0.007649 	 0.019928
19.490172 	 4.039795 	 0.011707 	 0.031158
19.534131 	 4.195740 	 -0.019931 	 0.010498
19.580809 	 4.235626 	 0.011643 	 0.020416
19.627034 	 4.069641 	 0.015936 	 0.043671
19.677338 	 4.270386 	 0.012975 	 0.052246
19.722656 	 4.231659 	 -0.015702 	 0.023804
19.767522 	 4.086517 	 -0.007691 	 0.010132
19.812840 	 4.168610 	 0.005145 	 0.020966
19.862238 	 4.127808 	 -0.003643 	 0.020264
19.909369 	 4.140656 	 0.026866 	 0.048767
19.954234 	 4.085327 	 0.004186 	 0.049316
20.001366 	 4.229370 	 -0.015425 	 0.019562
20.048497 	 4.231750 	 -0.013902 	 0.000610
20.094269 	 4.255615 	 -0.013241 	 -0.007874
20.138681 	 4.148499 	 0.015638 	 0.020020
20.185812 	 4.163239 	 -0.009523 	 0.017487
20.236116 	 4.126770 	 -0.013816 	 0.001373
20.280528 	 4.177521 	 -0.017225 	 -0.010773
20.323581 	 4.218750 	 0.025843 	 0.027649
20.372978 	 4.215454 	 -0.017651 	 0.016724
20.418297 	 4.111755 	 -0.001289 	 0.010895
20.465881 	 4.139496 	 0.021561 	 0.041077
20.512560 	 4.099579 	 0.000629 	 0.040070
20.557878 	 4.207703 	 0.007031 	 0.038055
20.603197 	 4.293701 	 0.019526 	 0.051697
20.653047 	 4.108337 	 0.011185 	 0.054749
20.698819 	 4.113556 	 -0.007020 	 0.035065
20.744591 	 4.164612 	 -0.030115 	 -0.006805
20.789003 	 4.364746 	 -0.019505 	 -0.023254
20.836134 	 4.198242 	 0.007649 	 0.002197
20.882812 	 4.329742 	 0.007606 	 0.024597
20.930850 	 4.188507 	 -0.009428 	 0.015564
20.975716 	 4.192444 	 0.002269 	 0.017944
21.020581 	 4.230804 	 -0.011025 	 0.010040
21.067712 	 4.118622 	 0.019441 	 0.032959
21.113484 	 4.075348 	 -0.003792 	 0.030762
21.161522 	 4.224640 	 -0.003345 	 0.021729
21.207294 	 4.204193 	 0.014679 	 0.036560
21.252612 	 4.229614 	 0.000927 	 0.034851
21.300197 	 4.104736 	 -0.043548 	 -0.015717
21.344609 	 4.046326 	 -0.037029 	 -0.050140
21.392647 	 4.160370 	 0.005294 	 -0.018433
21.439778 	 4.093933 	 -0.011526 	 -0.007111
21.486456 	 4.196381 	 -0.010184 	 -0.004456
21.530415 	 4.163391 	 -0.009023 	 -0.004028
21.576640 	 4.189850 	 -0.016405 	 -0.010376
21.623772 	 4.124542 	 -0.012836 	 -0.011871
21.670903 	 4.103607 	 0.008810 	 0.011414
21.718488 	 4.153107 	 -0.029668 	 -0.010315
21.763353 	 4.107239 	 -0.013848 	 -0.018463
21.810937 	 4.136322 	 -0.004602 	 -0.006500
21.857616 	 4.179047 	 -0.009918 	 -0.002808
21.905653 	 4.189789 	 -0.012783 	 -0.005676
21.949159 	 4.417389 	 0.011910 	 0.018646
21.995837 	 4.207733 	 -0.016064 	 0.008423
22.044328 	 4.234558 	 0.024235 	 0.036499
22.087834 	 4.146606 	 -0.017854 	 0.020660
22.135872 	 4.216553 	 0.027782 	 0.043518
22.181644 	 4.201508 	 0.009065 	 0.053101
22.231041 	 4.164429 	 0.012794 	 0.053284
22.272734 	 4.196899 	 -0.009587 	 0.032410
22.321225 	 4.356415 	 -0.022988 	 -0.000793
22.368810 	 4.237976 	 -0.002386 	 0.001129
22.413222 	 4.222443 	 -0.010663 	 0.000885
22.461259 	 4.243591 	 0.006338 	 0.015076
22.507031 	 4.181427 	 0.026919 	 0.050598

 Z Turning Point (V) = 0.479858 
 Turning Time Delay (ms) = 0 
 SEN (V) =  
 App. Driving Voltage (mVrms) = 0.005000 
 App. Vias. Voltage (V) = 0.000000 
 App. Del Z (Bit) = -10 
 App. Delay Time (ms) = 400 
 App. Velocity (nm/s) = -0.113298 
 Ret. Driving Voltage (mVrms) = 0.005000 
 Ret. Vias. Voltage (V) = 0.000000 
 Ret. Del Z (Bit) = -10 
 Ret. Delay Time (ms) = 400 
 Ret. Velocity (nm/s) = -0.113298 
  
 Data Array Size = 1166 
 Frequency (Hz) = sen.
 
