35.502141 	 4.328705 	 -0.000426 	 0.028595
35.454556 	 4.290131 	 0.010045 	 0.036163
35.411504 	 4.242340 	 -0.006828 	 0.026978
35.363466 	 4.146210 	 -0.007798 	 0.013428
35.317694 	 4.149902 	 -0.000991 	 0.013336
35.269203 	 4.329834 	 0.027292 	 0.046661
35.223885 	 4.230804 	 -0.029039 	 0.014130
35.180379 	 4.154877 	 -0.011920 	 -0.005463
35.130981 	 4.180450 	 -0.008533 	 -0.003601
35.086116 	 4.242218 	 0.023383 	 0.032745
35.039438 	 4.260773 	 -0.003984 	 0.032532
34.989134 	 4.186615 	 -0.015915 	 0.008728
34.944269 	 4.104309 	 0.002099 	 0.013031
34.898044 	 4.275238 	 0.009928 	 0.029694
34.850459 	 4.120758 	 -0.017769 	 0.011078
34.806953 	 4.220551 	 0.005167 	 0.016449
34.760728 	 4.221558 	 -0.045934 	 -0.026398
34.712691 	 4.231689 	 0.013444 	 -0.003723
34.668279 	 4.391296 	 0.003984 	 0.020569
34.618881 	 4.136597 	 0.006285 	 0.030457
34.574016 	 4.308807 	 -0.030946 	 -0.003174
34.526884 	 4.237366 	 0.004591 	 0.003448
34.483832 	 4.195435 	 0.005561 	 0.021973
34.431715 	 4.238617 	 0.001246 	 0.026062
34.386850 	 4.172516 	 -0.001182 	 0.023926
34.339265 	 4.182648 	 0.007052 	 0.028381
34.295306 	 4.242401 	 0.000075 	 0.028412
34.248175 	 4.140442 	 0.018631 	 0.044708
34.204216 	 4.160492 	 0.007244 	 0.048401
34.156178 	 4.055481 	 0.044145 	 0.084320
34.109047 	 4.182831 	 0.043058 	 0.111542
34.063728 	 4.189941 	 0.003835 	 0.084656
34.017050 	 4.186859 	 0.005795 	 0.058868
33.971278 	 4.243500 	 0.001822 	 0.043427
33.923241 	 4.230103 	 0.007063 	 0.040833
33.877469 	 4.213593 	 0.024885 	 0.059326
33.829884 	 4.158020 	 -0.013870 	 0.035461
33.783206 	 4.140533 	 -0.019995 	 0.001740
33.735168 	 4.179565 	 0.010802 	 0.016571
33.689850 	 4.169922 	 0.021007 	 0.046204
33.647704 	 4.264374 	 0.011207 	 0.053955
33.599666 	 4.202728 	 0.017492 	 0.059937
33.553441 	 4.179749 	 0.004559 	 0.053925
33.509029 	 4.163727 	 -0.022168 	 0.016663
33.460538 	 4.046600 	 0.013540 	 0.025299
33.411594 	 4.180573 	 0.004708 	 0.035217
33.368541 	 4.282562 	 0.022328 	 0.054047
33.320503 	 4.079895 	 0.009470 	 0.056305
33.274731 	 4.084473 	 -0.006456 	 0.034912
33.228506 	 4.205536 	 -0.035473 	 -0.011597
33.181828 	 4.118744 	 -0.005092 	 -0.013336
33.136510 	 4.083435 	 -0.001907 	 0.002136
33.089378 	 4.122803 	 0.002205 	 0.015045
33.042247 	 4.144745 	 0.000352 	 0.021057
32.994662 	 4.258850 	 -0.011910 	 0.008575
32.948437 	 4.216766 	 -0.004155 	 0.009277
32.902213 	 4.265778 	 0.018876 	 0.035278
32.854175 	 4.140717 	 0.016000 	 0.053192
32.810216 	 4.259033 	 0.030488 	 0.076019
32.765350 	 4.167450 	 -0.006519 	 0.051758
32.717313 	 4.133667 	 -0.009161 	 0.022797
32.668822 	 4.284515 	 -0.005412 	 0.014069
32.624863 	 4.217804 	 -0.010770 	 0.005859
32.577731 	 4.225586 	 -0.006487 	 0.003784
32.530600 	 4.205353 	 0.034302 	 0.048035
32.483922 	 4.169647 	 0.019803 	 0.069031
32.437244 	 4.222382 	 0.014125 	 0.066071
32.393285 	 4.215424 	 0.027857 	 0.078827
32.347513 	 4.254456 	 -0.013454 	 0.044830
32.300835 	 4.149506 	 0.021742 	 0.049622
32.252797 	 4.092834 	 -0.003824 	 0.040924
32.207478 	 4.223602 	 -0.008874 	 0.022003
32.158534 	 4.166687 	 0.005603 	 0.025665
32.114122 	 4.119476 	 -0.005348 	 0.020691
32.066991 	 4.243896 	 -0.017822 	 0.001434
32.021219 	 4.189423 	 -0.006583 	 -0.001221
31.974088 	 4.281494 	 0.011196 	 0.020996
31.927409 	 4.047791 	 0.003270 	 0.030701
31.880731 	 4.114716 	 -0.000991 	 0.026947
31.835866 	 4.343323 	 0.022349 	 0.046844
31.787375 	 4.140533 	 0.006253 	 0.049530
31.743869 	 4.294250 	 0.016437 	 0.054291
31.694472 	 4.257690 	 0.003547 	 0.047455
31.649606 	 4.242737 	 -0.009641 	 0.025604
31.603835 	 4.284698 	 0.007041 	 0.025574
31.555797 	 4.186859 	 0.010994 	 0.038086
31.509572 	 4.212372 	 0.002418 	 0.036652
31.461534 	 4.317871 	 0.015638 	 0.047119
31.414856 	 4.148560 	 0.011484 	 0.051361
31.369537 	 4.138641 	 -0.003473 	 0.035889
31.323766 	 4.109589 	 -0.011366 	 0.014740
31.276634 	 4.101562 	 -0.000905 	 0.013458
31.229503 	 4.292603 	 0.008735 	 0.027008
31.183731 	 4.145630 	 -0.007020 	 0.021423
31.141132 	 4.208649 	 0.015617 	 0.036255
31.093094 	 4.204071 	 -0.003963 	 0.031219
31.045963 	 4.072754 	 -0.005944 	 0.018829
31.001097 	 4.212494 	 0.032373 	 0.052429
30.955779 	 4.167786 	 0.017417 	 0.068024
30.907288 	 4.147217 	 0.025556 	 0.077362
30.861969 	 4.036682 	 0.001939 	 0.059845
30.814838 	 4.114807 	 -0.011228 	 0.028137
30.766347 	 4.109680 	 -0.002642 	 0.018311
30.719669 	 4.184937 	 0.026014 	 0.046204
30.677522 	 4.114746 	 -0.011292 	 0.031433
30.628578 	 4.242401 	 0.006647 	 0.029205
30.580994 	 4.123718 	 0.007148 	 0.036926
30.535675 	 4.183929 	 -0.006285 	 0.025543
30.489450 	 4.222504 	 0.004346 	 0.026642
30.443225 	 4.162476 	 0.018578 	 0.045746
30.398360 	 4.249084 	 -0.003121 	 0.037506
30.350322 	 4.274597 	 -0.014669 	 0.014587
30.305003 	 4.101318 	 0.002738 	 0.016998
30.256512 	 4.152985 	 -0.010546 	 0.010498
30.213460 	 4.156647 	 -0.027516 	 -0.015289
30.165422 	 4.179626 	 0.011824 	 0.007233
30.116478 	 4.250427 	 0.003760 	 0.024658
30.072519 	 4.156769 	 0.006157 	 0.031921
30.026747 	 4.291168 	 -0.009513 	 0.019867
29.977350 	 4.113617 	 0.003505 	 0.021515
29.932031 	 4.206726 	 0.017385 	 0.042480
29.885806 	 4.108582 	 0.004144 	 0.043549
29.838675 	 4.223694 	 -0.004559 	 0.029358
29.794263 	 4.181549 	 -0.007894 	 0.016327
29.747585 	 4.203217 	 -0.012091 	 0.004456
29.701360 	 4.295746 	 0.018376 	 0.029205
29.656494 	 4.148682 	 0.003238 	 0.036865
29.608910 	 4.224915 	 -0.001055 	 0.029175
29.560419 	 4.269043 	 0.026333 	 0.052338
29.511475 	 4.174988 	 -0.022392 	 0.023102
29.468875 	 4.237793 	 0.008522 	 0.023224
29.421291 	 4.104065 	 -0.008362 	 0.018066
29.376425 	 4.174255 	 0.016203 	 0.033936
29.329294 	 4.164581 	 -0.020879 	 0.012482
29.283069 	 4.166687 	 -0.008352 	 0.001282
29.236391 	 4.220642 	 0.017864 	 0.029266
29.190619 	 4.137207 	 -0.008000 	 0.024506
29.143034 	 4.170288 	 -0.001012 	 0.018860
29.099075 	 4.326385 	 -0.013891 	 0.006226
29.050131 	 4.246643 	 -0.020336 	 -0.011383
29.004813 	 4.200867 	 -0.007041 	 -0.008179
28.956775 	 4.225464 	 0.001630 	 0.007629
28.911456 	 4.174225 	 -0.008288 	 0.007202
28.862965 	 4.166351 	 -0.006008 	 0.005157
28.818553 	 4.279785 	 0.026024 	 0.040009
28.772328 	 4.051392 	 -0.014988 	 0.025879
28.726103 	 4.165771 	 -0.025215 	 -0.008240
28.679425 	 4.170685 	 -0.000447 	 -0.001892
28.632294 	 4.247772 	 -0.000266 	 0.010590
28.585162 	 4.096649 	 -0.010535 	 0.005463
28.538484 	 4.215240 	 0.008245 	 0.019135
28.494072 	 4.316040 	 0.010205 	 0.035217
28.448753 	 4.231964 	 0.005081 	 0.038208
28.401169 	 4.136658 	 0.023819 	 0.056274
28.353584 	 4.199677 	 0.027164 	 0.075806
28.305547 	 4.140686 	 -0.019292 	 0.037964
28.263853 	 4.298645 	 0.018035 	 0.041718
28.216269 	 4.218262 	 0.001949 	 0.040924
28.168231 	 4.277588 	 0.002226 	 0.034576
28.121100 	 4.111694 	 0.002141 	 0.033142
28.078047 	 4.171631 	 -0.000969 	 0.028137
28.028650 	 4.203735 	 0.010983 	 0.037048
27.983331 	 4.264740 	 -0.007478 	 0.025513
27.936653 	 4.247894 	 0.001427 	 0.022736
27.890428 	 4.304932 	 -0.014573 	 0.007385
27.842390 	 4.078461 	 0.011196 	 0.021210
27.797072 	 4.198578 	 -0.021593 	 0.005249
27.752660 	 4.199738 	 -0.016309 	 -0.010742
27.705075 	 4.195404 	 -0.011260 	 -0.010559
27.657491 	 4.228271 	 0.042589 	 0.048096
27.613078 	 4.154663 	 0.004826 	 0.056732
27.566853 	 4.379913 	 0.021721 	 0.062805
27.515643 	 4.179565 	 0.006370 	 0.055908
27.471684 	 4.235809 	 0.014988 	 0.056152
27.425459 	 4.204529 	 0.001406 	 0.045349
27.380594 	 4.101440 	 0.002237 	 0.035492
27.332556 	 4.160400 	 -0.011910 	 0.017609
27.287238 	 4.168549 	 0.002333 	 0.018616
27.239200 	 4.176758 	 -0.006466 	 0.013153
27.192068 	 4.218536 	 -0.017385 	 -0.001038
27.147656 	 4.223724 	 0.002961 	 0.008087
27.104150 	 4.229645 	 0.005380 	 0.023468
27.055206 	 4.272736 	 0.000810 	 0.027100
27.006262 	 4.248810 	 -0.020165 	 0.004852
26.963663 	 4.183960 	 0.003451 	 0.010040
26.917891 	 4.224640 	 -0.015745 	 0.002106
26.871666 	 4.214966 	 0.017790 	 0.025299
26.822722 	 4.262817 	 0.013753 	 0.045105
26.774231 	 4.248962 	 0.042057 	 0.081726
26.730725 	 4.198669 	 0.011622 	 0.076996
26.684500 	 4.250793 	 0.002684 	 0.053345
26.636462 	 4.206879 	 0.006999 	 0.045013
26.588878 	 4.156311 	 -0.008362 	 0.027008
26.542653 	 4.143738 	 -0.005465 	 0.015594
26.497787 	 4.235352 	 0.000266 	 0.017792
26.450203 	 4.197479 	 0.002684 	 0.023926
26.404884 	 4.081329 	 -0.012709 	 0.012878
26.355940 	 4.266479 	 0.013880 	 0.027496
26.310168 	 4.172852 	 -0.006956 	 0.023315
26.267569 	 4.134613 	 -0.010844 	 0.008545
26.219078 	 4.162872 	 -0.014466 	 -0.002106
26.171040 	 4.189819 	 -0.000383 	 0.005341
26.126628 	 4.257629 	 -0.004911 	 0.008179
26.081763 	 4.225159 	 -0.020858 	 -0.006805
26.035538 	 4.160736 	 0.006136 	 0.008057
25.985234 	 3.996460 	 -0.010962 	 0.007721
25.942635 	 4.250641 	 0.018514 	 0.031067
25.893690 	 4.172729 	 0.000639 	 0.035278
25.847466 	 4.112396 	 -0.003984 	 0.024811
25.802147 	 4.305359 	 -0.008874 	 0.011902
25.753203 	 4.098541 	 0.032757 	 0.048889
25.708337 	 4.126373 	 -0.004133 	 0.043976
25.662112 	 4.173431 	 0.014594 	 0.044342
25.614528 	 4.184601 	 0.033790 	 0.073425
25.571022 	 4.148834 	 -0.029050 	 0.026794
25.524344 	 3.999512 	 0.009215 	 0.021301
25.476759 	 4.362183 	 -0.016362 	 0.009277
25.427815 	 4.180450 	 0.015926 	 0.025299
25.385216 	 4.286499 	 0.001949 	 0.031738
25.339444 	 4.145111 	 0.024778 	 0.053711
25.291406 	 4.246948 	 -0.018035 	 0.028534
25.243369 	 4.189667 	 -0.000522 	 0.017212
25.196237 	 4.112549 	 -0.011398 	 0.008789
25.153638 	 4.115692 	 -0.031628 	 -0.020264
25.107413 	 4.194580 	 -0.001140 	 -0.011108
25.058922 	 4.169647 	 0.009151 	 0.017029
25.013603 	 4.210907 	 0.024331 	 0.050140
24.964206 	 4.183685 	 0.017279 	 0.062195
24.918434 	 4.112488 	 0.010205 	 0.055969
24.872662 	 4.123444 	 0.013433 	 0.055176
24.825531 	 4.263977 	 -0.008053 	 0.035309
24.777946 	 4.089508 	 -0.009886 	 0.014679
24.734894 	 4.184021 	 -0.000320 	 0.015167
24.686403 	 4.062561 	 0.049119 	 0.070740
24.640631 	 4.206635 	 -0.009321 	 0.054626
24.597125 	 4.167480 	 0.013060 	 0.047272
24.550447 	 4.157623 	 0.010195 	 0.048889
24.500597 	 4.305450 	 -0.011334 	 0.024658
24.454372 	 4.309570 	 -0.000202 	 0.018982
24.410413 	 4.233795 	 -0.000415 	 0.020416
24.365094 	 4.152771 	 -0.005454 	 0.016571
24.317963 	 4.232452 	 0.001822 	 0.019135
24.269472 	 4.372955 	 0.003601 	 0.026733
24.220528 	 4.242371 	 -0.007116 	 0.020020
24.177022 	 4.208313 	 -0.009108 	 0.007843
24.129890 	 4.155670 	 -0.019814 	 -0.007904
24.085478 	 4.214874 	 0.000352 	 0.000946
24.036534 	 4.137695 	 0.022403 	 0.036682
23.991669 	 4.217804 	 0.021699 	 0.059753
23.944537 	 4.217712 	 -0.001193 	 0.047180
23.898312 	 4.208588 	 0.004804 	 0.038544
23.849368 	 4.318787 	 -0.003419 	 0.028046
23.805409 	 4.161682 	 -0.002610 	 0.021545
23.760544 	 4.109467 	 0.013199 	 0.034363
23.713866 	 4.305725 	 0.028347 	 0.063141
23.664922 	 4.149597 	 0.011569 	 0.064484
23.618243 	 4.162018 	 -0.014275 	 0.030457
23.573378 	 4.228149 	 0.004016 	 0.025024
23.528513 	 4.053528 	 0.035260 	 0.062561
23.481381 	 4.248718 	 -0.025321 	 0.028870
23.433797 	 4.326721 	 -0.022168 	 -0.007935
23.388025 	 4.176025 	 -0.016842 	 -0.016266
23.342253 	 4.141785 	 -0.013721 	 -0.015930
23.297841 	 4.314484 	 -0.004304 	 -0.002838
23.247084 	 4.162445 	 -0.008767 	 -0.000122
23.204031 	 4.308746 	 -0.002546 	 0.002869
23.156447 	 4.227417 	 -0.024586 	 -0.014069
23.110222 	 4.281494 	 0.015915 	 0.012482
23.062637 	 4.226807 	 0.003334 	 0.028259
23.017319 	 4.103851 	 0.005454 	 0.032715
22.973360 	 4.179657 	 0.005305 	 0.035339
22.922150 	 4.214111 	 -0.019729 	 0.009613
22.876831 	 4.366486 	 0.000298 	 0.009308
22.830153 	 4.125580 	 -0.027175 	 -0.010834
22.785287 	 4.225647 	 -0.017811 	 -0.023407
22.737250 	 4.245483 	 0.001225 	 -0.003632
22.689665 	 4.226776 	 0.012570 	 0.025024
22.645253 	 4.237732 	 -0.009950 	 0.017853
22.601294 	 4.226776 	 0.005294 	 0.023041
22.551443 	 4.276123 	 0.035899 	 0.063263
22.505219 	 4.265442 	 0.017193 	 0.073608
22.459447 	 4.245453 	 -0.022882 	 0.027405
22.413222 	 4.234833 	 0.006796 	 0.022400
22.366544 	 4.198700 	 -0.024277 	 -0.000061
22.321225 	 4.092041 	 0.008160 	 0.011810
22.269562 	 4.203522 	 0.007201 	 0.028809
22.230588 	 4.184448 	 0.009332 	 0.037476
22.180284 	 4.212463 	 -0.006402 	 0.026917
22.134512 	 4.167664 	 -0.006434 	 0.016266
22.087834 	 4.200134 	 0.001236 	 0.018646
22.040250 	 4.185394 	 0.015681 	 0.038696
21.997197 	 4.181458 	 -0.011004 	 0.024139
21.949612 	 4.290314 	 0.026355 	 0.046509
21.902934 	 4.230499 	 0.023265 	 0.068970
21.859882 	 4.176605 	 -0.007137 	 0.046082
21.810484 	 4.213409 	 -0.000245 	 0.030640
21.766978 	 4.198181 	 0.007627 	 0.034485
21.719394 	 4.172485 	 -0.010940 	 0.019562
21.669997 	 4.203857 	 0.026312 	 0.045410
21.625131 	 4.269806 	 -0.010301 	 0.033234
21.578000 	 4.160248 	 0.016703 	 0.040192
21.530869 	 4.131744 	 -0.022882 	 0.013794
21.487363 	 4.112274 	 0.011068 	 0.020691
21.441591 	 4.169586 	 -0.003089 	 0.023193
21.390381 	 4.179687 	 -0.019814 	 0.000275
21.346422 	 4.037415 	 0.012133 	 0.016907
21.303369 	 4.106720 	 0.012240 	 0.038025
21.252612 	 4.242401 	 -0.013390 	 0.021484
21.206387 	 4.220764 	 0.008373 	 0.025909
21.159256 	 4.043671 	 -0.011260 	 0.016541
21.114391 	 4.211090 	 -0.001971 	 0.013641
21.065900 	 4.156158 	 0.042174 	 0.062103
21.022394 	 4.231537 	 -0.004847 	 0.052551
20.973903 	 4.179871 	 -0.016799 	 0.015686
20.928131 	 4.158783 	 -0.004027 	 0.008392
20.883266 	 4.109528 	 -0.001087 	 0.013458
20.836134 	 4.138611 	 0.018972 	 0.038239
20.788550 	 4.291656 	 -0.012421 	 0.024445
20.743684 	 4.135254 	 -0.000959 	 0.017639
20.697913 	 4.226746 	 0.002780 	 0.022766
20.649875 	 4.120636 	 -0.008437 	 0.014923
20.606369 	 4.108276 	 -0.002653 	 0.013123
20.560597 	 4.288544 	 -0.027654 	 -0.011475
20.513466 	 4.213562 	 -0.013785 	 -0.017700
20.466335 	 4.207336 	 0.000884 	 0.001251
20.418297 	 4.192780 	 -0.004868 	 0.008759
20.369353 	 4.123505 	 -0.004059 	 0.010712
20.324034 	 4.215851 	 -0.015734 	 -0.000488
20.277809 	 4.265533 	 -0.005060 	 -0.000092
20.230678 	 4.277710 	 -0.004123 	 0.004913
20.188531 	 4.246765 	 -0.013912 	 0.000519
20.139134 	 4.139771 	 0.006796 	 0.014191
20.094269 	 4.101746 	 -0.016810 	 0.005096
20.047591 	 4.254578 	 -0.012623 	 -0.005127
20.002725 	 4.147491 	 -0.014701 	 -0.009918
19.954687 	 4.272644 	 -0.009492 	 -0.007477
19.908463 	 4.126740 	 -0.002013 	 0.003510
19.859972 	 4.178711 	 0.000746 	 0.013611
19.815106 	 4.166779 	 0.003356 	 0.020752
19.768428 	 4.107666 	 0.022509 	 0.046936
19.719031 	 4.035706 	 0.008288 	 0.051453
19.675072 	 4.218231 	 0.005582 	 0.044769
19.628847 	 4.167755 	 -0.011334 	 0.022980
19.583075 	 4.152710 	 0.018759 	 0.037994
19.536397 	 4.192780 	 -0.022626 	 0.013672
19.487906 	 4.134888 	 0.006189 	 0.015289
19.443494 	 4.221588 	 -0.000447 	 0.021271
19.398175 	 4.144684 	 -0.013753 	 0.007935
19.350137 	 4.170502 	 0.018429 	 0.031128
19.303006 	 4.173248 	 0.036070 	 0.073151
19.258141 	 4.147552 	 -0.007883 	 0.051971
19.212822 	 4.220673 	 -0.017758 	 0.013214
19.166597 	 4.337769 	 0.001736 	 0.013336
19.119012 	 4.286804 	 -0.002706 	 0.016693
19.072787 	 4.097595 	 -0.013891 	 0.004303
19.022937 	 4.180634 	 0.002706 	 0.011780
18.978072 	 4.091339 	 -0.027281 	 -0.009155
18.935019 	 4.175232 	 -0.002109 	 -0.003967
18.886981 	 4.246429 	 -0.014914 	 -0.004883
18.841209 	 4.101135 	 0.044155 	 0.051300
18.792265 	 4.197632 	 0.008756 	 0.062378
18.743774 	 4.063995 	 -0.004314 	 0.039276
18.702534 	 4.249725 	 0.006924 	 0.037384
18.654497 	 4.209900 	 -0.005582 	 0.024780
18.606459 	 4.200500 	 0.004634 	 0.026581
18.561594 	 4.124573 	 0.004027 	 0.030640
18.513103 	 4.124847 	 -0.003164 	 0.024628
18.470050 	 4.235321 	 -0.004378 	 0.017853
18.425185 	 4.220856 	 0.001704 	 0.020508
18.373975 	 4.309906 	 0.000639 	 0.023407
18.330922 	 4.073761 	 0.006637 	 0.030396
18.282884 	 4.073212 	 0.003899 	 0.033142
18.236206 	 4.163452 	 0.017438 	 0.047211
18.188622 	 4.216766 	 0.005923 	 0.046783
18.144662 	 4.230286 	 -0.026269 	 0.008850
18.096625 	 4.058868 	 0.070084 	 0.079163
18.051759 	 4.150696 	 -0.018685 	 0.057068
18.003268 	 4.219788 	 0.020251 	 0.052124
17.957497 	 4.112335 	 0.001790 	 0.046783
17.911725 	 4.194458 	 -0.014594 	 0.020294
17.867313 	 4.023437 	 -0.051069 	 -0.039093
17.819275 	 4.149384 	 -0.025865 	 -0.051971
17.772597 	 4.121765 	 0.012634 	 -0.006500
17.725919 	 4.284515 	 -0.010504 	 0.003937
17.676068 	 4.195679 	 -0.004911 	 0.005127
17.633469 	 4.256836 	 0.012389 	 0.025757
17.587244 	 4.255432 	 0.001044 	 0.030304
17.539206 	 4.181396 	 0.001257 	 0.027466
17.493887 	 4.215302 	 0.025204 	 0.051971
17.447209 	 4.081238 	 0.007766 	 0.054016
17.401891 	 4.318665 	 -0.018418 	 0.020355
17.354306 	 4.261047 	 0.006977 	 0.021454
17.306268 	 4.212799 	 0.005571 	 0.030029
17.260043 	 4.026520 	 -0.013848 	 0.013336
17.215178 	 4.193695 	 -0.007766 	 0.004974
17.166687 	 4.087433 	 -0.004016 	 0.007843
17.123634 	 4.170380 	 0.003292 	 0.017822
17.074237 	 4.169830 	 -0.013390 	 0.007843
17.027559 	 4.180328 	 0.011047 	 0.022125
16.984506 	 4.283508 	 0.021593 	 0.049652
16.937828 	 4.149658 	 -0.001949 	 0.041504
16.890697 	 4.280334 	 -0.012400 	 0.015839
16.843112 	 4.242493 	 -0.014253 	 0.000366
16.796887 	 4.193848 	 -0.002972 	 0.003967
16.750209 	 4.119476 	 0.002248 	 0.015167
16.704890 	 4.166382 	 0.017023 	 0.038391
16.658212 	 4.121643 	 0.000703 	 0.037689
16.609268 	 4.165894 	 0.008171 	 0.038544
16.564856 	 4.116547 	 -0.013678 	 0.018036
16.519537 	 4.087494 	 -0.020837 	 -0.007324
16.473312 	 4.236786 	 -0.009577 	 -0.008331
16.424821 	 4.120483 	 0.023596 	 0.029449
16.380409 	 4.226624 	 0.017215 	 0.053345
16.332372 	 4.293793 	 -0.028123 	 0.014618
16.288412 	 4.091492 	 -0.006360 	 0.000824
16.240375 	 4.129547 	 0.003143 	 0.015778
16.194150 	 4.181396 	 0.019090 	 0.040924
16.148831 	 4.115509 	 -0.006498 	 0.031677
16.102153 	 4.248596 	 -0.002578 	 0.021545
16.055928 	 4.212494 	 0.011175 	 0.033325
16.009703 	 4.099762 	 -0.017417 	 0.013855
15.960759 	 4.024872 	 0.018557 	 0.031982
15.915440 	 4.264618 	 0.030648 	 0.067108
15.868762 	 4.236237 	 0.009907 	 0.064270
15.822537 	 4.083527 	 -0.011878 	 0.032410
15.775859 	 4.180634 	 0.011164 	 0.033417
15.727368 	 4.096802 	 -0.039393 	 -0.008514
15.683862 	 4.121887 	 -0.021007 	 -0.028442
15.636731 	 4.058502 	 0.012069 	 0.004852
15.589600 	 4.275787 	 -0.007883 	 0.011139
15.543375 	 4.212646 	 -0.006370 	 0.008636
15.497150 	 4.117767 	 -0.019015 	 -0.007263
15.451378 	 4.126617 	 0.011153 	 0.013428
15.404247 	 4.100952 	 -0.019771 	 0.003784
15.358022 	 4.180786 	 0.006210 	 0.013336
15.310890 	 4.169800 	 0.006253 	 0.027863
15.265572 	 4.324066 	 -0.028528 	 -0.001373
15.217987 	 4.101562 	 -0.016767 	 -0.016663
15.173122 	 4.126556 	 -0.014978 	 -0.016663
15.126897 	 4.116608 	 0.033417 	 0.034515
15.079765 	 4.215942 	 0.012016 	 0.055634
15.033540 	 4.172699 	 0.007649 	 0.049652
14.985956 	 4.233734 	 -0.013390 	 0.023529
14.940184 	 4.135468 	 -0.006434 	 0.011658
14.893959 	 4.313538 	 0.001246 	 0.016785
14.848640 	 4.144348 	 0.003302 	 0.023895
14.798790 	 4.193787 	 -0.021284 	 0.003479
14.755284 	 4.199860 	 -0.017332 	 -0.010712
14.711778 	 4.223755 	 -0.010930 	 -0.010498
14.660115 	 4.180542 	 0.020059 	 0.024872
14.616156 	 4.244995 	 -0.005422 	 0.025543
14.569025 	 4.219574 	 -0.024118 	 -0.003387
14.521893 	 4.158722 	 -0.008554 	 -0.007324
14.478841 	 4.175842 	 0.015606 	 0.022217
14.428990 	 4.194427 	 0.027526 	 0.057831
14.383672 	 4.133179 	 0.002727 	 0.052368
14.336540 	 4.078552 	 -0.012037 	 0.024475
14.289862 	 4.126617 	 0.008426 	 0.028076
14.244543 	 4.249481 	 0.012655 	 0.041443
14.197865 	 4.086548 	 0.005444 	 0.042236
14.151187 	 4.052643 	 -0.010472 	 0.022888
14.104509 	 4.168335 	 -0.014189 	 0.004059
14.059644 	 4.148193 	 0.004506 	 0.013275
14.014778 	 4.126740 	 0.023542 	 0.045013
13.966740 	 4.279755 	 -0.030957 	 0.010071
13.919156 	 4.251801 	 0.024735 	 0.030182
13.874290 	 4.224792 	 0.014317 	 0.050568
13.829878 	 4.172760 	 -0.005838 	 0.033905
13.777762 	 4.178558 	 -0.033673 	 -0.009644
13.733803 	 4.132263 	 -0.004996 	 -0.009613
13.688031 	 4.405396 	 -0.031532 	 -0.026550
13.641806 	 4.085937 	 0.004581 	 -0.006653
13.596487 	 4.138489 	 0.023766 	 0.036255
13.546637 	 4.161316 	 -0.008970 	 0.028839
13.503131 	 4.213013 	 -0.012410 	 0.008301
13.457812 	 4.285797 	 -0.003324 	 0.007599
13.409322 	 4.223663 	 -0.011782 	 0.002502
13.363097 	 4.171692 	 -0.016767 	 -0.008148
13.318231 	 4.083923 	 0.001150 	 0.003357
13.272006 	 4.174377 	 0.012570 	 0.028015
13.222609 	 4.065582 	 -0.021337 	 0.007904
13.176837 	 4.317810 	 0.008575 	 0.017120
13.131065 	 4.180206 	 -0.023148 	 -0.000732
13.083481 	 4.236664 	 0.011132 	 0.014221
13.038615 	 4.200012 	 -0.004719 	 0.018280
12.989218 	 4.189026 	 -0.039383 	 -0.021942
12.944806 	 4.220703 	 -0.015287 	 -0.028748
12.899487 	 4.241699 	 -0.028762 	 -0.036346
12.854169 	 4.220612 	 -0.004186 	 -0.020782
12.807037 	 4.169556 	 0.022456 	 0.024597
12.759000 	 4.189575 	 -0.009609 	 0.022552
12.711868 	 4.109314 	 0.008501 	 0.028717
12.667456 	 4.407379 	 -0.005646 	 0.022827
12.619418 	 4.326324 	 0.012080 	 0.033447
12.578632 	 4.249237 	 -0.000075 	 0.032410
12.530594 	 4.284760 	 0.007457 	 0.035370
12.486182 	 4.106293 	 0.001278 	 0.032990
12.439503 	 4.137695 	 0.020006 	 0.048431
12.392825 	 4.278687 	 0.034110 	 0.078186
12.347054 	 4.141785 	 0.014104 	 0.076233
12.298563 	 4.307343 	 -0.032544 	 0.017914
12.255963 	 4.171692 	 0.013646 	 0.022034
12.208379 	 4.158508 	 -0.006253 	 0.020782
12.163513 	 4.276581 	 -0.023691 	 -0.004944
12.115022 	 4.165527 	 -0.039053 	 -0.039215
12.070157 	 4.234100 	 -0.030616 	 -0.052734
12.022572 	 4.269623 	 -0.024799 	 -0.049469
11.977254 	 4.349243 	 -0.044453 	 -0.065887
11.929669 	 4.106598 	 -0.036176 	 -0.073059
11.882085 	 4.148193 	 0.016288 	 -0.017456
11.837219 	 4.231049 	 0.014296 	 0.027039
11.791901 	 4.167633 	 -0.000138 	 0.030457
11.741597 	 4.204559 	 -0.011537 	 0.013794
11.697638 	 4.248627 	 -0.012474 	 0.000458
11.649600 	 4.183838 	 -0.012741 	 -0.005371
11.603828 	 4.285400 	 -0.004613 	 0.000977
11.558057 	 4.237671 	 -0.037540 	 -0.028625
11.512738 	 4.218567 	 0.009502 	 -0.004730
11.465607 	 4.225586 	 -0.034163 	 -0.021088
11.417569 	 4.244843 	 -0.019707 	 -0.030823
11.372704 	 4.192719 	 0.004677 	 -0.003876
11.326932 	 4.229980 	 0.018674 	 0.032959
11.278441 	 4.195618 	 0.006061 	 0.041779
11.232669 	 4.149475 	 -0.008490 	 0.024872
11.189616 	 4.193573 	 -0.003526 	 0.017029
11.137500 	 4.062805 	 0.015595 	 0.035583
11.091728 	 4.230682 	 -0.030403 	 0.003510
11.050941 	 4.156982 	 -0.004208 	 -0.002197
11.001997 	 4.219940 	 -0.025652 	 -0.017029
10.955772 	 4.095673 	 -0.011824 	 -0.018585
10.909094 	 4.006317 	 -0.010056 	 -0.010925
10.861510 	 4.247406 	 -0.032256 	 -0.030426
10.817097 	 4.108551 	 -0.017854 	 -0.032166
10.769513 	 4.226715 	 -0.008266 	 -0.019318
10.724194 	 4.102509 	 -0.015446 	 -0.014954
10.675250 	 4.190063 	 -0.014839 	 -0.016876
10.627666 	 4.189636 	 -0.016831 	 -0.017273
10.582800 	 4.186768 	 -0.009460 	 -0.011536
10.535669 	 4.185425 	 0.004730 	 0.008362
10.489897 	 4.180023 	 -0.011377 	 0.006836
10.444125 	 4.078522 	 -0.018291 	 -0.007355
10.398354 	 4.139740 	 -0.000117 	 0.001007
10.352582 	 4.245605 	 -0.021550 	 -0.009735
10.304091 	 4.152863 	 -0.006605 	 -0.007812
10.258772 	 4.230499 	 -0.008906 	 -0.003143
10.209375 	 4.061737 	 -0.004932 	 0.002563
10.164056 	 4.163483 	 -0.020133 	 -0.009186
10.115565 	 4.216583 	 0.016149 	 0.017273
10.075685 	 4.293610 	 0.028400 	 0.058136
10.026741 	 4.230835 	 -0.027729 	 0.021362
9.978250 	 4.267700 	 -0.008128 	 0.002716
9.934291 	 4.094727 	 -0.068454 	 -0.060791
9.889426 	 4.266479 	 -0.008959 	 -0.051086
9.840482 	 4.237335 	 -0.034504 	 -0.049744
9.797429 	 4.168640 	 -0.022754 	 -0.047272
9.749844 	 4.165771 	 0.009577 	 -0.007843
9.701807 	 4.129608 	 0.006157 	 0.020172
9.651956 	 4.135803 	 -0.039894 	 -0.017609
9.608904 	 4.229401 	 0.012645 	 0.001312
9.559959 	 4.153595 	 0.001225 	 0.019470
9.513734 	 4.195496 	 -0.015958 	 0.005493
9.469322 	 4.130859 	 -0.036464 	 -0.029205
9.424457 	 4.155762 	 -0.010994 	 -0.026276
9.376872 	 4.201019 	 -0.036752 	 -0.041809
9.331100 	 4.212433 	 -0.005401 	 -0.027100
9.282610 	 4.215698 	 0.017822 	 0.016724
9.237291 	 4.095459 	 0.009097 	 0.037384
9.190613 	 4.184265 	 -0.003622 	 0.029053
9.145747 	 4.127625 	 -0.016288 	 0.007324
9.094991 	 4.265656 	 -0.036187 	 -0.027313
9.052844 	 4.143005 	 0.004527 	 -0.011444
9.004353 	 4.221252 	 0.017087 	 0.027283
8.959035 	 4.225403 	 -0.024171 	 0.008179
8.911903 	 4.160614 	 -0.011611 	 -0.005768
8.867944 	 4.220520 	 -0.004474 	 0.000153
8.817641 	 4.159058 	 -0.016181 	 -0.006805
8.775041 	 4.153442 	 -0.013316 	 -0.010712
8.725644 	 4.224640 	 -0.016895 	 -0.015106
8.681232 	 4.161133 	 0.000224 	 -0.000427
8.633194 	 4.166809 	 0.006349 	 0.018768
8.586516 	 4.342072 	 -0.024746 	 -0.002258
8.540744 	 4.144470 	 0.021912 	 0.024780
8.494066 	 4.115082 	 0.016458 	 0.049988
8.448294 	 4.090546 	 -0.003963 	 0.037170
8.401616 	 4.152802 	 -0.040022 	 -0.012726
8.356297 	 4.264679 	 0.000192 	 -0.010590
8.307806 	 4.198181 	 -0.026653 	 -0.019348
8.262488 	 4.101440 	 -0.004943 	 -0.013824
8.216263 	 4.166565 	 0.009587 	 0.014343
8.170491 	 4.164642 	 -0.038967 	 -0.017639
8.122906 	 4.297760 	 -0.017737 	 -0.028809
8.077135 	 4.115021 	 -0.008064 	 -0.016449
8.028644 	 4.183899 	 -0.019888 	 -0.019135
7.985591 	 4.144104 	 -0.034973 	 -0.040741
7.936194 	 4.195221 	 0.009470 	 -0.009552
7.890422 	 4.260437 	 -0.009236 	 0.002106
7.843291 	 4.138000 	 -0.013731 	 -0.003845
7.801598 	 4.092651 	 -0.015031 	 -0.011139
7.751747 	 4.250336 	 -0.017737 	 -0.017456
7.705069 	 4.148407 	 -0.001193 	 -0.004303
7.659297 	 4.045746 	 -0.033311 	 -0.024567
7.611713 	 4.183990 	 -0.013018 	 -0.025574
7.565034 	 4.112488 	 -0.039106 	 -0.045227
7.520169 	 4.103699 	 -0.003409 	 -0.026733
7.476210 	 4.139465 	 -0.020528 	 -0.020966
7.427266 	 4.164490 	 -0.004133 	 -0.009460
7.381041 	 4.226562 	 -0.028677 	 -0.023437
7.332550 	 4.198792 	 -0.023127 	 -0.033691
7.287231 	 4.319824 	 -0.041726 	 -0.054779
7.240100 	 4.311951 	 0.014147 	 -0.012848
7.197047 	 4.248657 	 -0.041993 	 -0.031921
7.149916 	 4.228363 	 -0.015958 	 -0.035004
7.103691 	 4.176788 	 -0.033993 	 -0.046478
7.056560 	 4.215576 	 -0.051133 	 -0.076813
7.008069 	 4.204865 	 -0.015713 	 -0.059387
6.963657 	 4.226227 	 -0.038967 	 -0.061218
6.916978 	 4.125000 	 -0.022328 	 -0.054657
6.868941 	 4.243622 	 -0.029476 	 -0.051239
6.822263 	 4.211090 	 -0.045231 	 -0.069427
6.776944 	 4.069489 	 -0.013753 	 -0.050507
6.731625 	 4.123596 	 -0.031244 	 -0.047943
6.683134 	 4.230530 	 -0.028581 	 -0.052063
6.640082 	 4.164490 	 -0.032171 	 -0.055176
6.593857 	 4.207825 	 -0.026770 	 -0.053162
6.545366 	 4.148956 	 -0.018749 	 -0.042816
6.498235 	 4.173859 	 -0.028251 	 -0.044373
6.450650 	 4.223724 	 -0.040981 	 -0.061981
6.403519 	 4.223602 	 -0.034429 	 -0.067780
6.360466 	 4.143616 	 -0.032693 	 -0.064636
6.314241 	 4.100800 	 -0.031052 	 -0.062988
6.263031 	 4.116608 	 -0.027548 	 -0.058929
6.219978 	 4.163391 	 -0.040565 	 -0.067352
6.172394 	 4.227905 	 -0.018216 	 -0.052765
6.127528 	 4.131714 	 -0.025289 	 -0.045105
6.081757 	 4.168091 	 -0.049972 	 -0.070862
6.035078 	 4.144989 	 -0.045391 	 -0.086365
5.987947 	 4.141907 	 -0.053807 	 -0.100189
5.942628 	 4.113708 	 -0.025183 	 -0.080597
5.897310 	 4.006378 	 -0.054126 	 -0.091125
5.848366 	 4.157349 	 -0.044581 	 -0.097015
5.801688 	 4.260315 	 -0.055468 	 -0.106995
5.756369 	 4.114716 	 -0.052187 	 -0.111481
5.708784 	 4.264526 	 -0.022349 	 -0.081879
5.662106 	 4.154419 	 -0.024235 	 -0.059174
5.614522 	 4.161743 	 -0.040437 	 -0.065918
5.570110 	 4.264709 	 -0.025854 	 -0.061554
5.523885 	 4.254089 	 -0.044890 	 -0.072632
5.479926 	 4.220642 	 -0.016458 	 -0.056641
5.431888 	 4.110596 	 -0.068528 	 -0.091705
5.385210 	 4.149414 	 -0.058036 	 -0.117401
5.338531 	 4.238831 	 -0.059357 	 -0.125916
5.290494 	 4.094604 	 -0.063458 	 -0.133667
5.246535 	 4.016754 	 -0.023383 	 -0.096771
5.198497 	 4.168579 	 -0.069572 	 -0.113281
5.152272 	 4.217499 	 -0.020336 	 -0.088654
5.106953 	 4.228516 	 -0.038957 	 -0.076324
5.060728 	 4.049957 	 -0.056704 	 -0.097748
5.013144 	 4.180420 	 -0.049524 	 -0.106415
4.966919 	 4.258423 	 -0.022690 	 -0.078827
4.920241 	 4.102539 	 -0.020826 	 -0.053192
4.873109 	 4.244934 	 -0.053743 	 -0.076080
4.829150 	 4.169800 	 -0.050280 	 -0.096588
4.782472 	 4.150909 	 -0.036581 	 -0.089294
4.733528 	 4.180298 	 -0.064502 	 -0.110016
4.687303 	 4.189575 	 -0.059357 	 -0.125275
4.641985 	 4.199646 	 -0.064235 	 -0.135376
4.597572 	 4.051666 	 -0.035335 	 -0.111755
4.549988 	 4.149536 	 -0.076198 	 -0.132751
4.504216 	 4.298615 	 -0.053210 	 -0.132874
4.456178 	 4.183899 	 -0.048757 	 -0.118988
4.410860 	 4.200592 	 -0.049247 	 -0.112671
4.364635 	 4.118652 	 -0.084689 	 -0.146545
4.318863 	 4.176605 	 -0.070808 	 -0.162079
4.267200 	 4.221375 	 -0.056257 	 -0.147430
4.225507 	 4.208099 	 -0.079778 	 -0.160065
4.177469 	 4.238190 	 -0.058121 	 -0.152771
4.132150 	 4.219299 	 -0.089461 	 -0.173767
4.083206 	 4.155823 	 -0.041961 	 -0.145905
4.036075 	 4.223877 	 -0.052475 	 -0.125214
3.993475 	 4.146637 	 -0.036453 	 -0.104126
3.946797 	 4.191711 	 -0.069700 	 -0.122345
3.900119 	 4.185822 	 -0.103469 	 -0.178864
3.854347 	 4.151764 	 -0.096651 	 -0.212128
3.806763 	 4.220612 	 -0.036176 	 -0.159515
3.761444 	 4.032227 	 -0.054872 	 -0.131622
3.716579 	 4.118591 	 -0.051261 	 -0.125092
3.665369 	 4.177368 	 -0.035697 	 -0.102661
3.620050 	 4.287384 	 -0.088321 	 -0.140839
3.573372 	 4.231445 	 -0.066643 	 -0.156555
3.528960 	 4.166412 	 -0.064321 	 -0.151764
3.482281 	 3.989655 	 -0.050834 	 -0.135345
3.436510 	 4.172729 	 -0.101573 	 -0.175232
3.388019 	 4.195435 	 -0.090217 	 -0.202026
3.342247 	 4.168304 	 -0.053561 	 -0.169678
3.296928 	 4.177521 	 -0.072545 	 -0.161163
3.248891 	 4.013855 	 -0.075762 	 -0.169952
3.204025 	 4.102570 	 -0.102649 	 -0.202362
3.158707 	 3.953735 	 -0.067900 	 -0.191437
3.110216 	 4.092712 	 -0.056267 	 -0.160034
3.065350 	 4.260864 	 -0.099038 	 -0.186432
3.020485 	 4.054565 	 -0.087096 	 -0.202972
2.973354 	 4.160400 	 -0.097536 	 -0.216278
2.926675 	 4.061615 	 -0.096449 	 -0.225891
2.879544 	 4.116577 	 -0.077594 	 -0.208130
2.835585 	 4.175751 	 -0.098494 	 -0.214813
2.788000 	 4.333313 	 -0.087298 	 -0.215729
2.738603 	 4.180328 	 -0.115826 	 -0.241852
2.692378 	 4.205597 	 -0.091187 	 -0.239899
2.648872 	 4.121826 	 -0.084784 	 -0.222290
2.601741 	 4.139435 	 -0.112151 	 -0.240051
2.553703 	 4.210663 	 -0.092571 	 -0.237976
2.507478 	 4.036377 	 -0.104673 	 -0.241882
2.460347 	 4.184631 	 -0.094691 	 -0.237823
2.412309 	 4.127563 	 -0.135800 	 -0.272552
2.368803 	 4.059662 	 -0.103597 	 -0.272552
2.322125 	 3.988159 	 -0.137824 	 -0.296387
2.275447 	 3.627380 	 -0.397589 	 -0.592194
2.230128 	 3.577484 	 -0.383698 	 -0.815460
2.185263 	 3.633148 	 -0.353359 	 -0.878754
2.136772 	 3.624390 	 -0.392635 	 -0.936829
2.089641 	 3.706268 	 -0.393487 	 -0.979736
2.043869 	 3.660767 	 -0.400135 	 -1.006104
1.998550 	 3.628296 	 -0.406281 	 -1.028198
1.951419 	 3.631256 	 -0.393040 	 -1.026978
1.904741 	 3.639221 	 -0.386318 	 -1.014496
1.854890 	 3.543732 	 -0.386840 	 -1.007233
1.813197 	 3.495667 	 -0.356501 	 -0.972076
1.764706 	 3.536163 	 -0.353710 	 -0.941681
1.717575 	 3.747192 	 -0.338445 	 -0.910736
1.674522 	 3.649323 	 -0.333087 	 -0.885712
1.625125 	 3.623291 	 -0.317108 	 -0.855896
1.581166 	 3.548096 	 -0.305539 	 -0.823364
1.535394 	 3.609100 	 -0.308820 	 -0.808075
1.487810 	 3.798004 	 -0.289731 	 -0.780945
1.439319 	 3.713409 	 -0.245394 	 -0.714905
1.394453 	 3.709167 	 -0.308447 	 -0.733612
1.343243 	 3.617187 	 -0.314818 	 -0.775146
1.300644 	 3.630127 	 -0.338328 	 -0.819672
1.253513 	 3.578369 	 -0.298615 	 -0.807739
1.209554 	 3.732330 	 -0.241954 	 -0.727905
1.160156 	 3.606598 	 -0.264921 	 -0.692230
1.115291 	 3.687836 	 -0.275051 	 -0.697174
1.072238 	 3.658142 	 -0.255600 	 -0.681885
1.020575 	 3.653687 	 -0.263429 	 -0.676117
0.975710 	 3.465118 	 -0.229511 	 -0.640472
0.928578 	 3.577423 	 -0.214885 	 -0.597107
0.882353 	 3.559479 	 -0.220020 	 -0.576172
0.837035 	 3.703796 	 -0.187369 	 -0.534882
0.791263 	 3.477234 	 -0.177697 	 -0.492920
0.742319 	 3.611145 	 -0.215215 	 -0.508209
0.700626 	 3.591278 	 -0.227956 	 -0.543884
0.650322 	 3.479309 	 -0.180296 	 -0.517242
0.605457 	 3.352386 	 -0.179039 	 -0.481415
0.560591 	 3.447540 	 -0.075101 	 -0.357574
0.512553 	 3.345001 	 -0.035324 	 -0.218262
0.467235 	 3.357849 	 -0.089663 	 -0.197174
0.417384 	 3.422516 	 -0.070286 	 -0.188690
0.372972 	 3.223053 	 -0.036507 	 -0.141510
0.328107 	 3.141174 	 0.091602 	 0.027771
0.277803 	 2.869659 	 0.082196 	 0.145569
0.232938 	 2.686066 	 0.314999 	 0.438629
0.185806 	 2.363037 	 0.444620 	 0.799683
0.142300 	 2.498444 	 0.287845 	 0.849854
0.095169 	 2.364532 	 0.356682 	 0.881195
0.048944 	 2.192474 	 0.475321 	 1.048523
0.000000 	 1.423218 	 0.912719 	 1.630188
0.048944 	 1.518768 	 0.876393 	 2.030029
0.093356 	 1.932159 	 0.614114 	 1.917450
0.140488 	 1.808319 	 0.706111 	 1.861389
0.186259 	 2.164825 	 0.794485 	 1.968628
0.232031 	 2.312225 	 0.575328 	 1.821655
0.281429 	 2.426025 	 0.495593 	 1.584137
0.325841 	 2.769775 	 0.265059 	 1.207153
0.369347 	 2.500916 	 0.378435 	 1.063904
0.416931 	 2.919891 	 0.138548 	 0.793884
0.466328 	 3.113953 	 0.096364 	 0.530853
0.509834 	 3.311768 	 -0.127011 	 0.165070
0.557419 	 3.316315 	 -0.154442 	 -0.118958
0.607269 	 3.377350 	 -0.171422 	 -0.275879
0.649416 	 3.573975 	 -0.184237 	 -0.368469
0.697906 	 3.514252 	 -0.171582 	 -0.403046
0.745944 	 3.569458 	 -0.147497 	 -0.389435
0.790356 	 3.553772 	 -0.189372 	 -0.418213
0.834315 	 3.553101 	 -0.190107 	 -0.449707
0.883713 	 3.550201 	 -0.189415 	 -0.463867
0.928578 	 3.492371 	 -0.214459 	 -0.495575
0.975256 	 3.568481 	 -0.232505 	 -0.540283
1.025107 	 3.576904 	 -0.275808 	 -0.613251
1.067706 	 3.524933 	 -0.290189 	 -0.677917
1.114384 	 3.662659 	 -0.259317 	 -0.680817
1.161063 	 3.625427 	 -0.249283 	 -0.657959
1.206834 	 3.658417 	 -0.258060 	 -0.654572
1.253513 	 3.396088 	 -0.234561 	 -0.631958
1.298831 	 3.666290 	 -0.285352 	 -0.665985
1.344150 	 3.690491 	 -0.259552 	 -0.675659
1.394907 	 3.646698 	 -0.264985 	 -0.674286
1.439319 	 3.711700 	 -0.280484 	 -0.692719
1.485544 	 3.730469 	 -0.330829 	 -0.759705
1.534488 	 3.620544 	 -0.296644 	 -0.774384
1.579353 	 3.573334 	 -0.263813 	 -0.732666
1.628297 	 3.664062 	 -0.285150 	 -0.723999
1.674069 	 3.686859 	 -0.310834 	 -0.754913
1.719388 	 3.721497 	 -0.272846 	 -0.741791
1.763800 	 3.590118 	 -0.314434 	 -0.760193
1.810478 	 3.752289 	 -0.327888 	 -0.800354
1.858969 	 3.706482 	 -0.302738 	 -0.798615
1.905647 	 3.662415 	 -0.301044 	 -0.785278
1.950513 	 3.565033 	 -0.337369 	 -0.817017
1.994925 	 3.734436 	 -0.330509 	 -0.838623
2.041603 	 3.682281 	 -0.365705 	 -0.881104
2.091907 	 3.658020 	 -0.412715 	 -0.964996
2.135413 	 3.786469 	 -0.368379 	 -0.975586
2.182091 	 3.634369 	 -0.349375 	 -0.943420
2.229675 	 3.723480 	 -0.343558 	 -0.913727
2.276807 	 3.680328 	 -0.372555 	 -0.929138
2.319406 	 3.688263 	 -0.372374 	 -0.948395
2.369257 	 3.742859 	 -0.361018 	 -0.944214
2.414575 	 3.625427 	 -0.368858 	 -0.947418
2.462160 	 3.692352 	 -0.414803 	 -1.000183
2.507025 	 3.551331 	 -0.430633 	 -1.057617
2.552797 	 3.614288 	 -0.368443 	 -1.025330
2.599928 	 3.736450 	 -0.372768 	 -0.989349
2.648419 	 3.644867 	 -0.371394 	 -0.973969
2.694191 	 3.733398 	 -0.429887 	 -1.028503
2.741322 	 3.547363 	 -0.393051 	 -1.037964
2.788454 	 3.792358 	 -0.399922 	 -1.034058
2.833319 	 3.749542 	 -0.403192 	 -1.038696
2.879997 	 3.618164 	 -0.438953 	 -1.079437
2.926675 	 3.561035 	 -0.410830 	 -1.083832
2.972900 	 3.594391 	 -0.434830 	 -1.098999
3.017766 	 3.700195 	 -0.442692 	 -1.123016
3.065350 	 3.623505 	 -0.424220 	 -1.118652
3.110669 	 3.672760 	 -0.479209 	 -1.166992
3.157347 	 3.704437 	 -0.425594 	 -1.154419
3.206291 	 3.677673 	 -0.428822 	 -1.131317
3.251157 	 3.538513 	 -0.427640 	 -1.120514
3.295116 	 3.549286 	 -0.464988 	 -1.154358
3.342247 	 3.700531 	 -0.466565 	 -1.186432
3.388472 	 3.669464 	 -0.456583 	 -1.190582
3.434697 	 3.574249 	 -0.425211 	 -1.156647
3.481828 	 3.728119 	 -0.424870 	 -1.127472
3.529866 	 3.600525 	 -0.413365 	 -1.102966
3.574731 	 3.690430 	 -0.460855 	 -1.137085
3.620956 	 3.607452 	 -0.451459 	 -1.160950
3.668541 	 3.800079 	 -0.445781 	 -1.162262
3.712500 	 3.670898 	 -0.487358 	 -1.203949
3.760085 	 3.497314 	 -0.462996 	 -1.213379
3.804950 	 3.554291 	 -0.445483 	 -1.190399
3.853894 	 3.654388 	 -0.422186 	 -1.147705
3.897853 	 3.634094 	 -0.454708 	 -1.154144
3.948610 	 3.610107 	 -0.409797 	 -1.122772
3.993475 	 3.720123 	 -0.405866 	 -1.086731
4.039247 	 3.702362 	 -0.437057 	 -1.099213
4.084113 	 3.741455 	 -0.417456 	 -1.099396
4.133510 	 3.760956 	 -0.384454 	 -1.057190
4.177922 	 3.652466 	 -0.395543 	 -1.036621
4.225053 	 3.685211 	 -0.371735 	 -1.008118
4.270372 	 3.835785 	 -0.366898 	 -0.978821
4.316144 	 3.768188 	 -0.379745 	 -0.976807
4.364635 	 3.641602 	 -0.358078 	 -0.959045
4.411766 	 3.866943 	 -0.358675 	 -0.943451
4.455272 	 4.239471 	 -0.044507 	 -0.605774
4.504216 	 4.183899 	 0.006882 	 -0.274994
4.546815 	 4.115631 	 0.022850 	 -0.089661
4.597572 	 4.109528 	 -0.016852 	 -0.040924
4.641078 	 4.175446 	 -0.026674 	 -0.045197
4.689569 	 4.183716 	 -0.023255 	 -0.046234
4.734435 	 4.300873 	 -0.025566 	 -0.047028
4.781113 	 4.221497 	 -0.020890 	 -0.042603
4.829150 	 4.232269 	 -0.018887 	 -0.036743
4.874016 	 4.195068 	 -0.025183 	 -0.040527
4.923413 	 4.324066 	 -0.002450 	 -0.020020
4.964653 	 4.259735 	 0.009523 	 0.010315
5.013597 	 4.153503 	 -0.030072 	 -0.011108
5.062088 	 4.307159 	 -0.012964 	 -0.019684
5.106953 	 4.035919 	 -0.050398 	 -0.055389
5.153632 	 4.124969 	 -0.022605 	 -0.056610
5.198497 	 4.191437 	 -0.008341 	 -0.030762
5.246988 	 4.132446 	 -0.024735 	 -0.030640
5.292307 	 4.196136 	 -0.030807 	 -0.042816
5.339891 	 4.226501 	 -0.011761 	 -0.032410
5.385210 	 4.132538 	 -0.035452 	 -0.044830
5.435060 	 4.261749 	 -0.024182 	 -0.047699
5.475394 	 4.233398 	 -0.048256 	 -0.070587
5.524338 	 4.175598 	 -0.007947 	 -0.048248
5.569656 	 4.200775 	 -0.017055 	 -0.030579
5.615428 	 4.147736 	 -0.040810 	 -0.051147
5.661653 	 4.106720 	 -0.013124 	 -0.041595
5.710144 	 4.162689 	 -0.030658 	 -0.045715
5.754103 	 4.057312 	 -0.025098 	 -0.047546
5.801688 	 4.173431 	 -0.006072 	 -0.025726
5.851991 	 4.220551 	 0.001981 	 -0.000824
5.898216 	 4.342560 	 0.010812 	 0.023499
5.939909 	 4.232513 	 -0.013241 	 0.012573
5.987494 	 4.137268 	 -0.033119 	 -0.022949
6.034625 	 4.166321 	 -0.034120 	 -0.047424
6.080850 	 4.201355 	 -0.012847 	 -0.036957
6.127528 	 4.209595 	 -0.065769 	 -0.078156
6.175113 	 4.171753 	 -0.004005 	 -0.054108
6.219978 	 4.122772 	 -0.018770 	 -0.033356
6.267563 	 4.126770 	 -0.027590 	 -0.039551
6.313335 	 4.092712 	 -0.029135 	 -0.047424
6.360013 	 4.117584 	 -0.022253 	 -0.044403
6.406691 	 4.105377 	 -0.014573 	 -0.032410
6.451556 	 4.118042 	 -0.048885 	 -0.058899
6.500954 	 4.246338 	 -0.028656 	 -0.064392
6.545819 	 4.135345 	 -0.049119 	 -0.079468
6.593857 	 4.279755 	 -0.005944 	 -0.049225
6.637816 	 4.225464 	 -0.019899 	 -0.033569
6.684494 	 4.104919 	 -0.038531 	 -0.051392
6.731625 	 4.371399 	 -0.035516 	 -0.063293
6.778304 	 4.153656 	 -0.043697 	 -0.076630
6.824529 	 4.075775 	 -0.007862 	 -0.047913
6.873019 	 4.159943 	 -0.028783 	 -0.042999
6.916072 	 4.135315 	 -0.014892 	 -0.035034
6.964110 	 4.111298 	 -0.019643 	 -0.030365
7.009428 	 4.012512 	 -0.036698 	 -0.047607
7.054294 	 4.134521 	 -0.034887 	 -0.061279
7.103691 	 4.223755 	 -0.038829 	 -0.069824
7.147197 	 4.186615 	 -0.037785 	 -0.074524
7.193875 	 4.135284 	 -0.010504 	 -0.048309
7.241460 	 4.288452 	 -0.002621 	 -0.016449
7.289497 	 4.191528 	 -0.030072 	 -0.027496
7.335269 	 4.220490 	 -0.037412 	 -0.051483
7.378322 	 4.248871 	 -0.031180 	 -0.058044
7.426813 	 4.129486 	 -0.013987 	 -0.040253
7.477570 	 4.183655 	 -0.005369 	 -0.018433
7.518356 	 4.212769 	 -0.040342 	 -0.041565
7.565034 	 4.037903 	 -0.046019 	 -0.071045
7.612619 	 4.236450 	 -0.049055 	 -0.089569
7.658391 	 4.200043 	 -0.004282 	 -0.051697
7.708241 	 4.132629 	 0.001917 	 -0.010132
7.753560 	 4.155914 	 -0.026174 	 -0.018707
7.798425 	 4.347076 	 -0.037817 	 -0.046051
7.846463 	 4.239471 	 0.016682 	 -0.006042
7.892235 	 4.139801 	 -0.017481 	 -0.002167
7.938913 	 4.081299 	 -0.021359 	 -0.017670
7.986044 	 4.082642 	 -0.019633 	 -0.024902
8.030910 	 4.260681 	 -0.027793 	 -0.036896
8.076228 	 4.197845 	 -0.033705 	 -0.051239
8.126532 	 4.145355 	 -0.028688 	 -0.054169
8.170038 	 4.089417 	 -0.027122 	 -0.051849
8.215356 	 4.130615 	 0.002642 	 -0.020447
8.262035 	 4.146515 	 -0.015659 	 -0.012543
8.308260 	 4.233765 	 -0.018908 	 -0.019470
8.355844 	 4.276581 	 -0.007617 	 -0.011658
8.401163 	 4.169739 	 0.009460 	 0.013794
8.446028 	 4.279877 	 -0.027739 	 -0.007263
8.493613 	 4.249847 	 0.007947 	 0.007111
8.539838 	 4.047821 	 -0.015968 	 0.002411
8.585609 	 4.155365 	 -0.024118 	 -0.017975
8.633194 	 4.060333 	 0.006754 	 0.000977
8.677153 	 4.170593 	 -0.053476 	 -0.040009
8.724738 	 4.278778 	 -0.017896 	 -0.045502
8.774135 	 4.266357 	 -0.016458 	 -0.033081
8.820360 	 4.083710 	 -0.017747 	 -0.028015
8.868398 	 4.118347 	 0.001076 	 -0.006470
8.914622 	 4.214661 	 0.009332 	 0.019440
8.960394 	 4.190460 	 -0.008277 	 0.015656
9.005713 	 4.181580 	 -0.033247 	 -0.018097
9.051485 	 4.160004 	 0.001864 	 -0.007477
9.096350 	 4.132446 	 0.005188 	 0.015381
9.141669 	 4.099335 	 -0.016128 	 0.002991
9.191066 	 4.289734 	 -0.019185 	 -0.012360
9.235025 	 4.085724 	 -0.024735 	 -0.025940
9.283063 	 4.291504 	 0.002418 	 -0.006073
9.331100 	 4.108063 	 -0.039191 	 -0.031494
9.376872 	 4.309784 	 0.010344 	 -0.006500
9.421284 	 4.110687 	 -0.042451 	 -0.030029
9.470682 	 4.239166 	 -0.041641 	 -0.061432
9.518719 	 4.303650 	 -0.023191 	 -0.054840
9.564944 	 4.122040 	 -0.014860 	 -0.036865
9.609357 	 4.203766 	 0.018365 	 0.008453
9.654675 	 4.178925 	 -0.008970 	 0.015106
9.699088 	 4.171326 	 -0.025822 	 -0.011383
9.744859 	 4.155823 	 -0.033002 	 -0.038757
9.796976 	 4.103821 	 -0.034259 	 -0.055573
9.841388 	 4.179810 	 -0.010003 	 -0.036011
9.888066 	 4.146423 	 -0.003931 	 -0.011383
9.934291 	 4.230804 	 -0.031926 	 -0.027313
9.979156 	 4.320953 	 -0.006136 	 -0.019531
10.028101 	 4.186035 	 -0.007574 	 -0.006775
10.072513 	 4.187683 	 -0.021902 	 -0.016724
10.118738 	 4.269958 	 0.018408 	 0.014618
10.166322 	 4.141510 	 -0.063500 	 -0.039612
10.215266 	 4.340698 	 0.000192 	 -0.030792
10.259225 	 4.185242 	 -0.017023 	 -0.018555
10.306357 	 4.066681 	 -0.006477 	 -0.007904
10.352129 	 4.132477 	 0.009705 	 0.016907
10.400166 	 4.136597 	 0.024363 	 0.048340
10.440953 	 4.215668 	 0.008053 	 0.052856
10.491710 	 4.279480 	 -0.025151 	 0.012878
10.540201 	 4.225647 	 0.026898 	 0.036224
10.583707 	 4.128845 	 -0.012133 	 0.026398
10.629478 	 4.215302 	 -0.003494 	 0.014160
10.677969 	 4.232391 	 -0.004048 	 0.012848
10.722835 	 4.087952 	 -0.044933 	 -0.030365
10.768607 	 4.232605 	 -0.014552 	 -0.034821
10.815285 	 4.330688 	 -0.024011 	 -0.034363
10.861510 	 4.215027 	 -0.017385 	 -0.029846
10.911360 	 4.209473 	 -0.000160 	 -0.008575
10.956679 	 4.201691 	 -0.022882 	 -0.016266
11.001544 	 4.123413 	 0.011739 	 0.007751
11.047769 	 4.230804 	 0.005124 	 0.026367
11.092635 	 4.147644 	 -0.052677 	 -0.028992
11.139766 	 4.268036 	 -0.017875 	 -0.040771
11.185085 	 4.094330 	 0.004794 	 -0.007324
11.232669 	 4.277527 	 -0.015436 	 -0.004639
11.279800 	 4.265991 	 -0.007606 	 -0.003632
11.327385 	 4.168579 	 0.013188 	 0.022003
11.373610 	 4.180176 	 0.004762 	 0.033142
11.420288 	 4.256439 	 0.026493 	 0.056610
11.464700 	 4.318451 	 -0.010333 	 0.037567
11.510019 	 4.191620 	 0.005092 	 0.032654
11.560323 	 4.046814 	 -0.001278 	 0.028198
11.605641 	 4.224701 	 -0.025492 	 -0.002167
11.652773 	 4.102234 	 -0.013742 	 -0.012085
11.695825 	 4.216125 	 0.001822 	 0.003815
11.747035 	 4.326965 	 -0.021657 	 -0.007416
11.793260 	 4.082520 	 -0.019430 	 -0.020142
11.836313 	 4.220825 	 -0.005518 	 -0.009308
11.883444 	 4.099152 	 0.000895 	 0.007751
11.929669 	 4.145721 	 -0.017534 	 -0.000946
11.974988 	 4.245361 	 0.009566 	 0.014252
12.019853 	 4.184723 	 0.005816 	 0.028656
12.068344 	 4.205475 	 -0.019835 	 0.006714
12.115929 	 4.095551 	 -0.009023 	 -0.003021
12.161700 	 4.201813 	 -0.025204 	 -0.018738
12.207472 	 4.287048 	 0.001310 	 -0.005035
12.253697 	 4.175110 	 0.037231 	 0.050690
12.302641 	 4.209351 	 -0.018141 	 0.031433
12.347054 	 4.270203 	 0.023415 	 0.042572
12.392372 	 4.108459 	 0.005635 	 0.047668
12.437691 	 4.139069 	 -0.009428 	 0.025879
12.489354 	 4.170258 	 -0.023170 	 -0.003967
12.535126 	 4.150787 	 -0.004708 	 -0.003143
12.579991 	 4.246002 	 -0.027974 	 -0.020020
12.620778 	 4.283264 	 -0.035899 	 -0.045288
12.669269 	 4.272430 	 -0.011079 	 -0.034271
12.712775 	 4.281769 	 0.014552 	 0.007507
12.762172 	 4.274414 	 -0.012804 	 0.007599
12.804771 	 4.098175 	 0.010003 	 0.021362
12.850996 	 4.098511 	 -0.019771 	 0.004883
12.897675 	 4.312805 	 0.022605 	 0.031342
12.949791 	 4.151672 	 -0.008810 	 0.026245
12.991484 	 4.138855 	 0.005763 	 0.026215
13.038615 	 4.200745 	 0.006754 	 0.033783
13.083934 	 4.212677 	 -0.011835 	 0.018768
13.132425 	 4.100830 	 -0.019718 	 -0.004272
13.177290 	 4.086700 	 0.004133 	 0.007141
13.225328 	 4.139587 	 -0.003057 	 0.014313
13.269287 	 4.231812 	 0.025375 	 0.044189
13.315059 	 4.183655 	 0.014328 	 0.057617
13.362643 	 4.089478 	 0.008852 	 0.054443
13.409322 	 4.239319 	 -0.014946 	 0.024170
13.456453 	 4.094635 	 -0.025300 	 -0.008514
13.501772 	 4.197296 	 -0.030786 	 -0.033661
13.551622 	 4.155334 	 -0.001278 	 -0.016388
13.595581 	 4.169983 	 -0.002035 	 0.002747
13.640446 	 4.227844 	 -0.006977 	 0.005493
13.688484 	 4.251587 	 -0.010344 	 0.001099
13.733350 	 4.306793 	 -0.003760 	 0.003937
13.783653 	 4.127380 	 0.004783 	 0.018402
13.828065 	 4.201752 	 0.002205 	 0.024445
13.873837 	 4.345459 	 0.036187 	 0.062073
13.921422 	 4.153229 	 0.014562 	 0.070740
13.969460 	 4.115356 	 0.015990 	 0.067871
14.013872 	 4.121613 	 -0.005657 	 0.043793
14.059644 	 4.239380 	 -0.001481 	 0.027893
14.107228 	 4.250458 	 0.009630 	 0.034943
14.153000 	 4.120667 	 -0.008511 	 0.022675
14.198318 	 4.151520 	 -0.015042 	 0.004028
14.246809 	 4.241638 	 0.001790 	 0.009552
14.290768 	 4.246429 	 -0.006104 	 0.010986
14.340166 	 4.020630 	 -0.017673 	 -0.003052
14.384578 	 4.243561 	 0.033854 	 0.039764
14.433522 	 4.231934 	 -0.025204 	 0.017822
14.476575 	 4.200623 	 -0.021827 	 -0.010834
14.525519 	 4.201843 	 -0.022424 	 -0.022797
14.572650 	 4.204590 	 0.002663 	 -0.003571
14.615250 	 4.156525 	 0.025971 	 0.039795
14.662381 	 4.132141 	 0.005774 	 0.046783
14.707700 	 4.169739 	 0.013902 	 0.049805
14.758003 	 4.078247 	 -0.035495 	 0.003387
14.801962 	 4.196564 	 0.014807 	 0.014801
14.848187 	 4.100433 	 -0.008448 	 0.017059
14.893959 	 4.305206 	 0.019058 	 0.036957
14.941997 	 4.101959 	 0.043655 	 0.082550
14.987315 	 4.313385 	 -0.015968 	 0.050507
15.036713 	 4.164520 	 -0.024757 	 0.002960
15.078859 	 4.323456 	 0.021465 	 0.027039
15.126897 	 4.092682 	 0.001119 	 0.035370
15.172668 	 4.163025 	 -0.018557 	 0.009186
15.220253 	 4.272919 	 0.008149 	 0.016449
15.265118 	 4.134521 	 -0.007936 	 0.014679
15.314063 	 4.184540 	 0.005955 	 0.021881
15.358928 	 4.228485 	 -0.016927 	 0.006775
15.406966 	 4.140686 	 0.017406 	 0.026184
15.452284 	 4.126678 	 0.004645 	 0.035706
15.497150 	 4.097565 	 -0.018482 	 0.010956
15.544281 	 4.163757 	 0.026472 	 0.037537
15.592319 	 4.195251 	 -0.002397 	 0.037781
15.639450 	 4.220764 	 0.004517 	 0.033966
15.684315 	 4.306915 	 0.016501 	 0.047028
15.730994 	 4.162231 	 0.039521 	 0.081268
15.779938 	 4.052612 	 0.007489 	 0.072845
15.824350 	 4.203796 	 -0.016469 	 0.030731
15.873294 	 4.262665 	 -0.025257 	 -0.005432
15.918159 	 4.297455 	 0.010706 	 0.011292
15.963931 	 4.138763 	 -0.019441 	 0.001923
16.010156 	 4.188568 	 -0.036059 	 -0.031738
16.056381 	 4.075623 	 0.017023 	 0.002350
16.103513 	 4.206543 	 -0.002344 	 0.016510
16.148831 	 4.066650 	 -0.002674 	 0.015259
16.194150 	 4.242371 	 0.018472 	 0.037415
16.244907 	 4.133728 	 0.013081 	 0.049927
16.284787 	 4.177734 	 0.004261 	 0.044647
16.333731 	 4.231506 	 -0.002748 	 0.031342
16.380862 	 4.120453 	 0.000778 	 0.026581
16.428447 	 4.213593 	 -0.012293 	 0.010834
16.472859 	 4.304443 	 0.014690 	 0.028809
16.519991 	 4.084381 	 -0.007979 	 0.022522
16.567122 	 4.118591 	 -0.003739 	 0.014954
16.612440 	 4.180450 	 0.011217 	 0.029907
16.660025 	 4.177185 	 -0.036656 	 -0.009216
16.703531 	 4.101166 	 0.001949 	 -0.004456
16.751569 	 4.205414 	 0.009928 	 0.021698
16.798247 	 4.241455 	 0.027921 	 0.056580
16.844925 	 4.216766 	 -0.026291 	 0.020813
16.892056 	 4.133118 	 0.021785 	 0.033325
16.939641 	 4.103973 	 -0.007063 	 0.028076
16.983600 	 4.200592 	 -0.007457 	 0.014557
17.032544 	 4.164825 	 -0.020986 	 -0.004791
17.077863 	 4.202545 	 0.014946 	 0.017853
17.122728 	 4.149384 	 -0.015830 	 0.010468
17.169859 	 4.044922 	 0.002653 	 0.013947
17.212912 	 4.229248 	 -0.015010 	 0.004852
17.263216 	 4.263611 	 0.008874 	 0.018402
17.309441 	 4.192139 	 0.013976 	 0.039398
17.356119 	 4.189850 	 0.000394 	 0.036530
17.402797 	 4.197632 	 -0.022562 	 0.005371
17.448116 	 4.219574 	 0.005550 	 0.011292
17.495700 	 4.127686 	 0.016629 	 0.037781
17.541019 	 4.202362 	 -0.029966 	 0.004791
17.589056 	 4.200928 	 -0.012613 	 -0.010712
17.631656 	 4.153778 	 -0.026706 	 -0.025574
17.681506 	 4.192322 	 -0.001257 	 -0.010590
17.728638 	 4.110535 	 -0.008480 	 -0.001190
17.769878 	 4.213776 	 0.015510 	 0.024750
17.820181 	 4.280670 	 -0.003260 	 0.026825
17.867766 	 4.283386 	 -0.006562 	 0.015961
17.910818 	 4.135529 	 0.013614 	 0.031830
17.959309 	 4.327057 	 0.023468 	 0.057037
18.003722 	 4.287598 	 -0.005156 	 0.041931
18.051306 	 4.157532 	 -0.007563 	 0.021759
18.098891 	 4.247528 	 0.015382 	 0.035583
18.140584 	 4.290710 	 -0.115432 	 -0.086212
18.190434 	 4.195648 	 0.000330 	 -0.071564
18.238019 	 4.177429 	 0.039915 	 0.023102
18.282884 	 4.077240 	 0.019452 	 0.059113
18.330469 	 4.283356 	 0.032235 	 0.080322
18.375334 	 4.223328 	 0.039777 	 0.104431
18.424731 	 4.158661 	 0.021380 	 0.097565
18.469597 	 4.198608 	 -0.028091 	 0.035309
18.517181 	 4.130707 	 0.010173 	 0.028412
18.564766 	 4.169617 	 -0.004762 	 0.024963
18.607819 	 4.229828 	 0.012485 	 0.034851
18.653590 	 4.151611 	 -0.017247 	 0.015594
18.700722 	 4.187439 	 -0.006221 	 0.006104
18.752385 	 4.224548 	 0.022211 	 0.036469
18.791812 	 4.135376 	 0.016938 	 0.056152
18.842116 	 4.218353 	 0.025556 	 0.071808
18.889247 	 4.126709 	 0.003601 	 0.058228
18.931847 	 4.067505 	 -0.000192 	 0.039001
18.981244 	 4.118469 	 0.006264 	 0.037292
19.027016 	 4.130463 	 0.006253 	 0.037964
19.072334 	 4.076843 	 0.022988 	 0.056793
19.119466 	 4.251099 	 -0.014903 	 0.031403
19.163425 	 4.159271 	 0.010258 	 0.031738
19.213728 	 4.224792 	 0.026877 	 0.059052
19.259047 	 4.209442 	 0.014520 	 0.065674
19.306178 	 4.143494 	 -0.007563 	 0.038849
19.352403 	 4.098175 	 -0.002418 	 0.021301
19.396815 	 4.134888 	 0.010749 	 0.035675
19.442587 	 4.320831 	 0.005145 	 0.038513
19.489265 	 4.234253 	 0.021891 	 0.054687
19.538210 	 4.212555 	 0.004463 	 0.049988
19.585794 	 4.110291 	 -0.008139 	 0.028564
19.629300 	 4.240509 	 0.014434 	 0.039612
19.676431 	 4.183685 	 0.013497 	 0.049896
19.723563 	 4.303497 	 -0.007510 	 0.031860
19.769334 	 4.203583 	 0.009960 	 0.034058
19.815559 	 4.220673 	 -0.024501 	 0.006073
19.861331 	 4.119446 	 -0.020773 	 -0.015167
19.912088 	 4.196777 	 -0.022413 	 -0.026733
19.954687 	 4.190308 	 -0.024277 	 -0.033295
20.002272 	 4.125397 	 -0.032576 	 -0.046234
20.048497 	 4.220398 	 -0.005784 	 -0.027557
20.094722 	 4.182526 	 0.000011 	 -0.002228
20.139134 	 4.156372 	 -0.015734 	 -0.004791
20.186266 	 4.122406 	 -0.009545 	 -0.006287
20.228865 	 4.247650 	 0.005209 	 0.010284
20.277809 	 4.316498 	 -0.016426 	 0.000763
20.325394 	 4.140625 	 -0.002450 	 0.003784
20.370259 	 4.159668 	 -0.007031 	 0.005859
20.419656 	 4.140778 	 -0.016714 	 -0.004578
20.464069 	 4.127563 	 0.000405 	 0.004486
20.511200 	 4.113556 	 -0.005454 	 0.008881
20.557425 	 4.156616 	 0.005230 	 0.019714
20.606822 	 4.255127 	 0.012080 	 0.035583
20.649422 	 4.165588 	 -0.030104 	 0.002228
20.699272 	 4.343506 	 0.014317 	 0.016937
20.743684 	 4.209686 	 0.028570 	 0.056091
20.789909 	 4.160980 	 -0.003899 	 0.045166
20.838400 	 4.140472 	 0.010525 	 0.042145
20.883719 	 4.309967 	 0.014413 	 0.050720
20.931757 	 4.341583 	 -0.027569 	 0.012543
20.976622 	 4.134552 	 -0.002141 	 0.005493
21.021941 	 4.232483 	 0.018770 	 0.034393
21.067259 	 4.093475 	 0.010205 	 0.045471
21.116656 	 4.133850 	 0.006349 	 0.043610
21.161975 	 4.201050 	 -0.016682 	 0.017517
21.205028 	 4.255768 	 -0.011601 	 0.001434
21.253519 	 4.088318 	 -0.014200 	 -0.007141
21.302916 	 4.122925 	 0.048864 	 0.054230
21.348688 	 4.154541 	 -0.000192 	 0.057526
21.392194 	 4.165802 	 -0.017545 	 0.020233
21.438872 	 4.265656 	 -0.010940 	 0.003998
21.486003 	 4.171722 	 0.034866 	 0.045898
21.530869 	 4.196503 	 -0.003526 	 0.043121
21.574828 	 4.218506 	 -0.024725 	 0.004547
21.626491 	 4.259277 	 0.018908 	 0.024353
21.669543 	 4.157776 	 -0.005092 	 0.025635
21.718034 	 4.132782 	 0.001577 	 0.024078
21.766978 	 4.070160 	 0.003270 	 0.027924
21.810484 	 4.175934 	 -0.026536 	 -0.001038
21.857162 	 4.151886 	 -0.006157 	 -0.004730
21.903387 	 4.234711 	 0.012410 	 0.020752
21.950519 	 4.035614 	 -0.000607 	 0.026520
21.994478 	 4.214569 	 -0.004570 	 0.020081
22.040703 	 4.237396 	 -0.005145 	 0.014709
22.087381 	 4.147491 	 0.018418 	 0.036652
22.135872 	 4.213715 	 0.032810 	 0.071045
22.181644 	 4.173157 	 -0.020741 	 0.035156
22.227869 	 4.164795 	 0.024490 	 0.045593
22.273640 	 4.224548 	 -0.029050 	 0.012939
22.322131 	 4.165466 	 -0.008362 	 -0.002380
22.365637 	 4.224731 	 0.017481 	 0.027344
22.414581 	 4.112518 	 0.001790 	 0.033844
22.463525 	 4.174438 	 0.010109 	 0.039337
22.507484 	 4.332245 	 0.002866 	 0.037170
22.552803 	 4.167572 	 0.015489 	 0.045319

 Z Turning Point (V) = 0.848694 
 Turning Time Delay (ms) = 0 
 SEN (V) =  
 App. Driving Voltage (mVrms) = 0.005000 
 App. Vias. Voltage (V) = 0.000000 
 App. Del Z (Bit) = -10 
 App. Delay Time (ms) = 400 
 App. Velocity (nm/s) = -0.113298 
 Ret. Driving Voltage (mVrms) = 0.005000 
 Ret. Vias. Voltage (V) = 0.000000 
 Ret. Del Z (Bit) = -10 
 Ret. Delay Time (ms) = 400 
 Ret. Velocity (nm/s) = -0.113298 
  
 Data Array Size = 1252 
 Frequency (Hz) = sen.
 
