23.157806 	 4.090942 	 0.020986 	 0.050049
23.110222 	 4.073578 	 -0.000820 	 0.042847
23.063997 	 4.212585 	 -0.010333 	 0.020721
23.017319 	 4.195496 	 -0.005369 	 0.011322
22.970187 	 4.205597 	 -0.005326 	 0.009827
22.925322 	 4.091400 	 0.005401 	 0.021698
22.877737 	 4.143585 	 0.004740 	 0.029572
22.832419 	 4.196136 	 0.018642 	 0.047791
22.782115 	 4.140503 	 0.021359 	 0.064697
22.739516 	 4.257721 	 -0.009438 	 0.040039
22.691478 	 4.243774 	 -0.016331 	 0.010162
22.645706 	 4.294861 	 0.007137 	 0.018433
22.601294 	 4.134430 	 -0.026227 	 -0.003571
22.555069 	 4.243652 	 0.012591 	 0.013611
22.508391 	 4.133698 	 0.017939 	 0.042908
22.462166 	 4.199036 	 -0.018898 	 0.019257
22.415941 	 4.123688 	 0.021806 	 0.036194
22.369263 	 4.197754 	 0.005752 	 0.044159
22.324397 	 4.360535 	 0.006349 	 0.042603
22.276360 	 4.370605 	 0.004368 	 0.038269
22.230135 	 4.266632 	 0.011633 	 0.044128
22.180284 	 4.129181 	 -0.024299 	 0.011627
22.136778 	 4.163361 	 -0.032853 	 -0.026917
22.091006 	 4.044891 	 -0.019207 	 -0.031647
22.046594 	 4.252625 	 0.021976 	 0.013489
21.998103 	 4.032745 	 -0.019707 	 0.006989
21.951878 	 4.118744 	 0.020922 	 0.029175
21.905653 	 4.193176 	 0.007414 	 0.041809
21.858522 	 4.337921 	 -0.007425 	 0.026825
21.811391 	 4.245087 	 -0.012687 	 0.007538
21.765619 	 4.270050 	 0.001917 	 0.013641
21.721660 	 4.235382 	 -0.017332 	 0.001770
21.672263 	 4.207764 	 -0.003675 	 0.001923
21.626944 	 4.230835 	 -0.013199 	 -0.001709
21.579813 	 4.224884 	 -0.003878 	 0.001892
21.533588 	 4.248840 	 0.002674 	 0.014221
21.487816 	 4.105408 	 0.008682 	 0.029053
21.440685 	 4.068970 	 -0.042941 	 -0.015259
21.394460 	 4.184357 	 -0.009428 	 -0.021545
21.350500 	 4.215820 	 0.017321 	 0.017914
21.302463 	 4.331604 	 -0.001587 	 0.025787
21.254878 	 4.228363 	 0.007191 	 0.030212
21.211372 	 4.193909 	 -0.011526 	 0.016693
21.165147 	 4.175751 	 0.009587 	 0.024902
21.118469 	 4.077820 	 0.002599 	 0.029968
21.070885 	 4.145447 	 -0.015766 	 0.010651
21.024660 	 4.248840 	 -0.030339 	 -0.020172
20.975262 	 4.203430 	 -0.012048 	 -0.021149
20.929944 	 4.062744 	 -0.010866 	 -0.012695
20.885985 	 4.290680 	 -0.013071 	 -0.010284
20.838853 	 4.180695 	 -0.018653 	 -0.017120
20.790363 	 4.199707 	 -0.016416 	 -0.019745
20.742778 	 4.201447 	 -0.018717 	 -0.022583
20.699725 	 4.160583 	 -0.019420 	 -0.025269
20.650328 	 4.157532 	 -0.023606 	 -0.031647
20.606369 	 4.221558 	 0.017630 	 0.007904
20.559691 	 4.180084 	 -0.002344 	 0.019958
20.512106 	 4.256165 	 0.011771 	 0.032440
20.466788 	 4.141876 	 0.032863 	 0.065918
20.421016 	 4.183868 	 -0.009023 	 0.045715
20.373431 	 4.142456 	 -0.002834 	 0.026550
20.327660 	 4.212189 	 0.004698 	 0.028564
20.283247 	 4.148834 	 -0.000117 	 0.027618
20.233850 	 4.169983 	 0.023851 	 0.049713
20.190797 	 4.177368 	 -0.006679 	 0.037994
20.140494 	 4.268677 	 -0.026451 	 -0.000031
20.096535 	 4.289978 	 0.031937 	 0.036987
20.048497 	 4.065582 	 -0.028070 	 0.012634
20.000912 	 4.218170 	 0.014871 	 0.023254
19.955594 	 4.154541 	 -0.016480 	 0.012634
19.907556 	 4.116791 	 -0.005465 	 0.005890
19.862691 	 4.201385 	 0.010099 	 0.024292
19.818279 	 4.078217 	 0.004623 	 0.032776
19.767522 	 4.094391 	 -0.013316 	 0.015656
19.723109 	 4.264038 	 -0.017428 	 -0.004333
19.677338 	 4.083710 	 0.026568 	 0.030670
19.628847 	 4.153015 	 0.000458 	 0.038574
19.584435 	 4.270081 	 0.000053 	 0.029999
19.537756 	 4.276947 	 0.003217 	 0.029510
19.491078 	 4.244415 	 -0.022307 	 0.004578
19.444400 	 4.062683 	 0.017524 	 0.023987
19.398628 	 4.115051 	 -0.003590 	 0.026184
19.352403 	 4.213745 	 0.025470 	 0.048920
19.305272 	 4.215546 	 -0.021114 	 0.022827
19.259953 	 4.142456 	 -0.009001 	 0.004395
19.214182 	 4.117645 	 0.033737 	 0.046906
19.166597 	 4.221680 	 0.026770 	 0.075806
19.120372 	 4.257843 	 -0.016778 	 0.038818
19.074600 	 4.319611 	 0.016586 	 0.041626
19.027922 	 4.151886 	 -0.001204 	 0.036499
18.982150 	 4.214874 	 0.035814 	 0.066315
18.933659 	 4.213898 	 -0.021912 	 0.035187
18.888341 	 4.085876 	 0.005539 	 0.025513
18.842116 	 4.245605 	 -0.004943 	 0.020966
18.797704 	 4.131866 	 0.027292 	 0.049194
18.746947 	 4.242706 	 -0.004176 	 0.040771
18.701628 	 4.165619 	 -0.016224 	 0.010773
18.654497 	 4.220734 	 0.000575 	 0.011322
18.609631 	 4.266571 	 0.016991 	 0.036987
18.563406 	 4.324432 	 0.023340 	 0.060822
18.518994 	 4.113739 	 -0.008341 	 0.040314
18.470503 	 4.135559 	 0.008884 	 0.037323
18.423372 	 4.206787 	 0.039287 	 0.074463
18.377147 	 4.166168 	 0.003686 	 0.066315
18.331828 	 4.180420 	 -0.036123 	 0.005463
18.284697 	 4.163025 	 0.001193 	 0.000549
18.239378 	 4.234863 	 -0.021806 	 -0.009064
18.192247 	 4.189514 	 0.033268 	 0.034363
18.146928 	 4.267120 	 0.018472 	 0.061035
18.098891 	 4.110687 	 0.006136 	 0.054016
18.055838 	 4.149414 	 0.044986 	 0.086456
18.007800 	 4.329681 	 -0.006402 	 0.062286
17.960669 	 4.251343 	 0.011164 	 0.050262
17.911725 	 4.243713 	 0.008053 	 0.049011
17.868219 	 4.248077 	 0.011057 	 0.049316
17.819275 	 4.105011 	 -0.004059 	 0.035187
17.772144 	 4.172852 	 0.012101 	 0.040527
17.728185 	 4.199646 	 0.004495 	 0.040588
17.679694 	 4.164734 	 0.028858 	 0.062164
17.637547 	 4.149506 	 0.003206 	 0.056030
17.588603 	 4.168304 	 -0.001214 	 0.038025
17.542378 	 4.170105 	 -0.012815 	 0.016144
17.497966 	 4.182739 	 -0.035963 	 -0.022095
17.450381 	 4.243500 	 0.015564 	 0.004730
17.402344 	 4.245392 	 -0.010482 	 0.010773
17.355212 	 4.195557 	 -0.013486 	 -0.000885
17.311707 	 4.254730 	 0.007276 	 0.014923
17.263669 	 4.125488 	 -0.006935 	 0.014954
17.217444 	 4.138916 	 0.001023 	 0.016571
17.168500 	 4.167603 	 0.015063 	 0.036072
17.124088 	 4.205658 	 0.013976 	 0.050079
17.079222 	 4.132629 	 -0.012016 	 0.028961
17.032997 	 4.244568 	 0.006903 	 0.027740
16.985413 	 4.259460 	 -0.011910 	 0.015839
16.941000 	 4.297455 	 -0.021220 	 -0.006836
16.891603 	 4.134430 	 0.020442 	 0.022217
16.843565 	 4.186615 	 0.023713 	 0.056030
16.800966 	 4.125519 	 -0.033684 	 0.012390
16.754288 	 4.225067 	 -0.024203 	 -0.020905
16.706703 	 4.246521 	 -0.004059 	 -0.010864
16.661385 	 4.084015 	 0.022648 	 0.030273
16.611987 	 4.098206 	 -0.001619 	 0.033295
16.566669 	 4.129059 	 -0.022424 	 0.004242
16.519084 	 4.180817 	 0.007617 	 0.012695
16.474219 	 4.189636 	 0.014658 	 0.036530
16.426181 	 4.189758 	 0.005806 	 0.041687
16.382222 	 4.160645 	 0.005582 	 0.039825
16.332825 	 4.143616 	 0.012389 	 0.046265
16.290678 	 4.194519 	 -0.010376 	 0.027679
16.241281 	 4.197510 	 -0.002503 	 0.018341
16.196869 	 4.201447 	 -0.002983 	 0.017426
16.148831 	 4.206696 	 0.005252 	 0.025208
16.103059 	 4.102631 	 0.001150 	 0.026733
16.053662 	 4.183746 	 0.023415 	 0.049744
16.010609 	 4.124878 	 -0.015095 	 0.028412
15.963025 	 4.218567 	 0.019047 	 0.039154
15.916800 	 4.152740 	 -0.004059 	 0.034393
15.872388 	 4.042206 	 0.019569 	 0.046844
15.826616 	 4.142670 	 -0.007553 	 0.033051
15.778125 	 4.092621 	 -0.008671 	 0.014221
15.731447 	 4.180573 	 -0.002684 	 0.014252
15.684315 	 4.284698 	 0.029945 	 0.048218
15.637184 	 4.259247 	 0.009609 	 0.056213
15.590959 	 4.229279 	 -0.013721 	 0.027557
15.546094 	 4.197479 	 0.024757 	 0.045593
15.500322 	 4.312805 	 0.010770 	 0.054596
15.453644 	 4.167450 	 0.001321 	 0.042725
15.406512 	 4.222626 	 -0.016352 	 0.013367
15.361194 	 4.070038 	 0.029913 	 0.044037
15.313156 	 4.134003 	 0.039937 	 0.086426
15.266478 	 4.200653 	 -0.031234 	 0.034332
15.219347 	 4.227295 	 -0.009982 	 0.005402
15.176747 	 4.212341 	 0.015595 	 0.027924
15.125537 	 4.236389 	 -0.007308 	 0.023987
15.082031 	 4.140442 	 -0.018067 	 0.001404
15.035806 	 4.209503 	 -0.001278 	 0.005219
14.989128 	 4.060425 	 0.001672 	 0.016174
14.944263 	 4.123688 	 0.008053 	 0.029572
14.897131 	 4.297729 	 -0.015446 	 0.013031
14.850453 	 4.178589 	 0.007201 	 0.020233
14.803775 	 4.174622 	 0.020197 	 0.045898
14.756190 	 4.175995 	 0.022253 	 0.064758
14.710419 	 4.199280 	 0.015073 	 0.066803
14.665100 	 4.149719 	 -0.025801 	 0.022003
14.617969 	 4.147644 	 0.006999 	 0.018677
14.570384 	 4.250366 	 -0.005614 	 0.019775
14.526878 	 4.029327 	 -0.029252 	 -0.010406
14.479747 	 4.246155 	 -0.006083 	 -0.010803
14.431256 	 4.150360 	 -0.009832 	 -0.005219
14.387297 	 4.261932 	 0.001811 	 0.008148
14.338806 	 4.150696 	 0.010205 	 0.028259
14.293941 	 4.171936 	 -0.009417 	 0.019165
14.246356 	 4.135529 	 0.002940 	 0.019989
14.201491 	 4.219025 	 0.002876 	 0.027344
14.152094 	 4.148468 	 -0.019888 	 0.005432
14.104962 	 4.274475 	 -0.000053 	 0.006744
14.057378 	 4.215576 	 0.000362 	 0.016510
14.012512 	 4.277802 	 0.001278 	 0.022125
13.966740 	 4.224579 	 -0.009907 	 0.012604
13.919156 	 4.220764 	 0.024767 	 0.039856
13.874744 	 4.271301 	 0.002450 	 0.043121
13.829878 	 4.187561 	 -0.031202 	 -0.000061
13.781841 	 4.103302 	 0.011558 	 0.012878
13.736069 	 4.073792 	 0.029817 	 0.054871
13.691203 	 4.149384 	 0.021934 	 0.072357
13.642712 	 4.185791 	 -0.001140 	 0.052704
13.595581 	 4.134338 	 -0.030349 	 0.004944
13.545731 	 4.211700 	 -0.001438 	 0.001770
13.504491 	 4.227814 	 -0.038648 	 -0.026184
13.456906 	 4.140564 	 0.003718 	 -0.009216
13.411134 	 4.199310 	 0.045455 	 0.058899
13.364003 	 4.106323 	 -0.024490 	 0.031616
13.317778 	 4.093506 	 -0.017545 	 -0.001068
13.272006 	 4.109528 	 0.011217 	 0.016602
13.225328 	 4.233612 	 0.037295 	 0.064850
13.180009 	 4.218048 	 0.010013 	 0.065887
13.130612 	 4.135223 	 0.012389 	 0.058838
13.087106 	 4.255615 	 0.014189 	 0.058929
13.043600 	 4.227814 	 -0.002237 	 0.042023
12.993750 	 4.195709 	 -0.003047 	 0.027679
12.948885 	 4.310150 	 -0.022679 	 0.001190
12.901753 	 4.254242 	 0.022573 	 0.027771
12.855075 	 4.330505 	 0.000362 	 0.034607
12.808397 	 4.071777 	 0.018429 	 0.046417
12.763531 	 4.272034 	 0.013667 	 0.054687
12.715947 	 4.217896 	 -0.009161 	 0.033295
12.669269 	 4.198639 	 -0.000181 	 0.023285
12.624403 	 4.146606 	 0.020794 	 0.045288
12.575006 	 4.063141 	 -0.000533 	 0.040894
12.530141 	 4.266693 	 -0.021167 	 0.009003
12.483009 	 4.137909 	 -0.003665 	 0.004852
12.436331 	 4.125732 	 -0.012986 	 -0.000488
12.389653 	 4.226837 	 0.011228 	 0.019501
12.345241 	 4.231476 	 -0.016426 	 0.008759
12.299016 	 4.168610 	 0.019100 	 0.030029
12.250525 	 4.081573 	 0.033748 	 0.068939
12.206113 	 4.175964 	 0.021944 	 0.080963
12.160341 	 4.183044 	 -0.010429 	 0.045746
12.110490 	 4.168518 	 -0.005891 	 0.022491
12.065172 	 4.154327 	 0.001310 	 0.022583
12.019400 	 4.175659 	 0.012943 	 0.036591
11.976347 	 4.135284 	 -0.017406 	 0.014893
11.925137 	 4.257782 	 0.021028 	 0.034332
11.877100 	 4.270477 	 -0.018951 	 0.017517
11.833594 	 4.087402 	 -0.005795 	 0.006531
11.788275 	 4.169678 	 -0.013742 	 -0.001923
11.739331 	 4.227600 	 -0.022882 	 -0.018066
11.694012 	 4.233124 	 -0.008767 	 -0.014160
11.647787 	 4.111359 	 -0.000064 	 0.003571
11.602922 	 4.186737 	 -0.000117 	 0.013580
11.553072 	 4.181824 	 0.000245 	 0.019501
11.508659 	 4.197723 	 0.008256 	 0.031311
11.463341 	 4.217224 	 -0.023766 	 0.005981
11.416663 	 4.171692 	 -0.015809 	 -0.010864
11.370438 	 4.075653 	 -0.004975 	 -0.003967
11.324666 	 4.199799 	 -0.002759 	 0.005341
11.276628 	 4.126221 	 0.005827 	 0.020050
11.230856 	 4.195648 	 -0.016022 	 0.006561
11.186897 	 4.170349 	 -0.010067 	 -0.001221
11.141125 	 4.192657 	 0.000586 	 0.007782
11.090369 	 4.069000 	 -0.006988 	 0.009064
11.048676 	 4.162567 	 -0.021838 	 -0.009308
11.000638 	 4.163605 	 -0.008970 	 -0.011108
10.952147 	 4.011780 	 0.020165 	 0.025909
10.906375 	 4.038605 	 0.002152 	 0.034912
10.859244 	 4.159485 	 0.028666 	 0.058533
10.813019 	 4.146820 	 -0.024267 	 0.025116
10.765887 	 4.199280 	 0.021912 	 0.037628
10.719209 	 4.272705 	 -0.009108 	 0.029510
10.672984 	 4.051605 	 -0.022690 	 -0.001526
10.629025 	 4.172791 	 -0.003558 	 -0.000732
10.578722 	 4.061432 	 -0.004868 	 0.005829
10.535216 	 4.098511 	 -0.023372 	 -0.011200
10.486272 	 4.153717 	 0.016032 	 0.015015
10.442313 	 4.286804 	 0.010780 	 0.036896
10.393369 	 4.229919 	 -0.016458 	 0.015991
10.349409 	 4.314758 	 -0.015478 	 -0.002747
10.305450 	 4.212860 	 -0.017236 	 -0.012329
10.256053 	 4.206879 	 -0.006125 	 -0.006439
10.210735 	 4.249847 	 0.013571 	 0.022156
10.164056 	 4.280487 	 0.001726 	 0.029877
10.117831 	 4.097839 	 -0.010514 	 0.014740
10.069794 	 4.164581 	 -0.012080 	 0.002869
10.024928 	 4.142395 	 -0.020645 	 -0.011536
9.979610 	 4.193695 	 -0.001257 	 -0.002136
9.933385 	 4.259796 	 -0.018695 	 -0.007416
9.884441 	 4.198822 	 -0.029188 	 -0.029388
9.839575 	 4.172760 	 0.000895 	 -0.010651
9.791537 	 4.217621 	 0.027484 	 0.037567
9.743953 	 4.295807 	 0.006828 	 0.047028
9.699541 	 4.109070 	 0.016426 	 0.053925
9.652409 	 4.174835 	 0.016458 	 0.060150
9.606638 	 4.189728 	 -0.028538 	 0.015900
9.560866 	 4.108246 	 -0.019249 	 -0.011871
9.516907 	 4.167358 	 -0.023436 	 -0.024078
9.466150 	 4.164703 	 0.002748 	 -0.005035
9.422191 	 4.180420 	 0.019217 	 0.031158
9.375966 	 4.016449 	 0.001033 	 0.035248
9.327022 	 4.046478 	 0.015436 	 0.045319
9.280344 	 4.156189 	 0.003196 	 0.043335
9.235931 	 4.286011 	 -0.028773 	 0.003143
9.189706 	 4.259216 	 0.008117 	 0.012573
9.144841 	 4.354584 	 0.010780 	 0.032501
9.094991 	 4.262024 	 0.008362 	 0.040833
9.047406 	 4.344849 	 -0.009119 	 0.025421
8.998915 	 4.202179 	 0.011792 	 0.033508
8.958582 	 4.291626 	 -0.011867 	 0.020294
8.911450 	 4.267609 	 -0.040587 	 -0.025269
8.861147 	 4.193848 	 -0.000991 	 -0.016998
8.815828 	 4.142303 	 0.006370 	 0.010864
8.773228 	 4.254791 	 0.010120 	 0.031372
8.724738 	 4.254547 	 0.011047 	 0.042908
8.678059 	 4.112335 	 0.013603 	 0.050842
8.631834 	 4.284851 	 -0.012964 	 0.027069
8.583344 	 4.178711 	 0.006168 	 0.027802
8.537572 	 4.148529 	 -0.005092 	 0.021545
8.491347 	 4.217773 	 0.005593 	 0.025665
8.446481 	 4.219788 	 -0.039021 	 -0.014435
8.400256 	 4.252441 	 0.006956 	 -0.002228
8.352672 	 4.215729 	 -0.015276 	 -0.001617
8.304634 	 4.195679 	 -0.012879 	 -0.007233
8.260222 	 4.218964 	 0.010088 	 0.015015
8.213091 	 4.207031 	 0.007766 	 0.031219
8.165959 	 4.235687 	 -0.039532 	 -0.011200
8.122453 	 4.235352 	 -0.009353 	 -0.018280
8.073962 	 4.135437 	 -0.007851 	 -0.006744
8.028644 	 4.113556 	 0.019867 	 0.027191
7.982419 	 4.129486 	 -0.015265 	 0.016998
7.937100 	 4.149353 	 0.011196 	 0.025391
7.893141 	 4.263672 	 0.011047 	 0.040771
7.842838 	 4.185852 	 -0.027654 	 0.006714
7.797066 	 4.191437 	 -0.004985 	 -0.000824
7.752200 	 4.041473 	 -0.023223 	 -0.013763
7.705069 	 4.195404 	 -0.028283 	 -0.031616
7.658844 	 4.262787 	 0.012687 	 0.000580
7.608540 	 4.175903 	 -0.013859 	 0.003845
7.567300 	 4.168549 	 -0.014104 	 -0.005432
7.516997 	 4.213745 	 0.003174 	 0.007629
7.473038 	 4.170654 	 0.019952 	 0.038269
7.423640 	 4.069702 	 0.001353 	 0.039062
7.376962 	 4.041687 	 0.029391 	 0.061676
7.331644 	 4.229950 	 -0.029156 	 0.021729
7.285872 	 4.026489 	 -0.054744 	 -0.046509
7.237834 	 4.211548 	 -0.001971 	 -0.032104
7.191156 	 4.111176 	 -0.021667 	 -0.023865
7.145384 	 4.292297 	 -0.052123 	 -0.061005
7.099159 	 4.246674 	 -0.009918 	 -0.045349
7.055653 	 4.010834 	 -0.017939 	 -0.029572
7.007162 	 4.046570 	 -0.001353 	 -0.008514
6.960937 	 4.227844 	 0.003430 	 0.008453
6.913353 	 4.172943 	 -0.016373 	 -0.000153
6.865768 	 4.246490 	 -0.007127 	 -0.002167
6.819997 	 4.210907 	 -0.019303 	 -0.010559
6.775131 	 4.212677 	 0.002088 	 0.002197
6.729359 	 4.069672 	 -0.006562 	 0.007751
6.682228 	 4.169617 	 -0.016267 	 -0.003632
6.639629 	 4.160370 	 -0.017396 	 -0.014282
6.590685 	 4.166290 	 -0.008959 	 -0.009552
6.545366 	 4.066986 	 -0.012346 	 -0.008087
6.495969 	 4.241150 	 -0.001917 	 0.001770
6.450650 	 4.027679 	 -0.019121 	 -0.009003
6.403065 	 4.226227 	 -0.040011 	 -0.041412
6.358200 	 4.221832 	 -0.001587 	 -0.024231
6.312881 	 4.359375 	 -0.010280 	 -0.009644
6.264844 	 4.204132 	 -0.018600 	 -0.014801
6.219978 	 4.221649 	 -0.004964 	 -0.006653
6.171034 	 4.101166 	 -0.032235 	 -0.026337
6.123450 	 4.175812 	 0.002226 	 -0.010010
6.078131 	 3.998444 	 -0.015414 	 -0.007233
6.026921 	 4.372040 	 -0.009502 	 -0.007019
5.985681 	 4.185822 	 -0.033471 	 -0.028961
5.937190 	 4.200714 	 -0.018695 	 -0.032776
5.892778 	 4.180786 	 -0.025385 	 -0.035675
5.847913 	 4.283966 	 -0.066547 	 -0.082977
5.801234 	 4.094421 	 -0.037167 	 -0.089325
5.752290 	 4.171753 	 -0.013966 	 -0.057159
5.708331 	 4.065216 	 -0.007361 	 -0.026947
5.662106 	 4.211182 	 -0.019825 	 -0.022400
5.614069 	 4.148560 	 -0.011622 	 -0.017578
5.566031 	 4.170563 	 -0.060006 	 -0.062439
5.522072 	 4.199615 	 -0.035697 	 -0.076141
5.473581 	 4.096741 	 -0.027846 	 -0.065430
5.429169 	 4.235443 	 0.006285 	 -0.021271
5.384303 	 4.221619 	 -0.016458 	 -0.013031
5.338985 	 4.180054 	 -0.002589 	 -0.003052
5.288681 	 4.197571 	 -0.039308 	 -0.029816
5.243362 	 4.247620 	 -0.052699 	 -0.072205
5.198044 	 4.154327 	 -0.012922 	 -0.054596
5.151819 	 4.240204 	 -0.032693 	 -0.051331
5.104234 	 4.223602 	 -0.008245 	 -0.031586
5.060275 	 4.038635 	 0.001204 	 -0.003357
5.014503 	 4.170563 	 -0.044283 	 -0.034760
4.964653 	 4.146637 	 -0.038989 	 -0.061829
4.916162 	 4.400391 	 -0.012091 	 -0.044098
4.873109 	 4.210724 	 -0.027676 	 -0.040375
4.825525 	 4.239471 	 -0.036517 	 -0.054657
4.780206 	 4.134583 	 -0.019995 	 -0.047394
4.733981 	 4.266724 	 -0.037614 	 -0.054718
4.688210 	 4.118378 	 -0.040139 	 -0.068390
4.638812 	 4.242615 	 -0.071021 	 -0.108551
4.593947 	 4.202576 	 -0.033258 	 -0.099548
4.546362 	 4.042816 	 -0.024128 	 -0.070740
4.500137 	 4.269836 	 -0.027324 	 -0.057007
4.454819 	 4.273651 	 -0.021103 	 -0.044647
4.407234 	 4.199005 	 -0.062510 	 -0.082306
4.361462 	 4.290222 	 -0.046797 	 -0.099518
4.315237 	 4.269073 	 -0.036986 	 -0.089783
4.268106 	 4.264923 	 -0.064172 	 -0.110809
4.221881 	 4.161591 	 -0.022562 	 -0.087494
4.174750 	 4.091278 	 -0.032949 	 -0.070221
4.131697 	 4.122101 	 -0.052795 	 -0.087158
4.081847 	 4.120514 	 -0.030019 	 -0.080383
4.036528 	 4.140961 	 -0.044560 	 -0.081757
3.990303 	 4.184692 	 -0.050856 	 -0.095184
3.938640 	 4.297821 	 -0.060635 	 -0.114532
3.897400 	 4.298645 	 -0.058334 	 -0.123901
3.852988 	 4.171173 	 -0.061945 	 -0.131989
3.804950 	 4.259338 	 -0.051687 	 -0.125977
3.756459 	 4.277557 	 -0.027335 	 -0.093628
3.711594 	 4.203552 	 -0.088534 	 -0.133331
3.665369 	 4.158478 	 -0.046499 	 -0.132050
3.618690 	 4.200867 	 -0.058238 	 -0.126434
3.574731 	 4.301453 	 -0.063490 	 -0.133972
3.528506 	 4.155823 	 -0.069050 	 -0.145660
3.480469 	 4.211670 	 -0.073951 	 -0.158386
3.432431 	 4.236511 	 -0.053892 	 -0.144775
3.385753 	 4.207245 	 -0.053327 	 -0.130707
3.340887 	 4.158142 	 -0.056342 	 -0.126251
3.294662 	 4.041473 	 -0.073098 	 -0.143585
3.247531 	 4.107025 	 -0.081716 	 -0.167389
3.201759 	 4.164764 	 -0.063128 	 -0.162079
3.155534 	 4.172546 	 -0.076262 	 -0.167633
3.108856 	 4.187805 	 -0.067154 	 -0.164429
3.062631 	 3.944458 	 -0.071937 	 -0.163971
3.015953 	 4.048340 	 -0.031617 	 -0.124268
2.970634 	 4.221222 	 -0.077786 	 -0.137573
2.924863 	 4.187561 	 -0.048768 	 -0.132263
2.875465 	 4.226624 	 -0.054147 	 -0.123596
2.828334 	 4.211670 	 -0.073578 	 -0.143005
2.784828 	 4.162476 	 -0.075719 	 -0.160980
2.740869 	 4.178925 	 -0.075581 	 -0.169220
2.691472 	 4.256592 	 -0.108678 	 -0.207672
2.643887 	 4.187500 	 -0.071437 	 -0.200012
2.598569 	 4.226807 	 -0.073493 	 -0.184143
2.550984 	 4.103607 	 -0.096119 	 -0.201355
2.504306 	 4.131897 	 -0.092785 	 -0.213898
2.455362 	 4.077759 	 -0.110681 	 -0.236969
2.409590 	 4.132446 	 -0.105003 	 -0.248138
2.366084 	 4.088776 	 -0.093221 	 -0.239258
2.318953 	 4.305786 	 -0.104343 	 -0.242950
2.272728 	 4.159424 	 -0.060688 	 -0.202301
2.225143 	 4.081787 	 -0.081951 	 -0.188904
2.181638 	 4.096619 	 -0.086808 	 -0.197510
2.134959 	 4.235840 	 -0.127587 	 -0.245178
2.089641 	 3.827820 	 -0.375815 	 -0.541992
2.040244 	 3.675140 	 -0.380704 	 -0.780487
1.995831 	 3.612396 	 -0.361711 	 -0.868408
1.947794 	 3.710510 	 -0.340363 	 -0.878723
1.901569 	 3.740234 	 -0.334248 	 -0.870178
1.853984 	 3.682678 	 -0.362478 	 -0.893860
1.811838 	 3.621399 	 -0.351931 	 -0.905609
1.762894 	 3.697510 	 -0.369029 	 -0.924072
1.717122 	 3.668640 	 -0.349343 	 -0.919342
1.670444 	 3.708832 	 -0.328634 	 -0.887756
1.626031 	 3.669373 	 -0.311856 	 -0.847809
1.575728 	 3.694611 	 -0.293139 	 -0.803192
1.529503 	 3.630127 	 -0.286279 	 -0.769012
1.484184 	 3.723663 	 -0.304900 	 -0.770721
1.437053 	 3.659576 	 -0.324053 	 -0.799255
1.391281 	 3.870636 	 -0.257251 	 -0.749176
1.345509 	 3.692383 	 -0.322093 	 -0.767731
1.296565 	 3.647217 	 -0.242348 	 -0.718567
1.252606 	 3.696350 	 -0.277672 	 -0.701141
1.206834 	 3.727112 	 -0.277896 	 -0.708954
1.157437 	 3.774414 	 -0.279866 	 -0.713287
1.114838 	 3.661774 	 -0.240910 	 -0.674744
1.065894 	 3.528778 	 -0.243946 	 -0.644775
1.019669 	 3.630066 	 -0.237586 	 -0.626953
0.974350 	 3.687836 	 -0.238758 	 -0.616913
0.926312 	 3.721649 	 -0.206864 	 -0.580597
0.879634 	 3.555542 	 -0.250380 	 -0.595947
0.832956 	 3.632294 	 -0.212968 	 -0.581543
0.788544 	 3.602478 	 -0.225602 	 -0.573181
0.740053 	 3.592987 	 -0.171007 	 -0.516235
0.698360 	 3.507324 	 -0.169462 	 -0.468872
0.649869 	 3.676483 	 -0.202475 	 -0.481354
0.604097 	 3.544067 	 -0.177569 	 -0.475281
0.557419 	 3.518311 	 -0.153409 	 -0.433563
0.510741 	 3.447968 	 -0.125659 	 -0.378418
0.463609 	 3.352356 	 -0.040906 	 -0.252808
0.416025 	 3.327789 	 -0.019452 	 -0.140900
0.368893 	 3.199402 	 0.146463 	 0.090515
0.325841 	 3.142212 	 0.074590 	 0.186829
0.273724 	 2.677002 	 0.265144 	 0.402344
0.233391 	 2.677094 	 0.291925 	 0.603241
0.186259 	 2.382904 	 0.516525 	 0.940491
0.140034 	 2.499634 	 0.336442 	 0.992584
0.091997 	 2.133759 	 0.548270 	 1.166382
0.044865 	 2.270599 	 0.477292 	 1.257263
0.000000 	 1.716522 	 0.642152 	 1.441986
0.046678 	 2.186584 	 0.486751 	 1.429321
0.093356 	 2.318359 	 0.410777 	 1.283295
0.137315 	 2.643707 	 0.119874 	 0.883484
0.185353 	 2.826843 	 0.165627 	 0.635651
0.232031 	 2.733124 	 0.045412 	 0.417786
0.275990 	 3.023895 	 0.040714 	 0.265533
0.321762 	 2.944031 	 0.055106 	 0.210236
0.370253 	 3.042999 	 0.056789 	 0.191193
0.418291 	 3.235260 	 -0.015777 	 0.106812
0.464062 	 3.385742 	 -0.111160 	 -0.059967
0.510287 	 3.546967 	 -0.110628 	 -0.175446
0.555606 	 3.570221 	 -0.137131 	 -0.249786
0.603191 	 3.494446 	 -0.109850 	 -0.268280
0.647603 	 3.682281 	 -0.137206 	 -0.295349
0.693828 	 3.635345 	 -0.151438 	 -0.333282
0.739146 	 3.593384 	 -0.182150 	 -0.388092
0.785825 	 3.550415 	 -0.171795 	 -0.413940
0.832956 	 3.542236 	 -0.196978 	 -0.447876
0.881447 	 3.657532 	 -0.224568 	 -0.502899
0.927672 	 3.567383 	 -0.257741 	 -0.573944
0.970724 	 3.689362 	 -0.231269 	 -0.590118
1.021028 	 3.588654 	 -0.276852 	 -0.636017
1.068159 	 3.456207 	 -0.235040 	 -0.630829
1.113478 	 3.702087 	 -0.237320 	 -0.614960
1.159250 	 3.707336 	 -0.244691 	 -0.617004
1.205022 	 3.700592 	 -0.289528 	 -0.667236
1.250793 	 3.631348 	 -0.299233 	 -0.717957
1.297018 	 3.612640 	 -0.257656 	 -0.701416
1.344150 	 3.718994 	 -0.261682 	 -0.680084
1.389922 	 3.613647 	 -0.259530 	 -0.671631
1.437959 	 3.637207 	 -0.269150 	 -0.676697
1.481918 	 3.658295 	 -0.278396 	 -0.693909
1.531316 	 3.484467 	 -0.301150 	 -0.727875
1.577994 	 3.753784 	 -0.295994 	 -0.747253
1.621953 	 3.653595 	 -0.296133 	 -0.754883
1.669537 	 3.783630 	 -0.296676 	 -0.758545
1.718935 	 3.656433 	 -0.277885 	 -0.741455
1.762440 	 3.814331 	 -0.275105 	 -0.723328
1.809119 	 3.812408 	 -0.309534 	 -0.750031
1.857610 	 3.767548 	 -0.321731 	 -0.789459
1.901569 	 3.798645 	 -0.307510 	 -0.794800
1.949153 	 3.764099 	 -0.308980 	 -0.793640
1.990846 	 3.769867 	 -0.348128 	 -0.835297
2.039790 	 3.726715 	 -0.343399 	 -0.864990
2.088281 	 3.646484 	 -0.330147 	 -0.861816
2.135413 	 3.685181 	 -0.354733 	 -0.881927
2.180731 	 3.730774 	 -0.374270 	 -0.921173
2.226503 	 3.697327 	 -0.390526 	 -0.963715
2.273634 	 3.690552 	 -0.384752 	 -0.983521
2.321672 	 3.686310 	 -0.393146 	 -1.001312
2.366991 	 3.585724 	 -0.378030 	 -0.994537
2.413216 	 3.606049 	 -0.396065 	 -1.004028
2.460347 	 3.620880 	 -0.379831 	 -0.999542
2.503853 	 3.711517 	 -0.405759 	 -1.018219
2.553250 	 3.511536 	 -0.372108 	 -1.002289
2.598116 	 3.654114 	 -0.375346 	 -0.981934
2.642981 	 3.812256 	 -0.369977 	 -0.969971
2.691019 	 3.687531 	 -0.443086 	 -1.039612
2.739963 	 3.690552 	 -0.405045 	 -1.060272
2.783015 	 3.617096 	 -0.405472 	 -1.054718
2.831506 	 3.586426 	 -0.399400 	 -1.047028
2.875012 	 3.679749 	 -0.355947 	 -0.995422
2.922597 	 3.630585 	 -0.416018 	 -1.016266
2.970181 	 3.665314 	 -0.420332 	 -1.055756
3.016406 	 3.646454 	 -0.407400 	 -1.061920
3.063538 	 3.547394 	 -0.421877 	 -1.072296
3.109309 	 3.683533 	 -0.440849 	 -1.104126
3.155988 	 3.468781 	 -0.474266 	 -1.161530
3.203572 	 3.686493 	 -0.449137 	 -1.174408
3.247078 	 3.648193 	 -0.457627 	 -1.179565
3.295569 	 3.647308 	 -0.422676 	 -1.148529
3.342247 	 3.650787 	 -0.471901 	 -1.172729
3.388019 	 3.509369 	 -0.459054 	 -1.189270
3.433791 	 3.625305 	 -0.462857 	 -1.195862
3.479562 	 3.685333 	 -0.455379 	 -1.191620
3.526241 	 3.721436 	 -0.426138 	 -1.156036
3.573372 	 3.609344 	 -0.422750 	 -1.125793
3.620956 	 3.577393 	 -0.398249 	 -1.084534
3.666728 	 3.617401 	 -0.395266 	 -1.052856
3.716125 	 3.794342 	 -0.456434 	 -1.101532
3.761444 	 3.593262 	 -0.400156 	 -1.089569
3.808575 	 3.591705 	 -0.422367 	 -1.083710
3.849815 	 3.515564 	 -0.384315 	 -1.051910
3.897400 	 3.745300 	 -0.412044 	 -1.050903
3.944531 	 3.779358 	 -0.413877 	 -1.063477
3.992569 	 3.771210 	 -0.400955 	 -1.053375
4.037434 	 3.653564 	 -0.392166 	 -1.037415
4.084113 	 3.650696 	 -0.382377 	 -1.016144
4.128978 	 3.715240 	 -0.391996 	 -1.013123
4.176563 	 3.642517 	 -0.393700 	 -1.017548
4.221428 	 3.791138 	 -0.378414 	 -1.003448
4.267653 	 4.197357 	 -0.019888 	 -0.615906
4.314331 	 4.109772 	 -0.005571 	 -0.281952
4.362822 	 4.263306 	 -0.019207 	 -0.142822
4.407687 	 4.219482 	 -0.007840 	 -0.072968
4.454819 	 4.176727 	 -0.033758 	 -0.063660
4.497418 	 4.054443 	 -0.020261 	 -0.054077
4.551347 	 4.205322 	 0.006807 	 -0.015900
4.596213 	 4.212769 	 0.034536 	 0.042206
4.641985 	 4.316956 	 0.008288 	 0.053253
4.685944 	 4.101257 	 -0.014275 	 0.023285
4.731715 	 4.271851 	 -0.005902 	 0.009094
4.778847 	 4.299530 	 -0.026078 	 -0.013855
4.825978 	 4.130737 	 -0.029444 	 -0.036560
4.869031 	 4.019684 	 -0.022136 	 -0.039215
4.916615 	 4.236633 	 -0.062925 	 -0.081055
4.963747 	 4.013855 	 -0.046872 	 -0.099335
5.012238 	 4.172424 	 0.009768 	 -0.041779
5.058463 	 4.173920 	 -0.034589 	 -0.039917
5.106047 	 4.263519 	 -0.018269 	 -0.040161
5.150912 	 4.231903 	 0.012069 	 -0.001312
5.195778 	 4.192627 	 -0.013028 	 0.002472
5.242003 	 4.194824 	 -0.003526 	 0.002808
5.290041 	 4.246460 	 -0.010237 	 0.001190
5.337172 	 4.316376 	 0.014264 	 0.021454
5.383850 	 4.232300 	 -0.023297 	 0.002838
5.431435 	 4.078186 	 -0.041620 	 -0.039490
5.474940 	 4.209839 	 -0.006658 	 -0.028198
5.521165 	 4.098389 	 0.009087 	 0.006134
5.567390 	 4.149445 	 0.005625 	 0.024567
5.614522 	 4.334442 	 -0.014008 	 0.009796
5.660294 	 4.128693 	 0.008021 	 0.019531
5.706972 	 4.124420 	 -0.032650 	 -0.010376
5.755009 	 4.115723 	 0.013944 	 0.008057
5.798062 	 4.142426 	 0.004037 	 0.025879
5.846100 	 4.182983 	 -0.021401 	 0.002838
5.892325 	 4.215088 	 -0.027633 	 -0.024445
5.939909 	 4.098480 	 0.015595 	 0.006775
5.985228 	 4.124573 	 -0.023457 	 -0.002258
6.033719 	 4.173309 	 -0.027292 	 -0.027069
6.076772 	 4.155762 	 -0.016703 	 -0.028381
6.126169 	 4.103668 	 -0.020506 	 -0.028870
6.170128 	 4.240570 	 -0.038094 	 -0.049194
6.217259 	 4.158905 	 -0.006967 	 -0.033020
6.267110 	 4.163849 	 -0.015127 	 -0.022278
6.308803 	 4.105438 	 -0.022434 	 -0.025635
6.356387 	 4.068756 	 -0.028965 	 -0.038971
6.405785 	 4.068634 	 -0.027196 	 -0.045715
6.448837 	 4.266510 	 -0.037433 	 -0.058136
6.495969 	 4.259644 	 -0.001672 	 -0.030518
6.542647 	 4.152740 	 0.003270 	 0.000671
6.588872 	 4.141937 	 -0.016331 	 -0.003357
6.636003 	 4.369324 	 -0.003686 	 0.000336
6.680415 	 4.030426 	 -0.034696 	 -0.026794
6.726187 	 4.158539 	 -0.033343 	 -0.047791
6.778304 	 4.308441 	 -0.030754 	 -0.054626
6.819543 	 4.192596 	 0.009630 	 -0.014526
6.868488 	 4.090912 	 -0.000330 	 0.009613
6.915166 	 4.295837 	 0.002216 	 0.018463
6.961844 	 4.305786 	 0.032661 	 0.055237
7.007162 	 4.141876 	 -0.005955 	 0.043640
7.051575 	 4.077606 	 -0.022626 	 0.005402
7.101425 	 4.309631 	 0.007830 	 0.013794
7.147197 	 4.210144 	 -0.010930 	 0.009674
7.192969 	 4.032623 	 -0.009534 	 0.002472
7.237381 	 4.280121 	 0.013049 	 0.024048
7.284059 	 4.271790 	 -0.015063 	 0.013153
7.333456 	 4.226746 	 -0.002461 	 0.010529
7.379681 	 4.150421 	 0.012964 	 0.029846
7.426360 	 4.215057 	 -0.024213 	 0.005737
7.471678 	 4.132629 	 -0.017311 	 -0.012360
7.516090 	 4.179443 	 -0.029231 	 -0.030457
7.565941 	 4.316620 	 0.007872 	 -0.004669
7.609447 	 4.082764 	 -0.025726 	 -0.013947
7.656578 	 4.078247 	 -0.026802 	 -0.030823
7.701443 	 4.115417 	 0.001619 	 -0.010834
7.750388 	 4.095581 	 -0.006061 	 0.001862
7.795706 	 4.236511 	 -0.006669 	 0.002747
7.842384 	 4.169708 	 0.020751 	 0.032928
7.889062 	 4.233398 	 0.008373 	 0.045197
7.935741 	 4.173340 	 -0.033748 	 0.000671
7.980606 	 4.216003 	 -0.028336 	 -0.030518
8.030457 	 4.104309 	 -0.039095 	 -0.053070
8.077135 	 4.198425 	 0.024096 	 -0.001282
8.122453 	 4.314667 	 -0.013529 	 0.006470
8.166866 	 4.172943 	 0.001225 	 0.011108
8.215356 	 4.252502 	 -0.032586 	 -0.016632
8.258409 	 4.184570 	 -0.022754 	 -0.032440
8.305087 	 4.069946 	 0.009790 	 -0.001312
8.351312 	 4.114624 	 -0.002898 	 0.012177
8.395271 	 4.283630 	 -0.002929 	 0.012695
8.445575 	 4.124329 	 -0.014307 	 0.002045
8.491800 	 4.175690 	 -0.011430 	 -0.004059
8.536212 	 4.182861 	 -0.003973 	 0.001068
8.583797 	 4.210876 	 0.017843 	 0.030151
8.630475 	 4.266144 	 0.005934 	 0.039673
8.674887 	 4.083618 	 -0.003388 	 0.028870
8.725191 	 4.135620 	 0.014924 	 0.040375
8.768243 	 4.288940 	 -0.029689 	 0.005371
8.817641 	 4.101471 	 -0.010514 	 -0.008087
8.862053 	 4.150696 	 0.016394 	 0.022125
8.911903 	 4.115479 	 -0.007478 	 0.021210
8.954956 	 4.261566 	 -0.001523 	 0.016205
9.001634 	 4.207855 	 0.015180 	 0.035126
9.050125 	 4.162842 	 0.012890 	 0.048279
9.094084 	 4.163849 	 -0.016288 	 0.022125
9.141669 	 4.119629 	 0.016054 	 0.032593
9.186534 	 4.123779 	 0.010013 	 0.044861
9.235478 	 4.292664 	 -0.006253 	 0.030701
9.281703 	 4.280670 	 0.010003 	 0.034790
9.330194 	 4.152344 	 0.014221 	 0.047668
9.375513 	 4.247437 	 0.019537 	 0.060577
9.420831 	 4.246521 	 -0.044464 	 0.000763
9.465697 	 4.139954 	 -0.012954 	 -0.018036
9.514188 	 4.247681 	 -0.012836 	 -0.013733
9.559506 	 4.058655 	 -0.040906 	 -0.040894
9.603918 	 4.249603 	 0.001864 	 -0.019745
9.649237 	 4.260620 	 -0.005369 	 -0.001495
9.695915 	 4.071808 	 -0.001076 	 0.007538
9.747125 	 4.189423 	 -0.001076 	 0.012543
9.791991 	 4.356079 	 -0.011175 	 0.005493
9.839122 	 4.152893 	 -0.016171 	 -0.008636
9.884441 	 4.193909 	 -0.016725 	 -0.014954
9.930666 	 4.189697 	 -0.039852 	 -0.042664
9.979156 	 4.209656 	 -0.000639 	 -0.023163
10.023569 	 4.187378 	 -0.005273 	 -0.002808
10.072060 	 4.117676 	 0.029284 	 0.040741
10.117378 	 4.233490 	 -0.001651 	 0.042175
10.160431 	 4.139038 	 -0.045284 	 -0.014801
10.208922 	 4.147705 	 0.024906 	 0.013092
10.256506 	 4.264740 	 -0.011803 	 0.014648
10.303185 	 4.138580 	 -0.000980 	 0.012634
10.348956 	 4.209564 	 -0.020251 	 -0.003235
10.396541 	 4.164948 	 0.001417 	 0.004852
10.441859 	 4.209991 	 -0.013848 	 -0.000641
10.489897 	 4.178802 	 -0.000969 	 0.006470
10.532043 	 4.209808 	 -0.020655 	 -0.006165
10.580988 	 4.377472 	 0.003601 	 0.005798
10.626759 	 4.176117 	 -0.021593 	 -0.004974
10.673438 	 4.209961 	 -0.034887 	 -0.034119
10.723288 	 4.171631 	 -0.021731 	 -0.039246
10.765887 	 4.071899 	 0.017545 	 0.004242
10.813925 	 4.135651 	 -0.020347 	 -0.000122
10.860150 	 4.177551 	 0.009119 	 0.013916
10.904562 	 4.180573 	 0.043484 	 0.067627
10.950787 	 4.231781 	 -0.007627 	 0.052490
10.997919 	 4.250427 	 0.004346 	 0.038055
11.045050 	 4.097809 	 0.011654 	 0.043518
11.090822 	 4.179535 	 -0.002589 	 0.034546
11.139313 	 4.095856 	 0.019047 	 0.046356
11.184631 	 4.103821 	 -0.005880 	 0.035492
11.231310 	 4.245483 	 -0.003451 	 0.023163
11.276175 	 4.217865 	 -0.009513 	 0.011169
11.323759 	 4.202728 	 -0.028624 	 -0.015198
11.369078 	 4.190308 	 -0.014743 	 -0.022125
11.414850 	 4.184692 	 -0.020432 	 -0.024078
11.461981 	 4.161652 	 -0.021273 	 -0.028839
11.509113 	 4.163605 	 0.011505 	 0.005035
11.556697 	 4.254913 	 -0.028773 	 -0.010162
11.602469 	 4.128906 	 -0.009215 	 -0.012726
11.646881 	 4.148926 	 -0.012517 	 -0.009583
11.694012 	 4.134705 	 -0.016054 	 -0.013580
11.741144 	 4.281891 	 -0.001981 	 -0.001740
11.785103 	 4.383453 	 0.023415 	 0.035614
11.833594 	 4.172607 	 0.001023 	 0.038513
11.880272 	 4.150726 	 0.004357 	 0.034332
11.926497 	 4.158844 	 -0.041055 	 -0.013428
11.974988 	 4.263641 	 -0.006434 	 -0.016571
12.020306 	 4.169678 	 -0.010589 	 -0.008148
12.066078 	 4.200592 	 0.020070 	 0.025482
12.110490 	 4.184387 	 0.002312 	 0.034637
12.161247 	 4.049744 	 -0.041908 	 -0.014984
12.206113 	 4.122009 	 0.002642 	 -0.007660
12.250978 	 4.179199 	 -0.006392 	 0.004333
12.297656 	 4.182831 	 -0.023255 	 -0.012390
12.344788 	 4.160461 	 -0.006903 	 -0.009583
12.391466 	 4.125275 	 -0.018908 	 -0.013550
12.438597 	 4.209686 	 -0.012719 	 -0.014862
12.484369 	 4.164520 	 -0.010461 	 -0.010223
12.528781 	 4.254456 	 0.005305 	 0.009491
12.577725 	 4.266510 	 0.011079 	 0.030975
12.624403 	 4.185944 	 -0.006626 	 0.024261
12.668362 	 4.215454 	 -0.009481 	 0.010437
12.717760 	 4.209869 	 -0.001140 	 0.012238
12.764891 	 4.202057 	 -0.017289 	 -0.001312
12.809303 	 4.183075 	 -0.011121 	 -0.007843
12.853716 	 4.175476 	 0.023020 	 0.027863
12.902660 	 4.209625 	 -0.010642 	 0.022797
12.948431 	 4.101288 	 -0.014711 	 0.004150
12.998735 	 4.297302 	 0.000692 	 0.009644
13.041788 	 4.113342 	 0.000309 	 0.017426
13.088919 	 4.125366 	 -0.049705 	 -0.031036
13.133331 	 4.135162 	 0.004890 	 -0.015717
13.177290 	 4.159882 	 -0.012453 	 -0.005463
13.222156 	 4.269745 	 -0.013476 	 -0.008881
13.272459 	 4.062775 	 -0.022243 	 -0.021027
13.318684 	 4.186615 	 -0.010354 	 -0.018005
13.362190 	 4.208649 	 -0.012453 	 -0.013123
13.411134 	 4.177887 	 0.001161 	 0.004456
13.456906 	 4.171295 	 0.030775 	 0.046936
13.501318 	 4.275787 	 -0.021039 	 0.023682
13.550716 	 4.152466 	 0.002908 	 0.017914
13.595128 	 4.098480 	 -0.021327 	 -0.000854
13.644525 	 4.304138 	 -0.008096 	 -0.004486
13.690750 	 4.169617 	 -0.003047 	 0.004639
13.735616 	 4.276459 	 -0.014328 	 -0.001556
13.781387 	 4.291290 	 0.011270 	 0.017456
13.828972 	 4.262909 	 -0.007979 	 0.015747
13.873384 	 4.244812 	 -0.007872 	 0.008270
13.922328 	 4.250610 	 0.002535 	 0.017090
13.967194 	 4.232422 	 -0.014626 	 0.005432
14.015231 	 4.178406 	 -0.022786 	 -0.015106
14.062363 	 4.127747 	 -0.017545 	 -0.021545
14.104509 	 4.121552 	 0.006413 	 0.002167
14.152547 	 4.175720 	 -0.005997 	 0.010254
14.200131 	 4.105591 	 0.014637 	 0.030334
14.244543 	 4.262970 	 0.008309 	 0.040619
14.292128 	 4.226593 	 -0.015042 	 0.018921
14.337447 	 4.249695 	 0.010653 	 0.027557
14.384578 	 4.187805 	 0.018461 	 0.048401
14.431709 	 4.214447 	 0.034557 	 0.078186
14.479747 	 4.217041 	 0.010557 	 0.073425
14.524612 	 4.234863 	 0.008511 	 0.059296
14.573103 	 4.172913 	 -0.001225 	 0.041687
14.618875 	 4.282715 	 0.004378 	 0.035370
14.662381 	 4.089569 	 0.016554 	 0.048126
14.709966 	 4.163269 	 0.002674 	 0.044250
14.758910 	 4.194824 	 0.009033 	 0.043915
14.801962 	 4.175629 	 -0.017236 	 0.018860
14.851360 	 4.117950 	 0.024757 	 0.041107
14.898038 	 4.105316 	 0.005486 	 0.046997
14.941090 	 4.216736 	 0.000650 	 0.036102
14.990034 	 4.154083 	 -0.002919 	 0.026306
15.034447 	 4.127655 	 -0.012922 	 0.008759
15.082031 	 4.172913 	 0.001108 	 0.013245
15.128709 	 4.311768 	 0.017140 	 0.038055
15.175388 	 4.129547 	 -0.018940 	 0.016693
15.218893 	 4.146729 	 -0.001385 	 0.010864
15.267838 	 4.219727 	 -0.035207 	 -0.019196
15.314063 	 4.179840 	 -0.000202 	 -0.012482
15.357568 	 4.288330 	 0.015127 	 0.022461
15.405606 	 4.217896 	 -0.001832 	 0.026031
15.453191 	 4.061066 	 -0.036123 	 -0.013763
15.500322 	 4.127563 	 -0.006136 	 -0.014709
15.547000 	 4.274719 	 0.002887 	 0.006897
15.587787 	 4.067078 	 0.001214 	 0.018188
15.640810 	 4.240723 	 -0.014999 	 0.005432
15.682956 	 4.158600 	 0.021529 	 0.031738
15.732353 	 4.183167 	 0.012602 	 0.049011
15.777219 	 4.324707 	 0.009651 	 0.049683
15.825710 	 4.095856 	 -0.031202 	 0.006958
15.869215 	 4.155945 	 -0.000905 	 0.002686
15.918159 	 4.194244 	 0.007063 	 0.022858
15.961665 	 4.108704 	 0.020751 	 0.047760
16.008797 	 4.100342 	 -0.006573 	 0.035187
16.055022 	 4.132477 	 0.005561 	 0.030975
16.102606 	 4.184631 	 0.022509 	 0.053314
16.152457 	 4.190460 	 0.014658 	 0.061584
16.195963 	 4.213043 	 0.016064 	 0.063171
16.241281 	 4.155609 	 0.032661 	 0.082123
16.290225 	 4.095673 	 0.003633 	 0.067352
16.335091 	 4.227875 	 0.014828 	 0.060364
16.379503 	 4.195587 	 -0.005571 	 0.039703
16.426181 	 4.247620 	 0.022466 	 0.052765
16.471953 	 4.166718 	 0.015350 	 0.062500
16.522256 	 4.222595 	 -0.005124 	 0.042419
16.566669 	 4.148743 	 0.000799 	 0.031036
16.612440 	 4.090698 	 0.003473 	 0.030426
16.662744 	 4.192596 	 0.007563 	 0.036255
16.708063 	 4.288696 	 -0.017715 	 0.014160
16.751569 	 4.132538 	 0.015649 	 0.028015
16.799153 	 4.181519 	 0.005294 	 0.037628
16.844925 	 4.245728 	 -0.042749 	 -0.012299
16.890697 	 4.206055 	 -0.003494 	 -0.013000
16.936922 	 4.176941 	 0.002716 	 0.008972
16.986319 	 4.098663 	 -0.010386 	 0.006958
17.028918 	 4.056427 	 0.005209 	 0.017609
17.074690 	 4.095612 	 -0.005156 	 0.017212
17.121368 	 4.105286 	 0.017492 	 0.036469
17.170766 	 4.219910 	 -0.024320 	 0.010406
17.220163 	 4.207672 	 0.000138 	 0.007416
17.265028 	 4.166718 	 -0.033503 	 -0.018524
17.311253 	 4.270721 	 0.012591 	 0.005035
17.356119 	 4.203705 	 0.010972 	 0.032654
17.399171 	 4.220825 	 0.009523 	 0.041290
17.449475 	 4.216248 	 0.016948 	 0.052826
17.493887 	 4.074738 	 -0.029188 	 0.012848
17.540565 	 4.264587 	 0.007201 	 0.014038
17.587697 	 4.240540 	 0.004091 	 0.026642
17.635281 	 4.169769 	 0.017470 	 0.042786
17.682413 	 4.184418 	 -0.004314 	 0.035126
17.725919 	 4.277588 	 0.010440 	 0.037750
17.773050 	 4.183960 	 0.037732 	 0.073425
17.819275 	 4.208588 	 -0.033258 	 0.025818
17.865953 	 4.133759 	 -0.054595 	 -0.045776
17.915350 	 4.223541 	 0.011697 	 -0.017181
17.962029 	 4.164795 	 -0.004890 	 0.004578
18.007347 	 4.284393 	 0.035218 	 0.049713
18.049493 	 4.149445 	 -0.005390 	 0.043579
18.098437 	 4.169708 	 0.016863 	 0.048279
18.146022 	 4.257782 	 0.003302 	 0.045563
18.190434 	 4.222595 	 -0.000181 	 0.033752
18.236659 	 4.098083 	 -0.028773 	 -0.002686
18.282431 	 4.212463 	 0.006264 	 0.006653
18.332281 	 4.241760 	 -0.010461 	 0.007355
18.378960 	 4.199768 	 -0.004186 	 0.008087
18.425185 	 4.189697 	 -0.005039 	 0.010040
18.470503 	 4.135223 	 0.018578 	 0.034546
18.516275 	 4.187317 	 0.022584 	 0.059998
18.562500 	 4.158813 	 -0.006125 	 0.041931
18.609178 	 4.240723 	 -0.002376 	 0.026794
18.654497 	 4.142517 	 0.028847 	 0.054443
18.702988 	 4.159363 	 -0.009342 	 0.038818
18.746494 	 4.274719 	 0.010024 	 0.036621
18.794984 	 4.126587 	 0.016373 	 0.051178
18.842116 	 4.146515 	 -0.014743 	 0.027069
18.889247 	 4.288788 	 -0.012006 	 0.006683
18.935472 	 4.150421 	 0.029082 	 0.041840
18.978978 	 4.404663 	 0.022956 	 0.066589
19.027016 	 4.106415 	 0.023233 	 0.076355
19.075053 	 4.118561 	 -0.025705 	 0.029785

 Z Turning Point (V) = 2.131531 
 Turning Time Delay (ms) = 0 
 SEN (V) =  
 App. Driving Voltage (mVrms) = 0.005000 
 App. Vias. Voltage (V) = 0.000000 
 App. Del Z (Bit) = -10 
 App. Delay Time (ms) = 400 
 App. Velocity (nm/s) = -0.113298 
 Ret. Driving Voltage (mVrms) = 0.005000 
 Ret. Vias. Voltage (V) = 0.000000 
 Ret. Del Z (Bit) = -10 
 Ret. Delay Time (ms) = 400 
 Ret. Velocity (nm/s) = -0.113298 
  
 Data Array Size = 911 
 Frequency (Hz) = sen.
 
