17.123181 	 4.135529 	 -0.000607 	 0.037659
17.079222 	 4.105255 	 -0.005486 	 0.022705
17.034357 	 4.038269 	 0.032704 	 0.055878
16.985413 	 4.324921 	 0.004591 	 0.056427
16.939641 	 4.100769 	 0.018770 	 0.059692
16.895682 	 4.222717 	 -0.027004 	 0.020111
16.844472 	 4.074585 	 -0.001108 	 0.009613
16.799606 	 4.095612 	 0.017556 	 0.036011
16.752475 	 4.066376 	 -0.009939 	 0.025421
16.705797 	 4.275665 	 -0.008799 	 0.010742
16.660478 	 4.223999 	 -0.013295 	 0.001709
16.616519 	 4.177917 	 -0.013614 	 -0.005676
16.566669 	 4.056213 	 -0.023297 	 -0.018799
16.522256 	 4.232513 	 -0.006860 	 -0.011383
16.473766 	 4.231873 	 0.032533 	 0.038391
16.430260 	 4.190643 	 -0.010205 	 0.032928
16.383128 	 4.226196 	 0.010685 	 0.033630
16.336450 	 4.212860 	 -0.001534 	 0.030579
16.292038 	 4.278870 	 -0.007542 	 0.019836
16.244000 	 4.118652 	 0.031915 	 0.052399
16.196869 	 4.107544 	 -0.002631 	 0.046661
16.151097 	 4.117889 	 0.016192 	 0.049072
16.104419 	 4.257660 	 0.022147 	 0.066101
16.056381 	 4.260529 	 0.014051 	 0.066223
16.010609 	 4.118652 	 0.008810 	 0.057251
15.964838 	 4.190033 	 -0.058057 	 -0.018921
15.916800 	 4.100464 	 -0.036038 	 -0.057556
15.873294 	 4.090637 	 -0.020293 	 -0.048859
15.824803 	 4.116577 	 -0.031074 	 -0.048798
15.779485 	 4.178925 	 0.001886 	 -0.018555
15.734166 	 4.102478 	 -0.001949 	 0.002777
15.687488 	 4.172699 	 0.048043 	 0.063538
15.638544 	 4.248871 	 -0.005635 	 0.055359
15.593678 	 4.252777 	 0.017886 	 0.053009
15.547000 	 4.209808 	 -0.001523 	 0.043030
15.502588 	 4.077240 	 0.002099 	 0.033234
15.456816 	 4.166199 	 0.015638 	 0.045715
15.406966 	 4.280579 	 0.018386 	 0.059052
15.363007 	 4.148590 	 -0.016213 	 0.030212
15.316328 	 4.293762 	 -0.005422 	 0.013153
15.268291 	 4.222717 	 -0.000224 	 0.016022
15.222519 	 4.154724 	 0.000682 	 0.020935
15.176747 	 4.139343 	 -0.024885 	 -0.003693
15.130975 	 4.220703 	 -0.013273 	 -0.011963
15.085657 	 4.112091 	 0.004772 	 0.006714
15.038072 	 4.074402 	 0.001715 	 0.019714
14.990941 	 4.217926 	 0.010631 	 0.033966
14.945169 	 4.196960 	 -0.022956 	 0.009003
14.898038 	 4.157776 	 0.006445 	 0.014893
14.852719 	 4.132385 	 -0.024150 	 -0.003204
14.804681 	 4.257751 	 0.001001 	 0.002869
14.757550 	 4.322662 	 -0.025066 	 -0.011078
14.713591 	 4.174774 	 -0.003505 	 -0.006317
14.668272 	 4.272858 	 -0.009492 	 -0.001495
14.617062 	 4.151550 	 -0.016235 	 -0.009918
14.571291 	 4.215363 	 0.002866 	 0.004822
14.527785 	 4.126740 	 0.011547 	 0.028320
14.479294 	 4.049866 	 -0.008948 	 0.021545
14.433522 	 4.110657 	 -0.001981 	 0.016724
14.387297 	 4.121002 	 -0.011057 	 0.008087
14.337447 	 4.058594 	 0.018813 	 0.032043
14.293034 	 4.118713 	 0.015979 	 0.052002
14.245903 	 4.214844 	 0.014051 	 0.057373
14.201491 	 4.075897 	 0.009545 	 0.054840
14.153906 	 4.172729 	 0.000799 	 0.041748
14.108588 	 3.993805 	 -0.001811 	 0.030151
14.061456 	 4.037445 	 0.000000 	 0.027130
14.014778 	 4.198669 	 -0.001832 	 0.022247
13.969006 	 4.136566 	 0.004645 	 0.026764
13.925500 	 4.116058 	 -0.049396 	 -0.022888
13.874290 	 4.103729 	 0.004527 	 -0.013214
13.831691 	 4.188751 	 -0.010535 	 -0.001678
13.782747 	 4.171539 	 0.058376 	 0.068359
13.734709 	 4.074005 	 -0.004847 	 0.062592
13.690297 	 4.130127 	 -0.002919 	 0.034943
13.644072 	 4.173431 	 0.004677 	 0.030579
13.601019 	 4.173157 	 0.009609 	 0.038391
13.553888 	 4.105591 	 0.014179 	 0.048126
13.502678 	 4.203705 	 0.006786 	 0.047638
13.456906 	 4.140564 	 -0.001992 	 0.034271
13.411134 	 4.244995 	 -0.012698 	 0.012695
13.366269 	 4.275269 	 -0.014988 	 -0.003265
13.321404 	 4.125580 	 -0.005976 	 -0.000854
13.273366 	 4.277771 	 0.024874 	 0.035736
13.224422 	 4.278595 	 0.028187 	 0.069183
13.179103 	 4.184723 	 0.018504 	 0.075439
13.131972 	 4.253357 	 -0.000107 	 0.053528
13.088013 	 4.225525 	 -0.049663 	 -0.015808
13.041788 	 4.211517 	 0.001087 	 -0.013763
12.990578 	 4.106537 	 0.005049 	 0.012451
12.949338 	 4.075714 	 0.007127 	 0.028625
12.901300 	 4.112579 	 0.001886 	 0.031006
12.854622 	 4.177673 	 0.039479 	 0.068634
12.807944 	 4.264923 	 0.042302 	 0.104279
12.762625 	 4.257874 	 0.005571 	 0.081238
12.715494 	 4.179932 	 -0.010184 	 0.041199
12.671082 	 4.066498 	 0.025939 	 0.054626
12.622591 	 4.141785 	 0.001949 	 0.050720
12.575459 	 4.114838 	 0.018450 	 0.056122
12.530141 	 4.247742 	 0.008927 	 0.054718
12.482556 	 4.282745 	 -0.000213 	 0.041321
12.436784 	 4.086853 	 0.024064 	 0.057526
12.391466 	 4.274506 	 0.002684 	 0.051727
12.347054 	 4.277863 	 0.025971 	 0.064484
12.299016 	 4.128876 	 0.021667 	 0.075500
12.253697 	 4.114655 	 0.021007 	 0.077667
12.204753 	 4.158783 	 0.001161 	 0.057220
12.158075 	 4.179382 	 0.005625 	 0.044983
12.112303 	 4.175629 	 -0.025439 	 0.009308
12.067891 	 4.175964 	 0.002621 	 0.008759
12.018947 	 4.336853 	 -0.014466 	 0.002167
11.975441 	 4.276215 	 0.007851 	 0.015503
11.928763 	 4.232361 	 0.009715 	 0.033478
11.880725 	 4.175293 	 -0.020826 	 0.010345
11.834047 	 4.207977 	 0.001928 	 0.011078
11.788728 	 4.248718 	 0.023947 	 0.042725
11.741597 	 4.128021 	 -0.001353 	 0.039948
11.696278 	 4.369476 	 -0.005369 	 0.024963
11.650053 	 4.232941 	 0.015542 	 0.038483
11.602469 	 4.173523 	 0.003185 	 0.040741
11.557603 	 4.211182 	 -0.019100 	 0.012238
11.508659 	 4.180206 	 -0.029657 	 -0.020721
11.461981 	 4.203796 	 0.004304 	 -0.002991
11.416209 	 4.193634 	 -0.014477 	 -0.001129
11.370891 	 4.185883 	 0.014935 	 0.020752
11.323759 	 4.348724 	 -0.006807 	 0.020325
11.276628 	 4.182556 	 -0.010951 	 0.007263
11.231310 	 4.150726 	 0.005028 	 0.016968
11.185085 	 4.123749 	 0.028325 	 0.051910
11.137047 	 4.267517 	 0.008714 	 0.057556
11.093088 	 4.122589 	 0.021870 	 0.065460
11.047769 	 4.131744 	 -0.027516 	 0.022766
10.999731 	 4.271942 	 -0.013284 	 -0.001923
10.953053 	 4.184479 	 0.003430 	 0.010132
10.907735 	 4.107788 	 -0.004911 	 0.012604
10.862416 	 4.229553 	 -0.021295 	 -0.006592
10.814832 	 4.050934 	 0.006381 	 0.007812
10.767247 	 4.098724 	 -0.018408 	 0.000214
10.719209 	 4.211273 	 0.014189 	 0.020508
10.676157 	 4.153534 	 0.012155 	 0.040009
10.626759 	 4.222687 	 0.022477 	 0.059052
10.580081 	 4.160614 	 -0.023713 	 0.023956
10.535216 	 4.177246 	 0.020474 	 0.035736
10.487178 	 4.377625 	 -0.009992 	 0.026825
10.441406 	 4.214905 	 0.006786 	 0.028656
10.396088 	 4.142426 	 0.013880 	 0.043335
10.352129 	 4.181549 	 0.005539 	 0.044495
10.303185 	 4.155640 	 0.002344 	 0.038086
10.255147 	 4.131989 	 0.004719 	 0.035309
10.206203 	 4.149384 	 0.023063 	 0.054596
10.164963 	 4.181580 	 -0.014946 	 0.030640
10.116472 	 4.115509 	 -0.001619 	 0.017273
10.069794 	 4.095825 	 0.002631 	 0.023071
10.024928 	 4.102722 	 -0.000937 	 0.024323
9.976437 	 4.112732 	 -0.010237 	 0.012695
9.932025 	 4.172943 	 0.015936 	 0.031433
9.882628 	 4.083984 	 -0.030062 	 0.002167
9.839122 	 4.282806 	 0.005198 	 0.005859
9.791991 	 4.147522 	 -0.039841 	 -0.023987
9.744406 	 4.142303 	 0.013497 	 -0.000214
9.699994 	 4.242462 	 0.003483 	 0.022278
9.654222 	 4.221649 	 0.003696 	 0.027649
9.607544 	 4.118805 	 -0.019654 	 0.006226
9.558600 	 4.256744 	 -0.030264 	 -0.023285
9.515094 	 4.127655 	 -0.044539 	 -0.055939
9.466603 	 4.244934 	 -0.029987 	 -0.061249
9.419925 	 4.253571 	 0.006232 	 -0.019775
9.376872 	 4.082703 	 -0.050451 	 -0.046173
9.327928 	 4.183929 	 0.028283 	 0.001343
9.278078 	 4.209747 	 -0.015894 	 0.008057
9.236838 	 4.284821 	 0.007041 	 0.018311
9.189253 	 4.132385 	 -0.016352 	 0.004242
9.142122 	 4.135590 	 -0.012144 	 -0.005676
9.093631 	 4.320862 	 0.002429 	 0.007568
9.048312 	 4.305725 	 -0.032416 	 -0.016541
9.003900 	 4.093994 	 0.004559 	 -0.004181
8.955862 	 4.149445 	 -0.004442 	 0.008362
8.911450 	 4.082428 	 -0.043484 	 -0.029755
8.864319 	 4.193695 	 0.004559 	 -0.012512
8.818547 	 4.261688 	 -0.001449 	 0.008484
8.770509 	 4.231812 	 0.019548 	 0.036469
8.724284 	 4.218689 	 0.012314 	 0.050140
8.677606 	 4.061859 	 0.003483 	 0.045868
8.630022 	 4.237793 	 -0.003419 	 0.031616
8.587422 	 4.135559 	 -0.006157 	 0.017883
8.540744 	 4.118347 	 0.008224 	 0.026550
8.492706 	 4.287476 	 0.000831 	 0.029663
8.446481 	 4.254608 	 -0.004250 	 0.022064
8.399803 	 4.182953 	 -0.044251 	 -0.024994
8.353125 	 4.167297 	 -0.027633 	 -0.045319
8.306447 	 4.186859 	 0.008714 	 -0.009216
8.260222 	 4.013733 	 0.000895 	 0.014709
8.212637 	 4.088684 	 -0.009428 	 0.007690
8.167319 	 4.101074 	 -0.022637 	 -0.011047
8.120641 	 4.281158 	 -0.021550 	 -0.023834
8.074869 	 4.235718 	 -0.012911 	 -0.020172
8.027737 	 4.235535 	 0.016235 	 0.015289
7.982872 	 4.188629 	 0.009236 	 0.035126
7.935741 	 4.157349 	 -0.026003 	 0.004456
7.889969 	 4.087952 	 0.001044 	 0.005554
7.841478 	 4.282837 	 -0.013305 	 0.003387
7.796613 	 4.270142 	 -0.029923 	 -0.021149
7.750388 	 4.204376 	 0.008799 	 -0.001343
7.704163 	 4.215179 	 -0.039553 	 -0.025330
7.658844 	 4.178711 	 -0.003111 	 -0.017853
7.614885 	 4.161652 	 -0.054211 	 -0.053406
7.562315 	 4.129517 	 0.015478 	 -0.017181
7.518356 	 4.148376 	 -0.000362 	 0.010590
7.471225 	 4.198669 	 0.026227 	 0.043701
7.425000 	 4.070953 	 -0.005081 	 0.038452
7.377869 	 4.256561 	 0.004123 	 0.033722
7.333003 	 4.195557 	 -0.008831 	 0.018280
7.284966 	 4.215027 	 -0.020272 	 -0.005096
7.239194 	 4.161255 	 -0.023734 	 -0.022278
7.194328 	 4.222931 	 -0.014658 	 -0.022278
7.146744 	 4.153625 	 0.004112 	 0.000824
7.100066 	 4.041870 	 -0.013263 	 0.000641
7.054747 	 4.170563 	 0.038009 	 0.047852
7.009428 	 4.092834 	 0.015670 	 0.065094
6.957312 	 4.172760 	 -0.004197 	 0.042908
6.914259 	 4.145935 	 -0.007595 	 0.022736
6.867128 	 4.124756 	 0.002929 	 0.022980
6.819997 	 4.210785 	 0.016075 	 0.041565
6.775131 	 4.263580 	 -0.011281 	 0.025665
6.730719 	 4.185608 	 -0.002535 	 0.016235
6.683134 	 4.042908 	 -0.003654 	 0.014679
6.634190 	 4.146362 	 -0.014104 	 0.003754
6.588872 	 4.119537 	 -0.009683 	 -0.001282
6.544460 	 4.153778 	 -0.001257 	 0.006256
6.497328 	 4.183594 	 -0.006551 	 0.009277
6.451556 	 4.137390 	 -0.003579 	 0.009918
6.403519 	 4.318604 	 -0.010791 	 0.004333
6.357294 	 4.177856 	 -0.021284 	 -0.012817
6.310616 	 4.119415 	 -0.017726 	 -0.019440
6.266203 	 4.235504 	 -0.014637 	 -0.018097
6.215900 	 4.189972 	 0.000032 	 -0.002075
6.171487 	 4.293640 	 -0.033353 	 -0.023193
6.125716 	 4.144684 	 -0.012528 	 -0.024353
6.079491 	 4.197540 	 -0.021550 	 -0.025940
6.033719 	 4.159882 	 -0.041481 	 -0.050537
5.989760 	 4.141876 	 -0.022264 	 -0.049713
5.938550 	 4.238068 	 -0.033172 	 -0.053192
5.893231 	 4.195679 	 0.002684 	 -0.021790
5.843834 	 4.205597 	 -0.027676 	 -0.025330
5.802141 	 4.215881 	 -0.012240 	 -0.022766
5.755009 	 4.232666 	 -0.018099 	 -0.020874
5.706519 	 4.161011 	 0.004037 	 0.000092
5.659840 	 4.115692 	 0.018408 	 0.034149
5.612709 	 4.314087 	 -0.006115 	 0.028809
5.569656 	 4.142700 	 0.015702 	 0.039429
5.523431 	 4.163452 	 -0.005092 	 0.031464
5.470862 	 4.023437 	 -0.014765 	 0.008667
5.427809 	 4.178802 	 -0.009768 	 0.001343
5.382491 	 4.247498 	 -0.025183 	 -0.016998
5.335359 	 4.200836 	 -0.002471 	 -0.007690
5.288228 	 4.258606 	 -0.016309 	 -0.008942
5.244269 	 4.144623 	 0.003174 	 0.005463
5.198497 	 4.247803 	 -0.023851 	 -0.007507
5.149553 	 4.226593 	 -0.037316 	 -0.038666
5.103328 	 4.109924 	 -0.026451 	 -0.048767
5.059369 	 4.191467 	 -0.014552 	 -0.032867
5.012691 	 4.142761 	 -0.003015 	 -0.010986
4.970091 	 4.157562 	 -0.017875 	 -0.012299
4.917068 	 4.244476 	 -0.016725 	 -0.017975
4.870844 	 4.145630 	 0.004506 	 0.004700
4.826431 	 4.281830 	 -0.009268 	 0.005585
4.777034 	 4.200775 	 0.008682 	 0.019897
4.733075 	 4.205750 	 -0.021689 	 0.003113
4.686850 	 4.232391 	 -0.012037 	 -0.007202
4.639719 	 4.117554 	 -0.027015 	 -0.023163
4.593494 	 4.185577 	 -0.026067 	 -0.035400
4.546815 	 4.111572 	 -0.040278 	 -0.057281
4.499684 	 4.163513 	 -0.040437 	 -0.072479
4.453006 	 4.186829 	 -0.002397 	 -0.039795
4.408594 	 4.355835 	 -0.061764 	 -0.069916
4.361916 	 4.330261 	 -0.022264 	 -0.067963
4.319316 	 4.243652 	 -0.034003 	 -0.061737
4.271732 	 4.258972 	 -0.023170 	 -0.051239
4.222334 	 4.202484 	 -0.039425 	 -0.061615
4.176563 	 4.199677 	 -0.031915 	 -0.065125
4.131697 	 4.290588 	 -0.027260 	 -0.057373
4.085019 	 4.363647 	 -0.042483 	 -0.068817
4.037888 	 4.186768 	 -0.007936 	 -0.044525
3.990756 	 4.108398 	 -0.015968 	 -0.027100
3.944078 	 4.117645 	 -0.000309 	 -0.006744
3.897853 	 4.231781 	 -0.051442 	 -0.044189
3.851175 	 4.129181 	 -0.042962 	 -0.073395
3.807669 	 4.192688 	 -0.027281 	 -0.065704
3.757365 	 4.162445 	 -0.027154 	 -0.055695
3.711140 	 4.274750 	 -0.040384 	 -0.065460
3.666728 	 4.229645 	 -0.035441 	 -0.070343
3.619597 	 4.084320 	 0.000991 	 -0.032166
3.572466 	 4.243835 	 -0.038435 	 -0.041992
3.528960 	 4.164429 	 -0.027537 	 -0.050873
3.481828 	 4.017578 	 -0.031234 	 -0.054260
3.434244 	 4.085937 	 -0.051101 	 -0.078918
3.387566 	 4.149475 	 -0.063745 	 -0.109253
3.343153 	 4.331482 	 -0.032427 	 -0.096466
3.294662 	 4.111450 	 -0.032629 	 -0.078003
3.251157 	 4.184570 	 -0.037625 	 -0.074371
3.204025 	 4.287628 	 -0.058590 	 -0.095978
3.154628 	 4.130554 	 0.002855 	 -0.051178
3.108856 	 4.209686 	 -0.035612 	 -0.046051
3.063991 	 4.189575 	 -0.012634 	 -0.037170
3.015953 	 4.056488 	 -0.047287 	 -0.058167
2.969728 	 4.230164 	 -0.073972 	 -0.110596
2.923050 	 4.046234 	 -0.076774 	 -0.147675
2.875012 	 4.218445 	 -0.073631 	 -0.161072
2.831506 	 4.221588 	 -0.072949 	 -0.165436
2.783015 	 4.256989 	 -0.074334 	 -0.169800
2.737697 	 4.196594 	 -0.054989 	 -0.152252
2.691019 	 4.068176 	 -0.068528 	 -0.149689
2.643887 	 4.256470 	 -0.063128 	 -0.148529
2.599475 	 4.201111 	 -0.099379 	 -0.183838
2.554610 	 3.823120 	 -0.339819 	 -0.465820
2.507478 	 3.679138 	 -0.361412 	 -0.714630
2.460347 	 3.701691 	 -0.367079 	 -0.838013
2.413669 	 3.613434 	 -0.351622 	 -0.880280
2.366537 	 3.666046 	 -0.331841 	 -0.873810
2.320312 	 3.675751 	 -0.318685 	 -0.850098
2.274541 	 3.722412 	 -0.335984 	 -0.852020
2.231488 	 3.565216 	 -0.348555 	 -0.873383
2.181184 	 3.668488 	 -0.313784 	 -0.850769
2.135413 	 3.664307 	 -0.327217 	 -0.840363
2.087375 	 3.584381 	 -0.306242 	 -0.820221
2.043416 	 3.759674 	 -0.293033 	 -0.788849
1.994019 	 3.759308 	 -0.296229 	 -0.772217
1.950060 	 3.607635 	 -0.268873 	 -0.738312
1.903381 	 3.669373 	 -0.307542 	 -0.753387
1.858063 	 3.576447 	 -0.253277 	 -0.717896
1.809572 	 3.609131 	 -0.249357 	 -0.674896
1.766066 	 3.669464 	 -0.252095 	 -0.657196
1.718481 	 3.724548 	 -0.220808 	 -0.618500
1.669991 	 3.518372 	 -0.191694 	 -0.557617
1.625125 	 3.552338 	 -0.217229 	 -0.545471
1.577994 	 3.611450 	 -0.215855 	 -0.548950
1.535394 	 3.689423 	 -0.198235 	 -0.530701
1.486903 	 3.658539 	 -0.204999 	 -0.522858
1.441132 	 3.622711 	 -0.167683 	 -0.482025
1.393094 	 3.445770 	 -0.157212 	 -0.437897
1.348228 	 3.488464 	 -0.137174 	 -0.393188
1.299738 	 3.555298 	 -0.175353 	 -0.405151
1.253513 	 3.562592 	 -0.150714 	 -0.400513
1.204115 	 3.248199 	 -0.141978 	 -0.378387
1.158344 	 3.308075 	 -0.049151 	 -0.268005
1.111665 	 3.305298 	 -0.021114 	 -0.150848
1.067706 	 3.282043 	 -0.016256 	 -0.082703
1.021481 	 3.200134 	 0.048406 	 0.017670
0.975256 	 3.124786 	 0.030190 	 0.070282
0.926312 	 2.742371 	 0.112034 	 0.171844
0.882806 	 3.021027 	 0.071639 	 0.209534
0.834769 	 2.808807 	 0.109083 	 0.249298
0.790356 	 2.517120 	 0.296229 	 0.478271
0.742319 	 2.258759 	 0.409850 	 0.779938
0.697453 	 1.745270 	 0.578066 	 1.138611
0.652588 	 1.835297 	 0.627558 	 1.414001
0.604097 	 1.299011 	 0.831428 	 1.772461
0.557872 	 1.013336 	 1.070612 	 2.268494
0.508022 	 1.094269 	 0.917459 	 2.427002
0.464969 	 0.962280 	 1.061664 	 2.584473
0.416931 	 0.937347 	 1.139950 	 2.801666
0.372519 	 0.786346 	 1.233342 	 3.041351
0.327654 	 0.772095 	 1.244580 	 3.175262
0.279163 	 0.588470 	 1.150304 	 3.150513
0.231125 	 0.522644 	 1.529475 	 3.503510
0.183994 	 0.566040 	 1.388551 	 3.672974
0.138222 	 0.485107 	 1.381808 	 3.674683
0.093810 	 0.463898 	 1.382681 	 3.678314
0.044865 	 0.537903 	 1.346878 	 3.642883
0.000000 	 0.410034 	 1.294009 	 3.555695
0.045772 	 0.414398 	 1.378271 	 3.586090
0.094716 	 0.467102 	 1.280011 	 3.532196
0.139581 	 0.575836 	 1.277263 	 3.465088
0.183540 	 0.503326 	 1.138267 	 3.288574
0.230219 	 0.484985 	 1.231307 	 3.250183
0.277350 	 0.581146 	 1.337567 	 3.384796
0.326747 	 0.590027 	 1.237614 	 3.383026
0.370706 	 0.595032 	 1.217587 	 3.318390
0.416025 	 0.718689 	 1.087944 	 3.146393
0.467235 	 0.698456 	 1.217757 	 3.152039
0.510287 	 0.887817 	 1.200319 	 3.191559
0.556966 	 1.020142 	 1.039187 	 3.025574
0.605457 	 1.146973 	 1.039837 	 2.896362
0.648962 	 1.177887 	 0.908585 	 2.697296
0.700172 	 1.342468 	 0.862321 	 2.506897
0.742319 	 1.538300 	 0.998206 	 2.542572
0.789450 	 1.824310 	 0.686542 	 2.291687
0.834315 	 2.137207 	 0.478559 	 1.825104
0.881900 	 2.272186 	 0.567530 	 1.631378
0.928125 	 2.583344 	 0.256995 	 1.255981
0.976163 	 2.626099 	 0.190810 	 0.889069
1.018762 	 2.961060 	 0.141116 	 0.646240
1.069519 	 3.077271 	 0.060262 	 0.432983
1.113478 	 3.181244 	 0.023276 	 0.264923
1.160609 	 3.328003 	 0.043250 	 0.192474
1.207288 	 3.114502 	 0.016970 	 0.141235
1.253059 	 3.454102 	 -0.095086 	 -0.011261
1.302910 	 3.477417 	 -0.119395 	 -0.151581
1.347322 	 3.433929 	 -0.178176 	 -0.285156
1.394000 	 3.470764 	 -0.160610 	 -0.352295
1.439772 	 3.547485 	 -0.176919 	 -0.392059
1.486903 	 3.519897 	 -0.169867 	 -0.410370
1.532675 	 3.527252 	 -0.152833 	 -0.397980
1.580260 	 3.571472 	 -0.180051 	 -0.413696
1.624672 	 3.663269 	 -0.176450 	 -0.429474
1.673616 	 3.544464 	 -0.218763 	 -0.479462
1.718935 	 3.605560 	 -0.224643 	 -0.525513
1.765160 	 3.646332 	 -0.220329 	 -0.543823
1.810478 	 3.733582 	 -0.246939 	 -0.578705
1.861235 	 3.650543 	 -0.242390 	 -0.600403
1.904741 	 3.665039 	 -0.260777 	 -0.628143
1.950513 	 3.586334 	 -0.245682 	 -0.632294
1.999004 	 3.609070 	 -0.251967 	 -0.635071
2.042509 	 3.639282 	 -0.270343 	 -0.657471
2.089188 	 3.773315 	 -0.261650 	 -0.666504
2.132240 	 3.663025 	 -0.268969 	 -0.674927
2.181184 	 3.711273 	 -0.288548 	 -0.701752
2.229675 	 3.668518 	 -0.268596 	 -0.701660
2.273634 	 3.669312 	 -0.332927 	 -0.760437
2.321219 	 3.740417 	 -0.313848 	 -0.793457
2.367897 	 3.640137 	 -0.293150 	 -0.778839
2.414575 	 3.683441 	 -0.288665 	 -0.758850
2.460800 	 3.686523 	 -0.341822 	 -0.803558
2.508385 	 3.720459 	 -0.308341 	 -0.811188
2.552797 	 3.727509 	 -0.350557 	 -0.843994
2.601741 	 3.719421 	 -0.341726 	 -0.868347
2.644341 	 3.665527 	 -0.326717 	 -0.859314
2.691472 	 3.863281 	 -0.345178 	 -0.869293
2.739510 	 3.678406 	 -0.361529 	 -0.898071
2.785735 	 3.578064 	 -0.335942 	 -0.890625
2.830147 	 3.776001 	 -0.342653 	 -0.883972
2.876825 	 3.606567 	 -0.342738 	 -0.885101
2.922597 	 3.677765 	 -0.366004 	 -0.908844
2.968369 	 3.674835 	 -0.382643 	 -0.946655
3.017766 	 3.769165 	 -0.392241 	 -0.980743
3.062631 	 3.674561 	 -0.353146 	 -0.958527
3.107497 	 3.724579 	 -0.400582 	 -0.982788
3.155534 	 3.557831 	 -0.394915 	 -1.005829
3.200853 	 3.733154 	 -0.403746 	 -1.024078
3.247078 	 3.472290 	 -0.371394 	 -1.002777
3.295116 	 3.655090 	 -0.364960 	 -0.972534
3.341341 	 3.629730 	 -0.391080 	 -0.986053
3.386659 	 3.669586 	 -0.389471 	 -0.999878
3.433337 	 3.606537 	 -0.437483 	 -1.054779
3.480016 	 3.536926 	 -0.365130 	 -1.024170
3.526694 	 3.652588 	 -0.406175 	 -1.022736
3.570653 	 3.726257 	 -0.434138 	 -1.068878
3.619144 	 3.560822 	 -0.423517 	 -1.090607
3.664462 	 3.594330 	 -0.431421 	 -1.103760
3.711140 	 3.591034 	 -0.424998 	 -1.105652
3.759178 	 3.697113 	 -0.432359 	 -1.112274
3.804044 	 3.588501 	 -0.438495 	 -1.124207
3.852988 	 3.574554 	 -0.444098 	 -1.137726
3.899213 	 3.494690 	 -0.471731 	 -1.175446
3.944531 	 3.660187 	 -0.433211 	 -1.161713
3.991209 	 3.576752 	 -0.472754 	 -1.181793
4.037434 	 3.608643 	 -0.460961 	 -1.195862
4.083659 	 3.646606 	 -0.417019 	 -1.151642
4.125352 	 3.708405 	 -0.434820 	 -1.132660
4.175203 	 3.648071 	 -0.445728 	 -1.143066
4.222787 	 3.635529 	 -0.418787 	 -1.123779
4.269466 	 3.642365 	 -0.472402 	 -1.160156
4.316144 	 3.637024 	 -0.416252 	 -1.139435
4.362822 	 3.728027 	 -0.436204 	 -1.127502
4.408594 	 3.637146 	 -0.451448 	 -1.145813
4.456178 	 3.605438 	 -0.458575 	 -1.168304
4.500591 	 3.615540 	 -0.427586 	 -1.149292
4.547269 	 3.777466 	 -0.409339 	 -1.108765
4.593494 	 3.654083 	 -0.437621 	 -1.113495
4.640172 	 3.679321 	 -0.405237 	 -1.092926
4.686397 	 3.677246 	 -0.422569 	 -1.088470
4.732622 	 3.806488 	 -0.423304 	 -1.094696
4.779753 	 3.640167 	 -0.384731 	 -1.057434
4.823712 	 3.710358 	 -0.358845 	 -0.997498
4.874016 	 3.779236 	 -0.352869 	 -0.954102
4.918881 	 3.821533 	 -0.297848 	 -0.874695
4.966013 	 4.077667 	 -0.018695 	 -0.524963
5.010878 	 4.162872 	 0.026184 	 -0.206696
5.060275 	 4.210663 	 -0.006924 	 -0.081696
5.106047 	 4.129669 	 0.000245 	 -0.031921
5.149100 	 4.301666 	 0.007180 	 0.002777
5.196684 	 4.223877 	 0.001097 	 0.013306
5.242909 	 4.143829 	 0.057418 	 0.076324
5.290494 	 4.135284 	 0.025865 	 0.095917
5.336266 	 4.106354 	 0.008852 	 0.073608
5.382491 	 4.304108 	 -0.002344 	 0.046814
5.428262 	 4.216614 	 -0.000842 	 0.028564
5.474940 	 4.200958 	 -0.008288 	 0.017151
5.523431 	 4.182739 	 0.001044 	 0.019470
5.567390 	 4.275604 	 0.001811 	 0.024261
5.618147 	 4.256531 	 -0.031766 	 -0.009186
5.661200 	 4.199768 	 0.005806 	 0.001068
5.708784 	 4.266449 	 -0.017438 	 -0.003204
5.756822 	 4.202423 	 -0.034280 	 -0.032410
5.802594 	 4.232513 	 0.000181 	 -0.015808
5.845647 	 4.254913 	 -0.006541 	 -0.001984
5.890512 	 4.201019 	 -0.009300 	 0.000092
5.939909 	 4.124939 	 -0.034653 	 -0.027313
5.987947 	 4.165955 	 0.026269 	 0.012451
6.033266 	 4.135620 	 -0.002993 	 0.025360
6.082663 	 4.199310 	 0.009012 	 0.031433
6.123903 	 4.215332 	 0.015872 	 0.046783
6.171941 	 4.127533 	 0.038254 	 0.080902
6.220432 	 4.088470 	 0.013603 	 0.077148
6.263937 	 4.216492 	 -0.006040 	 0.045166
6.314694 	 4.187683 	 -0.028368 	 0.000732
6.359560 	 4.262817 	 0.018919 	 0.021240
6.402159 	 4.208740 	 0.022999 	 0.054321
6.451556 	 4.212311 	 -0.013284 	 0.031677
6.497328 	 4.338470 	 -0.008916 	 0.011963
6.541740 	 4.217957 	 0.010184 	 0.025330
6.587965 	 4.233429 	 0.011952 	 0.041443
6.636909 	 4.220642 	 0.001172 	 0.037354
6.681775 	 4.149475 	 -0.032938 	 -0.004333
6.732079 	 4.200470 	 -0.007446 	 -0.010193
6.776944 	 4.211639 	 -0.020730 	 -0.015564
6.823622 	 4.115784 	 -0.012826 	 -0.016266
6.869394 	 4.206360 	 0.027132 	 0.028595
6.916978 	 4.208557 	 0.021284 	 0.059021
6.960937 	 4.009552 	 -0.008682 	 0.038086
7.008069 	 4.203094 	 0.006221 	 0.032227
7.056107 	 4.225464 	 -0.033993 	 -0.006165
7.102785 	 4.214722 	 -0.004719 	 -0.008942
7.144025 	 4.226654 	 -0.005614 	 0.001373
7.193422 	 4.163513 	 -0.007904 	 0.002136
7.240100 	 4.268433 	 0.021934 	 0.033966
7.287231 	 4.333435 	 0.013731 	 0.051788
7.333003 	 4.148437 	 0.010685 	 0.053131
7.378322 	 4.239807 	 0.010045 	 0.052490
7.425453 	 4.129791 	 -0.005827 	 0.035706
7.471225 	 4.153564 	 0.010280 	 0.037048
7.519263 	 4.214874 	 -0.018727 	 0.014313
7.564128 	 4.123718 	 0.002653 	 0.013885
7.610806 	 4.119324 	 -0.009310 	 0.011353
7.658844 	 4.235291 	 -0.015851 	 -0.002686
7.702350 	 4.203308 	 -0.013998 	 -0.009033
7.751747 	 4.273132 	 0.017694 	 0.021362
7.795706 	 4.192047 	 -0.005710 	 0.024506
7.840118 	 4.374420 	 -0.006349 	 0.014404
7.890422 	 4.205536 	 0.013028 	 0.030823
7.939819 	 4.306091 	 -0.000064 	 0.032196
7.984232 	 4.157562 	 -0.012709 	 0.013184
8.026831 	 4.217712 	 0.007627 	 0.021271
8.077135 	 4.150665 	 -0.026791 	 -0.002533
8.121094 	 4.223633 	 -0.006594 	 -0.006927
8.167319 	 4.197327 	 0.017875 	 0.026215
8.215810 	 4.094513 	 0.020133 	 0.053925
8.261128 	 4.207489 	 0.024874 	 0.071075
8.306447 	 4.123352 	 -0.000597 	 0.053925
8.352219 	 4.277802 	 -0.013518 	 0.022644
8.399350 	 4.295654 	 -0.000714 	 0.016418
8.448747 	 4.044495 	 -0.001981 	 0.017975
8.492253 	 4.234558 	 0.023020 	 0.043549
8.538478 	 4.226440 	 0.003633 	 0.045227
8.586969 	 4.232483 	 0.012069 	 0.046844
8.631834 	 4.252136 	 -0.018749 	 0.018585
8.681232 	 4.159973 	 -0.026067 	 -0.015442
8.724738 	 4.046539 	 -0.026759 	 -0.032928
8.771416 	 4.217896 	 0.006029 	 -0.006165
8.820813 	 4.216522 	 -0.030765 	 -0.018921
8.866585 	 4.205902 	 0.015404 	 0.007721
8.910544 	 4.294464 	 -0.026323 	 -0.006287
8.956316 	 4.155823 	 -0.013806 	 -0.013702
9.001181 	 4.098633 	 -0.012517 	 -0.011292
9.049219 	 4.095459 	 -0.006573 	 -0.002014
9.096350 	 4.086823 	 0.006093 	 0.016785
9.143028 	 4.149475 	 -0.007084 	 0.015228
9.189706 	 4.259369 	 0.005678 	 0.022430
9.236385 	 4.310883 	 -0.013880 	 0.010345
9.284422 	 4.144073 	 -0.037242 	 -0.027252
9.332007 	 4.135651 	 -0.030275 	 -0.045074
9.374153 	 4.041565 	 -0.012900 	 -0.032776
9.422191 	 4.229858 	 -0.009065 	 -0.016693
9.469775 	 4.205688 	 0.013923 	 0.015808
9.511922 	 4.204071 	 -0.011835 	 0.013580
9.561319 	 4.225037 	 -0.013891 	 -0.001648
9.606184 	 4.124451 	 -0.014093 	 -0.008087
9.656035 	 4.119476 	 -0.027036 	 -0.024200
9.701353 	 4.238678 	 0.011345 	 0.003296
9.747125 	 4.227997 	 0.023564 	 0.043488
9.791084 	 4.107574 	 0.007553 	 0.049225
9.840482 	 4.242584 	 -0.025865 	 0.010559
9.888066 	 4.357849 	 -0.006498 	 -0.000305
9.932932 	 4.095856 	 -0.025162 	 -0.015625
9.976891 	 4.228394 	 -0.016735 	 -0.021179
10.024022 	 4.067230 	 0.020187 	 0.017853
10.069794 	 4.237610 	 -0.000543 	 0.028320
10.119191 	 4.220856 	 0.017470 	 0.043091
10.167682 	 4.143555 	 -0.021156 	 0.017029
10.211641 	 4.128937 	 -0.021582 	 -0.011230
10.256053 	 4.169769 	 0.013433 	 0.012909
10.300919 	 4.253479 	 -0.014030 	 0.009796
10.348503 	 4.133270 	 -0.001651 	 0.008789
10.396541 	 4.186646 	 0.014456 	 0.030304
10.444125 	 4.159729 	 0.001150 	 0.033478
10.487178 	 4.118835 	 0.008671 	 0.036072
10.535216 	 4.157593 	 -0.002322 	 0.030609
10.580534 	 4.250671 	 0.024395 	 0.050964
10.628572 	 4.174774 	 -0.011398 	 0.033997
10.672984 	 4.153046 	 -0.018131 	 0.005219
10.720116 	 4.277252 	 -0.004900 	 0.002502
10.767247 	 4.188568 	 0.032874 	 0.045563
10.814378 	 4.121674 	 0.028656 	 0.078125
10.860603 	 4.109680 	 -0.039351 	 0.018005
10.907281 	 4.198883 	 -0.018099 	 -0.013855
10.953960 	 4.249115 	 0.014626 	 0.014771
11.000185 	 4.191803 	 0.028783 	 0.055359
11.045050 	 4.228790 	 0.018940 	 0.068176
11.089462 	 4.258667 	 -0.011302 	 0.039093
11.141579 	 4.245636 	 0.027058 	 0.053680
11.183272 	 4.243622 	 -0.002961 	 0.045410
11.233575 	 4.140228 	 -0.014243 	 0.016266
11.279800 	 4.042908 	 0.001491 	 0.016602
11.325572 	 4.155579 	 -0.012229 	 0.006683
11.371797 	 4.183899 	 0.008490 	 0.019684
11.419835 	 4.121979 	 -0.000096 	 0.025787
11.466513 	 4.304108 	 -0.001417 	 0.022980
11.509566 	 4.220886 	 -0.010972 	 0.010681
11.558510 	 4.209595 	 -0.012783 	 -0.000244
11.604282 	 4.144684 	 -0.018589 	 -0.011261
11.649147 	 4.157654 	 -0.014999 	 -0.016724
11.699451 	 4.026764 	 -0.007979 	 -0.008362
11.745222 	 4.078552 	 -0.011100 	 -0.008606
11.787822 	 4.276825 	 0.031766 	 0.038086
11.835860 	 4.189850 	 0.019494 	 0.063416
11.880725 	 4.060181 	 -0.016437 	 0.031769
11.930122 	 4.102692 	 -0.031138 	 -0.012390
11.974081 	 4.074554 	 -0.025918 	 -0.032501
12.023026 	 4.166199 	 0.039915 	 0.030151
12.064719 	 4.055695 	 0.006338 	 0.049347
12.112756 	 4.185638 	 0.030648 	 0.069366
12.159435 	 4.195770 	 -0.016256 	 0.039734
12.208379 	 4.309601 	 -0.006562 	 0.016602
12.250978 	 4.323669 	 0.017864 	 0.036530
12.298563 	 4.272644 	 -0.003015 	 0.033813
12.342975 	 4.132874 	 -0.020677 	 0.005066
12.390559 	 4.280304 	 0.020613 	 0.027710
12.437691 	 4.122040 	 0.043378 	 0.079651
12.482556 	 4.083954 	 0.011931 	 0.079071
12.531500 	 4.190460 	 0.005262 	 0.058044
12.578178 	 4.169708 	 0.004570 	 0.045746
12.622591 	 4.189606 	 0.011899 	 0.046692
12.670175 	 4.209869 	 0.005625 	 0.044739
12.716853 	 4.125061 	 -0.004027 	 0.031494
12.760812 	 4.230072 	 -0.015010 	 0.010223
12.809303 	 4.180359 	 -0.007201 	 0.001617
12.856888 	 4.170013 	 0.006296 	 0.015747
12.901753 	 4.233459 	 0.006679 	 0.029785
12.948431 	 4.169434 	 -0.014860 	 0.012207
12.993750 	 4.213776 	 -0.002631 	 0.009033
13.044054 	 4.024841 	 -0.013465 	 0.002472
13.089825 	 4.066742 	 -0.022690 	 -0.015594
13.131972 	 4.320679 	 0.034057 	 0.031891
13.183635 	 4.115387 	 0.014402 	 0.057159
13.227594 	 4.134674 	 0.007840 	 0.052032
13.272913 	 4.189758 	 -0.038254 	 -0.000763
13.318684 	 4.182770 	 -0.003569 	 -0.007233
13.366722 	 4.237762 	 0.010227 	 0.018158
13.405696 	 4.264618 	 -0.015361 	 0.008575
13.458266 	 4.328247 	 0.017630 	 0.028351
13.506757 	 4.199524 	 0.041375 	 0.076355
13.552075 	 4.137665 	 -0.003537 	 0.060577
13.598300 	 4.129608 	 -0.000288 	 0.036530
13.641353 	 4.046722 	 -0.011334 	 0.017334
13.691656 	 4.038544 	 -0.001182 	 0.014984
13.738788 	 4.273499 	 -0.001225 	 0.017914
13.782294 	 4.226685 	 0.018631 	 0.040222
13.829878 	 4.215515 	 -0.022456 	 0.017151
13.877463 	 4.195679 	 0.018621 	 0.031494
13.924594 	 4.135590 	 0.004304 	 0.039032
13.966740 	 4.111328 	 0.011505 	 0.043823
14.015685 	 4.192596 	 0.000192 	 0.037689
14.064175 	 4.231659 	 -0.001630 	 0.026855
14.110854 	 4.166565 	 0.038296 	 0.065002
14.154813 	 4.189484 	 0.009087 	 0.066803
14.202397 	 4.172546 	 0.011590 	 0.058319
14.248169 	 4.214874 	 -0.013816 	 0.028076
14.297113 	 4.133453 	 -0.016544 	 0.002228
14.340166 	 4.129730 	 0.013934 	 0.021942
14.389563 	 4.028961 	 -0.041087 	 -0.014282
14.436694 	 4.073792 	 -0.032725 	 -0.044373
14.480200 	 4.101044 	 0.016714 	 -0.001678
14.527332 	 4.087402 	 0.019984 	 0.041473
14.571291 	 4.149475 	 -0.002951 	 0.035461
14.618875 	 4.203583 	 0.014552 	 0.043243
14.664647 	 4.251648 	 -0.035111 	 0.001831
14.714044 	 4.327393 	 -0.014509 	 -0.015961
14.758910 	 4.292816 	 0.009044 	 0.009216
14.804228 	 4.102875 	 0.047980 	 0.070312
14.851360 	 4.173248 	 0.014328 	 0.078461
14.897131 	 4.160583 	 0.015137 	 0.070160
14.943810 	 4.198975 	 0.018536 	 0.069641
14.992300 	 4.243652 	 -0.014147 	 0.034637
15.038072 	 4.206604 	 0.023361 	 0.048492
15.087923 	 4.169739 	 0.001864 	 0.046967
15.130069 	 4.220856 	 0.025960 	 0.062347
15.178107 	 4.301392 	 -0.007776 	 0.043488
15.223878 	 4.104919 	 -0.009278 	 0.019287
15.268744 	 4.138824 	 0.007819 	 0.026031
15.314969 	 4.160400 	 0.001896 	 0.029724
15.359834 	 4.268829 	 -0.020410 	 0.006042
15.410138 	 4.237335 	 -0.008639 	 -0.001770
15.454097 	 4.120880 	 -0.014040 	 -0.005646
15.500775 	 4.245605 	 -0.005401 	 -0.001068
15.547000 	 4.165649 	 0.007073 	 0.017944
15.593225 	 4.197815 	 -0.015372 	 0.007080
15.641716 	 4.119171 	 0.011015 	 0.021271
15.687488 	 4.259674 	 -0.023095 	 0.003052
15.736885 	 4.133362 	 -0.026578 	 -0.022888
15.779485 	 4.344879 	 -0.034557 	 -0.044312
15.827069 	 4.187195 	 0.033321 	 0.013519
15.873747 	 4.132202 	 -0.012996 	 0.019470
15.923145 	 4.241730 	 0.008767 	 0.024445
15.964384 	 4.163422 	 0.005699 	 0.033417
16.013782 	 4.163574 	 0.016054 	 0.046722
16.061366 	 4.049561 	 -0.028517 	 0.009186
16.107138 	 4.162720 	 -0.006701 	 -0.001923
16.152003 	 4.177246 	 0.017438 	 0.028137
16.196869 	 4.235229 	 -0.006509 	 0.025696
16.245813 	 4.244965 	 0.007020 	 0.029022
16.290678 	 4.187653 	 0.001246 	 0.030426
16.337357 	 4.025635 	 0.010450 	 0.038391
16.384488 	 4.235443 	 -0.003963 	 0.030487
16.426634 	 4.037750 	 0.020048 	 0.045380
16.476031 	 4.179871 	 -0.025407 	 0.014648
16.524069 	 4.089508 	 0.015489 	 0.024567
16.568935 	 4.259460 	 0.021859 	 0.052734
16.616972 	 4.312439 	 -0.007649 	 0.037567
16.661838 	 4.158661 	 0.006669 	 0.033600
16.704437 	 4.235474 	 0.000746 	 0.031982
16.756554 	 4.271881 	 0.030690 	 0.059570
16.805951 	 4.228149 	 0.015042 	 0.068054
16.845831 	 4.279816 	 -0.016746 	 0.031677
16.895682 	 4.185638 	 -0.023841 	 -0.004333
16.942360 	 4.158356 	 0.011025 	 0.012817
16.988132 	 4.235504 	 0.002269 	 0.026001
17.036169 	 4.357330 	 0.007883 	 0.033325
17.079222 	 4.264740 	 0.036166 	 0.069153
17.124541 	 4.124817 	 0.000447 	 0.059265
17.176657 	 4.087646 	 0.000011 	 0.039398
17.217444 	 4.185455 	 -0.004900 	 0.024750
17.266841 	 4.153107 	 -0.037199 	 -0.016998
17.312613 	 4.073578 	 0.011079 	 0.001862
17.360197 	 4.211334 	 -0.011824 	 0.006775
17.404610 	 4.254578 	 0.012698 	 0.023865
17.449022 	 4.142395 	 0.021071 	 0.050690
17.497513 	 4.168854 	 -0.019398 	 0.023560
17.547363 	 4.302368 	 0.011761 	 0.027527
17.593135 	 4.118530 	 0.030147 	 0.061707
17.636641 	 4.297333 	 0.005742 	 0.058197
17.684679 	 4.084045 	 0.023777 	 0.066132
17.731810 	 4.252289 	 -0.013838 	 0.038025
17.776222 	 4.161957 	 -0.027228 	 -0.004120
17.824713 	 4.219727 	 0.020890 	 0.022034
17.868219 	 4.422516 	 0.034174 	 0.067841
17.912631 	 4.227570 	 0.026184 	 0.084229
17.961575 	 4.166046 	 0.017907 	 0.078583
18.009160 	 4.200897 	 0.007968 	 0.063965
18.056744 	 4.231964 	 -0.000501 	 0.043915
18.101610 	 4.108704 	 -0.008043 	 0.022858
18.148741 	 4.262634 	 -0.001992 	 0.017853
18.196779 	 4.313446 	 0.008948 	 0.028748
18.243910 	 4.190399 	 -0.043718 	 -0.015472
18.287869 	 4.181641 	 -0.015819 	 -0.028534
18.331828 	 4.054474 	 -0.018663 	 -0.025604
18.379866 	 4.177490 	 0.020581 	 0.014984
18.426091 	 4.096649 	 0.015159 	 0.044830
18.474582 	 4.171661 	 -0.003100 	 0.035126
18.518994 	 4.227631 	 -0.004549 	 0.022308
18.567032 	 4.183167 	 0.026280 	 0.047699
18.610538 	 4.142456 	 0.012932 	 0.058167
18.657216 	 4.202637 	 0.008171 	 0.052307
18.704800 	 4.086761 	 -0.009364 	 0.029205
18.750572 	 4.173157 	 0.015468 	 0.038361
18.798610 	 4.135468 	 -0.001502 	 0.033234
18.843022 	 4.246216 	 0.014615 	 0.042206
18.890607 	 4.269623 	 -0.029263 	 0.007416
18.935472 	 4.146179 	 0.023255 	 0.027740
18.979884 	 4.128448 	 -0.010322 	 0.024353
19.030188 	 4.123718 	 0.002173 	 0.021393
19.076866 	 4.192963 	 -0.008117 	 0.015381
19.123091 	 4.176514 	 -0.000011 	 0.016327
19.167050 	 4.163544 	 0.009907 	 0.030487
19.216447 	 4.155548 	 0.004613 	 0.035461
19.261313 	 4.170441 	 0.008725 	 0.038361
19.307538 	 4.182861 	 0.025694 	 0.061066
19.355576 	 4.250519 	 0.002194 	 0.053894
19.402254 	 4.247925 	 -0.028794 	 0.008057
19.447119 	 4.215454 	 -0.007499 	 -0.002747
19.491985 	 4.279633 	 0.022445 	 0.032135
19.541382 	 4.122742 	 -0.002653 	 0.034363
19.587154 	 4.196930 	 -0.008639 	 0.017731
19.632019 	 4.165558 	 0.008725 	 0.026886
19.680510 	 4.245453 	 -0.025971 	 0.001404
19.725375 	 4.050537 	 0.027516 	 0.033142
19.774319 	 4.199463 	 0.023968 	 0.064209
19.816919 	 4.095306 	 0.019995 	 0.072479
19.865863 	 4.000580 	 0.016235 	 0.070953
19.911182 	 4.138916 	 0.003846 	 0.056458
19.957407 	 4.088806 	 0.008011 	 0.048615
20.006351 	 4.265656 	 0.008586 	 0.047089
20.052122 	 4.255920 	 -0.011686 	 0.025482
20.097441 	 4.183716 	 -0.003622 	 0.015106
20.144119 	 4.138336 	 -0.000501 	 0.017914
20.189438 	 4.172821 	 0.003718 	 0.024750
20.234756 	 4.163452 	 -0.000511 	 0.024506
20.281888 	 4.138794 	 0.006210 	 0.029877
20.330379 	 4.097107 	 -0.005167 	 0.023804
20.374791 	 4.029449 	 -0.002514 	 0.018127
20.422829 	 4.141937 	 0.014456 	 0.036316
20.466335 	 4.222778 	 -0.000469 	 0.035156
20.512560 	 4.154541 	 -0.014903 	 0.012634
20.561504 	 4.150452 	 -0.024874 	 -0.013672
20.609088 	 4.136414 	 -0.025364 	 -0.029419
20.655766 	 4.211273 	 0.019036 	 0.009369
20.701991 	 4.140869 	 0.032182 	 0.057739

 Z Turning Point (V) = 3.922455 
 Turning Time Delay (ms) = 0 
 SEN (V) =  
 App. Driving Voltage (mVrms) = 0.005000 
 App. Vias. Voltage (V) = 0.000000 
 App. Del Z (Bit) = -10 
 App. Delay Time (ms) = 200 
 App. Velocity (nm/s) = -0.226596 
 Ret. Driving Voltage (mVrms) = 0.005000 
 Ret. Vias. Voltage (V) = 0.000000 
 Ret. Del Z (Bit) = -10 
 Ret. Delay Time (ms) = 200 
 Ret. Velocity (nm/s) = -0.226596 
  
 Data Array Size = 816 
 Frequency (Hz) = sen.
 
