7.981059 	 7.228210 	 -0.001832 	 0.022125
7.933928 	 7.242279 	 -0.001438 	 0.020477
7.888156 	 7.230103 	 0.000362 	 0.022888
7.842384 	 7.228973 	 -0.000522 	 0.022858
7.795253 	 7.223022 	 -0.000075 	 0.023468
7.748575 	 7.218262 	 -0.002024 	 0.020935
7.699178 	 7.240082 	 0.000170 	 0.022858
7.657484 	 7.232697 	 -0.000234 	 0.022583
7.609447 	 7.235321 	 -0.001236 	 0.022400
7.564128 	 7.215027 	 -0.000234 	 0.024200
7.514731 	 7.223053 	 -0.000149 	 0.023193
7.467146 	 7.223083 	 -0.000607 	 0.021942
7.422734 	 7.237457 	 -0.001332 	 0.021942
7.375603 	 7.220123 	 -0.000096 	 0.020996
7.328925 	 7.235382 	 0.000682 	 0.024139
7.283153 	 7.226410 	 0.000490 	 0.023804
7.237834 	 7.235321 	 0.000554 	 0.024872
7.189343 	 7.230194 	 -0.000660 	 0.022034
7.144025 	 7.228180 	 -0.000756 	 0.021271
7.099612 	 7.221252 	 0.001182 	 0.022278
7.051122 	 7.243530 	 -0.000586 	 0.023865
7.005803 	 7.221283 	 -0.000597 	 0.023773
6.959125 	 7.234955 	 -0.001236 	 0.024261
6.913806 	 7.232574 	 -0.000160 	 0.024384
6.871660 	 7.226990 	 0.000852 	 0.025604
6.821356 	 7.229553 	 0.000650 	 0.026703
6.776491 	 7.225464 	 0.000298 	 0.025299
6.725281 	 7.228516 	 0.001150 	 0.026825
6.679962 	 7.226532 	 0.000330 	 0.025330
6.635550 	 7.226471 	 0.000021 	 0.025269
6.590685 	 7.236572 	 -0.001364 	 0.020782
6.540834 	 7.228149 	 -0.000597 	 0.021729
6.496875 	 7.232239 	 0.001033 	 0.022888
6.450197 	 7.225403 	 -0.000245 	 0.024872
6.402159 	 7.230011 	 0.000064 	 0.024048
6.355028 	 7.229248 	 0.000266 	 0.023437
6.311975 	 7.229462 	 0.000607 	 0.024841
6.263484 	 7.226349 	 0.000288 	 0.023468
6.216806 	 7.233978 	 -0.000032 	 0.023285
6.169675 	 7.227386 	 -0.000085 	 0.022766
6.121637 	 7.217255 	 -0.000277 	 0.023193
6.079037 	 7.225708 	 -0.000916 	 0.023987
6.030093 	 7.228149 	 -0.001747 	 0.019897
5.986588 	 7.229614 	 0.000000 	 0.021515
5.937190 	 7.235291 	 0.000597 	 0.021790
5.890059 	 7.224304 	 -0.000831 	 0.021118
5.845193 	 7.224030 	 -0.001204 	 0.021606
5.798062 	 7.226440 	 -0.000629 	 0.019714
5.753650 	 7.226349 	 -0.000053 	 0.021759
5.706972 	 7.230255 	 -0.000277 	 0.022217
5.659840 	 7.227173 	 -0.000064 	 0.022980
5.615428 	 7.220276 	 0.000021 	 0.024750
5.567390 	 7.230865 	 -0.000394 	 0.026154
5.522525 	 7.229736 	 -0.000085 	 0.024323
5.474034 	 7.235565 	 0.000085 	 0.024231
5.430075 	 7.224243 	 0.000682 	 0.023926
5.382944 	 7.224182 	 0.000447 	 0.025787
5.336266 	 7.232910 	 -0.000533 	 0.022797
5.287775 	 7.230713 	 -0.000660 	 0.022034
5.243362 	 7.228363 	 -0.001278 	 0.022797
5.196231 	 7.222168 	 0.000160 	 0.022583
5.151366 	 7.239441 	 0.000724 	 0.025696
5.104234 	 7.233154 	 -0.000256 	 0.024597
5.058009 	 7.233185 	 -0.000618 	 0.021942
5.012691 	 7.228302 	 0.000735 	 0.023102
4.960121 	 7.232697 	 -0.001939 	 0.020386
4.917068 	 7.232300 	 -0.000629 	 0.021637
4.871297 	 7.226379 	 -0.000831 	 0.021729
4.824619 	 7.226257 	 0.000394 	 0.021912
4.777487 	 7.229980 	 -0.000064 	 0.023773
4.733981 	 7.217010 	 -0.000298 	 0.022461
4.686850 	 7.220001 	 0.000266 	 0.022949
4.641078 	 7.232544 	 0.000671 	 0.025024
4.593494 	 7.225220 	 0.000671 	 0.024536
4.545003 	 7.225433 	 -0.000724 	 0.023682
4.500591 	 7.230042 	 -0.000874 	 0.023285
4.451646 	 7.230194 	 0.000948 	 0.023499
4.407687 	 7.228210 	 -0.000288 	 0.023315
4.363728 	 7.221008 	 0.000959 	 0.024017
4.316597 	 7.219574 	 0.000895 	 0.026733
4.270372 	 7.227020 	 0.001033 	 0.026886
4.219615 	 7.220306 	 -0.000320 	 0.024506
4.177016 	 7.226227 	 -0.000362 	 0.025848
4.129884 	 7.230133 	 0.000501 	 0.026123
4.082753 	 7.212433 	 -0.000767 	 0.025085
4.036075 	 7.225433 	 0.000724 	 0.024811
3.989397 	 7.227112 	 0.000980 	 0.026398
3.946344 	 7.220276 	 0.000756 	 0.028412
3.898759 	 7.226288 	 0.001364 	 0.027405
3.851175 	 7.220642 	 0.001012 	 0.024933
3.808122 	 7.226318 	 -0.000096 	 0.025391
3.759178 	 7.222504 	 0.001055 	 0.024353
3.711140 	 7.214172 	 0.000415 	 0.026031
3.664009 	 7.219391 	 0.000202 	 0.025238
3.620050 	 7.215759 	 0.000107 	 0.024200
3.572466 	 7.223114 	 -0.000181 	 0.023163
3.526241 	 7.212402 	 0.000352 	 0.022003
3.480016 	 7.226288 	 0.000075 	 0.022980
3.433791 	 7.229401 	 0.002173 	 0.024933
3.385753 	 7.215424 	 0.001438 	 0.028442
3.339075 	 7.219940 	 -0.001044 	 0.024994
3.295569 	 7.219269 	 0.001225 	 0.026276
3.246172 	 7.223053 	 0.000778 	 0.025299
3.200400 	 7.223206 	 0.001385 	 0.027740
3.155988 	 7.223907 	 0.000937 	 0.026154
3.109309 	 7.238922 	 0.000362 	 0.024994
3.063538 	 7.225098 	 0.001097 	 0.025848
3.013687 	 7.221191 	 0.000256 	 0.024231
2.968822 	 7.235291 	 0.001055 	 0.025299
2.924863 	 7.226654 	 0.000703 	 0.024475
2.877731 	 7.242004 	 0.000565 	 0.026489
2.828334 	 7.212952 	 0.000916 	 0.027191
2.785281 	 7.228241 	 0.000724 	 0.026855
2.738603 	 7.222900 	 0.000096 	 0.025421
2.692378 	 7.235168 	 0.001481 	 0.028381
2.643887 	 7.229431 	 0.001342 	 0.027039
2.597209 	 7.226166 	 0.000948 	 0.027374
2.550984 	 7.223053 	 0.000234 	 0.026672
2.506119 	 7.233185 	 0.001736 	 0.028259
2.459894 	 7.233368 	 0.001513 	 0.028351
2.412309 	 7.229370 	 0.000937 	 0.027588
2.367897 	 7.229065 	 0.001598 	 0.026459
2.321219 	 7.219543 	 0.001758 	 0.024994
2.272275 	 7.224487 	 0.001193 	 0.025116
2.226050 	 7.233826 	 -0.000107 	 0.024384
2.180278 	 7.233124 	 0.001683 	 0.024872
2.138585 	 7.224121 	 0.002621 	 0.026917
2.089188 	 7.220123 	 0.001641 	 0.027039
2.039790 	 7.224609 	 0.000724 	 0.026764
1.994925 	 7.232452 	 0.000905 	 0.027466
1.947340 	 7.222778 	 0.001470 	 0.025665
1.902928 	 7.222473 	 0.002216 	 0.028473
1.855797 	 7.209198 	 0.002109 	 0.028564
1.809572 	 7.222992 	 0.001119 	 0.028290
1.760175 	 7.230042 	 0.001449 	 0.027252
1.715762 	 7.219879 	 0.001939 	 0.027313
1.668178 	 7.231964 	 0.002610 	 0.029510
1.623766 	 7.225128 	 0.001406 	 0.029663
1.576634 	 7.219971 	 0.000991 	 0.029755
1.528596 	 7.238556 	 0.001449 	 0.029877
1.485091 	 7.226624 	 0.001587 	 0.028351
1.437053 	 7.221313 	 0.000703 	 0.027466
1.392641 	 7.225647 	 0.001076 	 0.025635
1.344150 	 7.217377 	 0.002599 	 0.028717
1.296565 	 7.226288 	 0.002503 	 0.029358
1.252153 	 7.226654 	 0.002109 	 0.029663
1.208647 	 7.050415 	 0.040363 	 0.070831
1.160609 	 7.056122 	 0.040523 	 0.102539
1.112572 	 7.052246 	 0.042749 	 0.121796
1.068159 	 7.053162 	 0.046041 	 0.134247
1.020575 	 7.040039 	 0.048821 	 0.143280
0.973897 	 7.024170 	 0.054190 	 0.154419
0.928125 	 7.020325 	 0.050323 	 0.156952
0.880087 	 7.030426 	 0.049844 	 0.156738
0.835675 	 7.016296 	 0.049609 	 0.154236
0.789450 	 7.000519 	 0.052763 	 0.157562
0.742772 	 7.003876 	 0.052837 	 0.160461
0.695187 	 6.972107 	 0.053029 	 0.161591
0.651228 	 6.971313 	 0.052539 	 0.163635
0.604550 	 6.952087 	 0.054126 	 0.164093
0.556059 	 6.907043 	 0.059239 	 0.172089
0.514366 	 6.885773 	 0.056747 	 0.174164
0.462703 	 6.871399 	 0.060145 	 0.178131
0.418291 	 6.808044 	 0.063383 	 0.182983
0.370253 	 6.801117 	 0.061242 	 0.184753
0.326747 	 6.719086 	 0.067282 	 0.190308
0.279616 	 6.667969 	 0.072534 	 0.201721
0.230672 	 6.507141 	 0.077104 	 0.212433
0.187166 	 6.477661 	 0.075889 	 0.220306
0.140488 	 6.225159 	 0.097099 	 0.243988
0.092450 	 6.035919 	 0.104439 	 0.272766
0.044412 	 5.558044 	 0.195487 	 0.383270
0.000000 	 4.983032 	 0.287089 	 0.564728
0.045319 	 5.847961 	 0.129792 	 0.516541
0.092903 	 6.082031 	 0.097536 	 0.398132
0.139581 	 6.255707 	 0.091240 	 0.329163
0.184447 	 6.417053 	 0.076337 	 0.279358
0.232484 	 6.466309 	 0.076518 	 0.251892
0.276897 	 6.663025 	 0.064736 	 0.226929
0.326294 	 6.771301 	 0.062787 	 0.208588
0.369800 	 6.786957 	 0.060060 	 0.196198
0.419197 	 6.823700 	 0.063564 	 0.192169
0.465875 	 6.872467 	 0.059548 	 0.190582
0.508928 	 6.913910 	 0.060198 	 0.186096
0.555606 	 6.920258 	 0.058227 	 0.182465
0.601378 	 6.946167 	 0.056970 	 0.178162
0.650775 	 6.969147 	 0.055554 	 0.173828
0.697453 	 6.992401 	 0.052549 	 0.170776
0.743678 	 6.994110 	 0.052890 	 0.166565
0.790356 	 7.012177 	 0.052251 	 0.165039
0.834769 	 7.021393 	 0.052145 	 0.163208
0.882806 	 7.016937 	 0.046264 	 0.155914
0.927219 	 7.042328 	 0.049077 	 0.155121
0.970271 	 7.040802 	 0.048342 	 0.152100
1.021481 	 7.050140 	 0.050909 	 0.153870
1.063628 	 7.051971 	 0.048331 	 0.153595
1.113025 	 7.053406 	 0.048256 	 0.152344
1.159250 	 7.064148 	 0.050131 	 0.154694
1.203662 	 7.062195 	 0.045934 	 0.151245
1.252153 	 7.067383 	 0.048757 	 0.150848
1.301550 	 7.076477 	 0.045742 	 0.149780
1.343697 	 7.072357 	 0.048917 	 0.149933
1.391281 	 7.087494 	 0.046328 	 0.149017
1.436600 	 7.068237 	 0.050217 	 0.153046
1.484184 	 7.080353 	 0.048896 	 0.154602
1.529503 	 7.077393 	 0.047085 	 0.154633
1.572556 	 7.081177 	 0.045987 	 0.150513
1.622859 	 7.082397 	 0.046659 	 0.147095
1.669084 	 7.077393 	 0.042334 	 0.143127
1.714403 	 7.096375 	 0.041929 	 0.137817
1.763800 	 7.093262 	 0.041790 	 0.137024
1.807306 	 7.083160 	 0.043697 	 0.138611
1.855344 	 7.101288 	 0.043686 	 0.139801
1.902022 	 7.095276 	 0.044730 	 0.140228
1.946434 	 7.110443 	 0.042824 	 0.140015
1.994472 	 7.099274 	 0.045082 	 0.140472
2.037978 	 7.114197 	 0.039969 	 0.137848
2.087375 	 7.115143 	 0.040011 	 0.133698
2.134506 	 7.109558 	 0.037987 	 0.129791
2.178465 	 7.099060 	 0.038669 	 0.127380
2.226503 	 7.114075 	 0.037018 	 0.125702
2.273181 	 7.127228 	 0.037156 	 0.123657
2.321219 	 7.136353 	 0.036198 	 0.122101
2.365178 	 7.135406 	 0.033066 	 0.119507
2.411856 	 7.153992 	 0.032235 	 0.114594
2.457628 	 7.140411 	 0.028123 	 0.109070
2.503400 	 7.137848 	 0.029103 	 0.105042
2.551437 	 7.171326 	 0.026046 	 0.099274
2.597662 	 7.160889 	 0.023649 	 0.093079
2.642528 	 7.181976 	 0.021976 	 0.089386
2.692378 	 7.222198 	 0.000980 	 0.065002
2.737244 	 7.223358 	 0.001427 	 0.044128
2.781203 	 7.214905 	 0.000650 	 0.036316
2.829240 	 7.221222 	 0.002983 	 0.033752
2.878638 	 7.220276 	 0.002429 	 0.032379
2.923956 	 7.230804 	 0.000234 	 0.029053
2.969275 	 7.220154 	 0.000916 	 0.026306
3.015500 	 7.222321 	 0.002344 	 0.029022
3.060818 	 7.223236 	 0.001097 	 0.027985
3.105684 	 7.231812 	 0.002194 	 0.027832
3.154175 	 7.225189 	 0.000746 	 0.029297
3.201759 	 7.238007 	 0.001651 	 0.028320
3.246625 	 7.222260 	 0.001087 	 0.027283
3.295116 	 7.220367 	 0.001939 	 0.028748
3.341341 	 7.217041 	 0.000586 	 0.026672
3.389378 	 7.228119 	 0.001694 	 0.028381
3.431978 	 7.222900 	 0.000650 	 0.027039
3.479562 	 7.224243 	 0.001811 	 0.026886
3.524881 	 7.220337 	 0.001491 	 0.027679
3.570200 	 7.229889 	 0.001065 	 0.025940
3.620050 	 7.212372 	 0.000256 	 0.025665
3.666728 	 7.216156 	 0.000778 	 0.025940
3.711140 	 7.220123 	 0.000799 	 0.026123
3.759178 	 7.216003 	 0.001108 	 0.027100
3.804950 	 7.215881 	 0.000842 	 0.026276
3.849815 	 7.229828 	 0.002013 	 0.028625
3.895587 	 7.222107 	 0.001981 	 0.029358
3.944531 	 7.226135 	 0.002621 	 0.030243
3.989397 	 7.213287 	 0.002589 	 0.031372
4.036528 	 7.219482 	 0.000831 	 0.029205
4.079581 	 7.217712 	 -0.000202 	 0.027130
4.132603 	 7.222443 	 0.001641 	 0.027740
4.177016 	 7.228027 	 0.001108 	 0.026672
4.220068 	 7.220032 	 0.001577 	 0.028870
4.269919 	 7.226410 	 0.001491 	 0.028717
4.313878 	 7.228333 	 0.000969 	 0.028900
4.359650 	 7.219971 	 0.001960 	 0.028442
4.409500 	 7.229919 	 0.000575 	 0.028900
4.455272 	 7.224030 	 0.001822 	 0.027802
4.500591 	 7.218140 	 0.002557 	 0.030548
4.548175 	 7.218292 	 0.001641 	 0.028473
4.591681 	 7.225098 	 0.001577 	 0.027771
4.642438 	 7.220123 	 0.000788 	 0.027222
4.683224 	 7.219910 	 0.000842 	 0.025543
4.732622 	 7.225067 	 0.001736 	 0.028198
4.778847 	 7.228088 	 0.000980 	 0.027374
4.825978 	 7.225494 	 0.001119 	 0.025787
4.869484 	 7.223969 	 0.001609 	 0.027405
4.920241 	 7.214355 	 0.001097 	 0.027405
4.964200 	 7.231140 	 -0.000298 	 0.024506
5.013597 	 7.238953 	 -0.001768 	 0.025665
5.058009 	 7.232697 	 -0.000096 	 0.023132
5.103781 	 7.218292 	 0.001076 	 0.026001
5.151366 	 7.226196 	 -0.001150 	 0.024780
5.196684 	 7.226654 	 -0.000799 	 0.021301
5.241550 	 7.219543 	 0.000927 	 0.024506
5.288681 	 7.225586 	 0.000256 	 0.024445
5.338078 	 7.227814 	 -0.001822 	 0.021790
5.382944 	 7.230255 	 -0.000724 	 0.022125
5.430075 	 7.231262 	 0.000820 	 0.023773
5.477660 	 7.229279 	 0.000874 	 0.025452
5.521619 	 7.228912 	 0.000053 	 0.022858
5.569656 	 7.237152 	 -0.000107 	 0.023163
5.616335 	 7.227173 	 -0.001097 	 0.021576
5.661653 	 7.225159 	 0.000874 	 0.023590
5.708331 	 7.225006 	 0.000394 	 0.024109
5.753650 	 7.218628 	 -0.000213 	 0.024231
5.798969 	 7.222229 	 0.000320 	 0.024963
5.845647 	 7.230438 	 0.001459 	 0.025482
5.893231 	 7.229370 	 0.000181 	 0.026184
5.937190 	 7.239563 	 -0.000181 	 0.024689
5.985681 	 7.229401 	 -0.000277 	 0.023346
6.030547 	 7.235291 	 0.000117 	 0.024536
6.078584 	 7.233246 	 -0.001257 	 0.021851
6.124809 	 7.220215 	 -0.001364 	 0.021759
6.172847 	 7.244202 	 -0.000916 	 0.021637
6.216353 	 7.234924 	 -0.000767 	 0.020477
6.265750 	 7.229309 	 -0.000735 	 0.021606
6.310162 	 7.220093 	 -0.000607 	 0.019287
6.354575 	 7.235413 	 -0.000138 	 0.021576
6.404425 	 7.220245 	 -0.001023 	 0.020050
6.448384 	 7.222382 	 -0.000309 	 0.021332
6.497328 	 7.222473 	 0.001193 	 0.024719
6.540381 	 7.229523 	 0.000522 	 0.024750
6.589778 	 7.232422 	 -0.001342 	 0.023865
6.633284 	 7.230804 	 0.000586 	 0.024780
6.683134 	 7.229340 	 -0.001055 	 0.023224
6.726187 	 7.227234 	 0.000138 	 0.024384
6.774225 	 7.226715 	 0.000724 	 0.025696
6.818637 	 7.235046 	 -0.001257 	 0.024048
6.868488 	 7.228210 	 -0.000863 	 0.026276
6.913806 	 7.226471 	 -0.000692 	 0.024750
6.960484 	 7.221985 	 -0.000852 	 0.021484
7.008069 	 7.236450 	 -0.001364 	 0.021637
7.054294 	 7.218140 	 -0.001470 	 0.019409
7.098706 	 7.220215 	 -0.000671 	 0.019226
7.148557 	 7.231354 	 0.000788 	 0.021179
7.189796 	 7.225647 	 -0.001662 	 0.020416
7.238287 	 7.236664 	 -0.000863 	 0.020844
7.284059 	 7.223053 	 0.000138 	 0.022156
7.334816 	 7.225525 	 -0.000277 	 0.023407
7.376509 	 7.232361 	 -0.000895 	 0.022888
7.424094 	 7.222198 	 0.000309 	 0.022369
7.469412 	 7.230103 	 0.000927 	 0.025574
7.511105 	 7.232574 	 0.000991 	 0.025574
7.561862 	 7.236694 	 -0.000703 	 0.024597
7.609900 	 7.233368 	 -0.001949 	 0.021759
7.656125 	 7.227142 	 -0.000554 	 0.020844
7.700990 	 7.217316 	 -0.000373 	 0.021729
7.747215 	 7.228241 	 -0.001790 	 0.020020
7.797066 	 7.217285 	 -0.001662 	 0.018158
7.841025 	 7.222870 	 0.000011 	 0.020905

 Z Turning Point (V) = 1.305237 
 Turning Time Delay (ms) = 0 
 SEN (V) =  
 App. Driving Voltage (mVrms) = 0.300000 
 App. Vias. Voltage (V) = 0.000000 
 App. Del Z (Bit) = -10 
 App. Delay Time (ms) = 1000 
 App. Velocity (nm/s) = -0.045319 
 Ret. Driving Voltage (mVrms) = 0.300000 
 Ret. Vias. Voltage (V) = 0.000000 
 Ret. Del Z (Bit) = -10 
 Ret. Delay Time (ms) = 1000 
 Ret. Velocity (nm/s) = -0.045319 
  
 Data Array Size = 342 
 Frequency (Hz) = sen.
 
