3.947250 	 7.205292 	 0.001811 	 0.030273
3.901025 	 7.198975 	 0.002322 	 0.030243
3.857520 	 7.215424 	 0.003547 	 0.033264
3.809935 	 7.211670 	 0.000756 	 0.030670
3.759631 	 7.207367 	 0.000192 	 0.028687
3.718845 	 7.216797 	 0.001523 	 0.027313
3.670354 	 7.208130 	 0.001385 	 0.028748
3.622316 	 7.203247 	 0.000863 	 0.028717
3.574731 	 7.202942 	 0.001481 	 0.029327
3.528506 	 7.209045 	 0.003111 	 0.026520
3.482735 	 7.210693 	 0.001087 	 0.029022
3.436057 	 7.201843 	 0.001981 	 0.029114
3.396176 	 7.206177 	 0.002162 	 0.029388
3.345872 	 7.208923 	 0.001044 	 0.028076
3.296022 	 7.203918 	 0.001641 	 0.028931
3.252969 	 7.203613 	 0.002940 	 0.030884
3.204478 	 7.209106 	 0.000895 	 0.029877
3.159613 	 7.203461 	 0.001843 	 0.029236
3.113388 	 7.208527 	 0.001971 	 0.029633
3.068523 	 7.204407 	 0.002109 	 0.029022
3.020032 	 7.210480 	 0.001694 	 0.029083
2.971088 	 7.208618 	 0.002759 	 0.029724
2.926222 	 7.216248 	 0.002056 	 0.029297
2.879997 	 7.206390 	 0.001278 	 0.030029
2.832413 	 7.208466 	 0.003143 	 0.031464
2.789360 	 7.205902 	 0.002610 	 0.030396
2.742682 	 7.203003 	 0.002152 	 0.029968
2.696910 	 7.206268 	 0.002898 	 0.031952
2.650232 	 7.209381 	 0.002493 	 0.031616
2.603101 	 7.212341 	 0.001566 	 0.029846
2.556422 	 7.206451 	 0.003931 	 0.031982
2.509291 	 7.205414 	 0.001023 	 0.031158
2.463066 	 7.214508 	 0.001981 	 0.028534
2.416841 	 7.206482 	 0.002035 	 0.029541
2.370163 	 7.201630 	 0.003537 	 0.031738
2.325298 	 7.211548 	 0.001012 	 0.029449
2.278619 	 7.197174 	 0.001917 	 0.029419
2.231035 	 7.210419 	 0.001545 	 0.026459
2.186623 	 7.209473 	 0.000884 	 0.024841
2.136319 	 7.205811 	 0.002024 	 0.027985
2.091000 	 7.203308 	 0.003047 	 0.029816
2.043869 	 7.204498 	 0.002226 	 0.031799
1.998550 	 7.200195 	 0.002386 	 0.029510
1.951419 	 7.193481 	 0.003036 	 0.031891
1.906554 	 7.200775 	 0.002898 	 0.031311
1.860782 	 7.209259 	 0.002557 	 0.033325
1.811838 	 7.199524 	 0.003579 	 0.034119
1.769238 	 7.204773 	 0.002514 	 0.032898
1.719841 	 7.195709 	 0.003079 	 0.031799
1.673163 	 7.198608 	 0.003057 	 0.033234
1.630110 	 7.206146 	 0.002280 	 0.032043
1.583432 	 7.206390 	 0.001598 	 0.029633
1.540379 	 7.199280 	 0.003494 	 0.030701
1.488263 	 7.209320 	 0.002333 	 0.030945
1.440225 	 7.202820 	 0.004943 	 0.035553
1.397626 	 7.198639 	 0.002120 	 0.033081
1.348682 	 7.038483 	 0.029593 	 0.059845
1.302003 	 7.018311 	 0.036155 	 0.090668
1.255779 	 7.036652 	 0.036986 	 0.108093
1.208647 	 7.019623 	 0.036081 	 0.115692
1.164688 	 7.010223 	 0.041055 	 0.122437
1.115291 	 7.000000 	 0.040810 	 0.127319
1.071332 	 6.994537 	 0.044198 	 0.133728
1.025107 	 6.995117 	 0.041130 	 0.134338
0.977522 	 6.985382 	 0.042344 	 0.134674
0.932657 	 6.970276 	 0.043473 	 0.137329
0.887338 	 6.992493 	 0.041769 	 0.136841
0.839301 	 6.963470 	 0.042515 	 0.135620
0.796248 	 6.951508 	 0.041354 	 0.134796
0.746851 	 6.924316 	 0.039905 	 0.128540
0.700172 	 6.915741 	 0.040693 	 0.127472
0.653947 	 6.905548 	 0.039276 	 0.127777
0.607269 	 6.871674 	 0.043005 	 0.131195
0.561044 	 6.867645 	 0.044347 	 0.136688
0.514819 	 6.859344 	 0.046105 	 0.140869
0.467235 	 6.826355 	 0.045806 	 0.144470
0.424635 	 6.795349 	 0.051101 	 0.150421
0.376598 	 6.768219 	 0.053849 	 0.157745
0.330373 	 6.741333 	 0.051953 	 0.159698
0.283694 	 6.659119 	 0.051836 	 0.162506
0.235204 	 6.634918 	 0.056736 	 0.167145
0.188979 	 6.409180 	 0.064928 	 0.178894
0.142754 	 6.306793 	 0.066877 	 0.189270
0.095622 	 5.967438 	 0.087938 	 0.218658
0.049397 	 5.668915 	 0.117179 	 0.269928
0.000000 	 5.259796 	 0.153281 	 0.343201
0.053929 	 5.908630 	 0.085221 	 0.319214
0.099248 	 6.070587 	 0.089759 	 0.285431
0.145020 	 6.178284 	 0.081258 	 0.263794
0.192604 	 6.236969 	 0.066984 	 0.236908
0.233844 	 6.473480 	 0.065546 	 0.215210
0.278256 	 6.522095 	 0.060603 	 0.202148
0.329013 	 6.642914 	 0.057620 	 0.188843
0.376598 	 6.689301 	 0.057823 	 0.183685
0.424635 	 6.783264 	 0.051239 	 0.172607
0.467235 	 6.804871 	 0.053093 	 0.168030
0.515273 	 6.844299 	 0.050323 	 0.163574
0.562857 	 6.870514 	 0.052123 	 0.162750
0.607722 	 6.870880 	 0.051079 	 0.162201
0.653947 	 6.895142 	 0.045742 	 0.154968
0.703345 	 6.906769 	 0.047703 	 0.152771
0.743225 	 6.919586 	 0.040129 	 0.142700
0.792169 	 6.936310 	 0.034674 	 0.132111
0.840207 	 6.943604 	 0.038595 	 0.128662
0.885526 	 6.945129 	 0.041109 	 0.129883
0.928125 	 6.934265 	 0.040320 	 0.132202
0.977975 	 6.964722 	 0.040235 	 0.133240
1.027373 	 6.968018 	 0.045497 	 0.137421
1.071332 	 6.983154 	 0.042238 	 0.138000
1.114838 	 6.981476 	 0.044762 	 0.140137
1.166048 	 6.979309 	 0.042323 	 0.140259
1.208194 	 7.003235 	 0.042653 	 0.138489
1.256685 	 7.020020 	 0.050344 	 0.146820
1.300191 	 7.010223 	 0.049364 	 0.151764
1.348228 	 7.010010 	 0.048938 	 0.153564
1.392641 	 7.017517 	 0.046850 	 0.151520
1.442944 	 7.010132 	 0.048427 	 0.152069
1.488263 	 7.016510 	 0.044208 	 0.148071
1.534035 	 7.009735 	 0.047308 	 0.148773
1.583432 	 7.010162 	 0.044667 	 0.146790
1.626938 	 7.035492 	 0.039489 	 0.138733
1.674976 	 7.033417 	 0.041172 	 0.134186
1.721654 	 7.033600 	 0.037583 	 0.129089
1.767879 	 7.034424 	 0.041449 	 0.130035
1.813197 	 7.034210 	 0.035473 	 0.126556
1.857610 	 7.035034 	 0.032842 	 0.120239
1.907913 	 7.041351 	 0.033652 	 0.116943
1.951872 	 7.055298 	 0.032096 	 0.110229
1.999457 	 7.063782 	 0.029689 	 0.107635
2.047041 	 7.064606 	 0.032107 	 0.108765
2.093266 	 7.060791 	 0.029092 	 0.105682
2.137679 	 7.064941 	 0.029614 	 0.105042
2.184810 	 7.081421 	 0.030786 	 0.104431
2.229222 	 7.080353 	 0.027047 	 0.101776
2.275900 	 7.093903 	 0.027324 	 0.099243
2.326657 	 7.081604 	 0.026727 	 0.097382
2.370163 	 7.096069 	 0.027164 	 0.096161
2.415028 	 7.108551 	 0.027100 	 0.097931
2.467598 	 7.123169 	 0.023276 	 0.093414
2.509744 	 7.131104 	 0.024075 	 0.091156
2.556876 	 7.125458 	 0.023905 	 0.091248
2.603101 	 7.134644 	 0.025002 	 0.089966
2.650232 	 7.202759 	 0.001364 	 0.065979
2.694191 	 7.212677 	 0.002248 	 0.043915
2.745854 	 7.203369 	 0.003569 	 0.038086
2.788907 	 7.211365 	 0.002684 	 0.034271
2.835132 	 7.203308 	 0.004123 	 0.035522
2.879997 	 7.203186 	 0.002354 	 0.033447
2.930754 	 7.225708 	 0.001832 	 0.031647
2.974260 	 7.206604 	 0.003718 	 0.031494
3.021844 	 7.213409 	 0.002226 	 0.033356
3.064897 	 7.196533 	 0.000511 	 0.030334
3.112935 	 7.202759 	 0.001587 	 0.029480
3.161879 	 7.213379 	 0.002535 	 0.028351
3.203119 	 7.210205 	 0.002748 	 0.029327
3.250703 	 7.207520 	 0.002322 	 0.028778
3.296928 	 7.204498 	 0.002631 	 0.030182
3.342247 	 7.213623 	 0.002567 	 0.030945
3.389832 	 7.204590 	 0.001747 	 0.030731
3.436510 	 7.216339 	 0.002929 	 0.031860
3.485907 	 7.199310 	 0.001012 	 0.031860
3.528960 	 7.211700 	 0.000170 	 0.028137
3.575638 	 7.196533 	 0.001385 	 0.027008
3.622316 	 7.213043 	 0.000927 	 0.027222
3.672166 	 7.218872 	 0.002397 	 0.031311
3.715672 	 7.213654 	 0.001204 	 0.031860
3.762804 	 7.223053 	 0.000842 	 0.028656
3.810388 	 7.202454 	 0.003537 	 0.030365
3.854800 	 7.213745 	 0.000852 	 0.030792
3.900119 	 7.198334 	 0.001566 	 0.028839
3.949063 	 7.205322 	 0.002535 	 0.030365
3.996194 	 7.209930 	 0.000905 	 0.028198
4.043779 	 7.201447 	 0.001747 	 0.028473
4.087285 	 7.204529 	 0.002716 	 0.029053
4.131697 	 7.219330 	 0.001896 	 0.029114
4.182001 	 7.203735 	 0.001992 	 0.028534
4.227319 	 7.206390 	 0.000905 	 0.028015
4.271732 	 7.213348 	 0.002312 	 0.028046
4.321582 	 7.203888 	 0.001395 	 0.028839
4.365088 	 7.203186 	 0.001374 	 0.028625

 Z Turning Point (V) = 3.192810 
 Turning Time Delay (ms) = 0 
 SEN (V) =  
 App. Driving Voltage (mVrms) = 0.307000 
 App. Vias. Voltage (V) = 0.000000 
 App. Del Z (Bit) = -10 
 App. Delay Time (ms) = 500 
 App. Velocity (nm/s) = -0.090639 
 Ret. Driving Voltage (mVrms) = 0.307000 
 Ret. Vias. Voltage (V) = 0.000000 
 Ret. Del Z (Bit) = -10 
 Ret. Delay Time (ms) = 500 
 Ret. Velocity (nm/s) = -0.090639 
  
 Data Array Size = 180 
 Frequency (Hz) = sen.
 
