5.064807 	 7.212677 	 0.005071 	 0.035706
5.019035 	 7.215942 	 0.003068 	 0.034424
4.969638 	 7.214813 	 0.001758 	 0.032135
4.922054 	 7.220825 	 0.004016 	 0.032867
4.877188 	 7.205658 	 0.003025 	 0.033203
4.830057 	 7.219025 	 0.003121 	 0.030945
4.785645 	 7.205841 	 0.003941 	 0.032227
4.736700 	 7.209412 	 0.002621 	 0.032715
4.690022 	 7.221741 	 0.004155 	 0.036652
4.643797 	 7.208496 	 0.003718 	 0.036224
4.598026 	 7.214600 	 0.003143 	 0.035858
4.549988 	 7.209290 	 0.003249 	 0.034302
4.506935 	 7.210602 	 0.001641 	 0.033661
4.458444 	 7.209076 	 0.004581 	 0.033447
4.414938 	 7.212860 	 0.003910 	 0.035583
4.367354 	 7.209412 	 0.003079 	 0.034149
4.315691 	 7.223480 	 0.004208 	 0.032684
4.269919 	 7.216705 	 0.002162 	 0.032471
4.225053 	 7.214447 	 0.003952 	 0.032532
4.180188 	 7.207275 	 0.003547 	 0.034088
4.132150 	 7.211578 	 0.002610 	 0.032471
4.086832 	 7.225677 	 0.002429 	 0.033264
4.039700 	 7.208435 	 0.003739 	 0.035980
3.994835 	 7.219788 	 0.001896 	 0.032593
3.947250 	 7.221588 	 0.004677 	 0.033630
3.900119 	 7.203644 	 0.003025 	 0.032654
3.856613 	 7.219055 	 0.004495 	 0.033630
3.805856 	 7.208984 	 0.002578 	 0.033478
3.763257 	 7.216705 	 0.003036 	 0.032074
3.717485 	 7.214935 	 0.005060 	 0.033386
3.670354 	 7.216553 	 0.003622 	 0.033386
3.624129 	 7.214722 	 0.003260 	 0.034485
3.577904 	 7.214661 	 0.003665 	 0.033966
3.525787 	 7.221405 	 0.005241 	 0.036224
3.482281 	 7.206573 	 0.004879 	 0.038574
3.436057 	 7.220337 	 0.004282 	 0.037018
3.393004 	 7.221466 	 0.004229 	 0.036041
3.347685 	 7.224365 	 0.004922 	 0.036102
3.299648 	 7.209381 	 0.004080 	 0.035767
3.253876 	 7.209778 	 0.002642 	 0.034576
3.208104 	 7.211761 	 0.004527 	 0.035309
3.156894 	 7.204803 	 0.003505 	 0.033722
3.115201 	 7.208740 	 0.003238 	 0.032928
3.067163 	 7.219696 	 0.005220 	 0.036133
3.019125 	 7.209534 	 0.003611 	 0.036041
2.974713 	 7.218872 	 0.003526 	 0.035583
2.927582 	 7.213196 	 0.004666 	 0.036926
2.880904 	 7.213654 	 0.004410 	 0.036621
2.832866 	 7.203705 	 0.003611 	 0.035919
2.785735 	 7.206299 	 0.004155 	 0.035553
2.743135 	 7.200684 	 0.004005 	 0.035217
2.693738 	 7.208832 	 0.004101 	 0.036682
2.647060 	 7.202850 	 0.004432 	 0.035583
2.600835 	 7.218597 	 0.005422 	 0.036163
2.557329 	 7.202728 	 0.004165 	 0.035675
2.505212 	 7.213440 	 0.005028 	 0.037018
2.461707 	 7.217499 	 0.004527 	 0.037048
2.417747 	 7.224457 	 0.004112 	 0.037476
2.368350 	 7.209595 	 0.004506 	 0.035797
2.322578 	 7.209412 	 0.003771 	 0.036255
2.275447 	 7.213501 	 0.002099 	 0.033112
2.231488 	 7.209625 	 0.004048 	 0.032166
2.184357 	 7.215637 	 0.004123 	 0.033691
2.135866 	 7.222504 	 0.004581 	 0.033875
2.091907 	 7.221771 	 0.004069 	 0.034668
2.043869 	 7.218353 	 0.003579 	 0.033630
1.999457 	 7.205536 	 0.005167 	 0.035400
1.951419 	 7.215820 	 0.004112 	 0.035889
1.902928 	 7.211487 	 0.005028 	 0.035980
1.860329 	 7.210449 	 0.004421 	 0.035889
1.811838 	 7.209473 	 0.003249 	 0.033691
1.765613 	 7.209686 	 0.005635 	 0.036560
1.719841 	 7.219788 	 0.005923 	 0.037994
1.672710 	 7.208954 	 0.006498 	 0.039795
1.626031 	 7.206726 	 0.005422 	 0.039215
1.580713 	 7.214722 	 0.005113 	 0.039520
1.531316 	 7.047943 	 0.030360 	 0.065247
1.487357 	 7.031555 	 0.031564 	 0.087616
1.441132 	 7.024048 	 0.035963 	 0.103333
1.392641 	 7.011597 	 0.036592 	 0.113190
1.346869 	 7.005615 	 0.038722 	 0.118927
1.301097 	 7.005981 	 0.041364 	 0.127747
1.254872 	 6.988617 	 0.040139 	 0.129395
1.208194 	 6.989197 	 0.039276 	 0.129272
1.162875 	 6.985748 	 0.043228 	 0.133698
1.114838 	 6.973267 	 0.042142 	 0.136322
1.069519 	 6.963806 	 0.040299 	 0.134521
1.023747 	 6.964661 	 0.044017 	 0.137909
0.976616 	 6.953949 	 0.046147 	 0.141510
0.934470 	 6.936157 	 0.045615 	 0.144440
0.885072 	 6.948090 	 0.043569 	 0.141968
0.838847 	 6.934204 	 0.049151 	 0.147186
0.792169 	 6.942719 	 0.046733 	 0.147858
0.745038 	 6.930817 	 0.045710 	 0.147003
0.701079 	 6.906860 	 0.043473 	 0.142975
0.652135 	 6.875610 	 0.045913 	 0.143494
0.605003 	 6.876007 	 0.046350 	 0.145447
0.561951 	 6.851776 	 0.047276 	 0.147827
0.513913 	 6.824371 	 0.046211 	 0.145813
0.467688 	 6.826508 	 0.050675 	 0.150360
0.422369 	 6.752319 	 0.054297 	 0.158600
0.373425 	 6.699585 	 0.056118 	 0.169128
0.327654 	 6.646545 	 0.062446 	 0.177765
0.280069 	 6.597168 	 0.060550 	 0.182068
0.235204 	 6.473633 	 0.066057 	 0.188782
0.189885 	 6.389130 	 0.070062 	 0.199402
0.140941 	 6.253540 	 0.078052 	 0.213684
0.096982 	 5.889893 	 0.092071 	 0.239655
0.046678 	 5.832275 	 0.093498 	 0.255920
0.000000 	 5.432129 	 0.126383 	 0.298950
0.049397 	 5.757690 	 0.104534 	 0.309296
0.093810 	 5.973572 	 0.084167 	 0.282318
0.140488 	 6.290314 	 0.067144 	 0.244598
0.186713 	 6.439301 	 0.069050 	 0.223572
0.234297 	 6.519257 	 0.061668 	 0.206818
0.280522 	 6.548309 	 0.065002 	 0.200531
0.329466 	 6.684692 	 0.061988 	 0.194519
0.376144 	 6.749573 	 0.053263 	 0.183228
0.421010 	 6.799652 	 0.050739 	 0.169861
0.467235 	 6.847748 	 0.048182 	 0.160675
0.514819 	 6.848694 	 0.052251 	 0.159912
0.557419 	 6.879639 	 0.050536 	 0.159302
0.602737 	 6.912903 	 0.050035 	 0.158783
0.649869 	 6.908691 	 0.047660 	 0.155273
0.698813 	 6.930878 	 0.051399 	 0.157593
0.743678 	 6.943665 	 0.047756 	 0.156250
0.793076 	 6.936584 	 0.045828 	 0.151001
0.841113 	 6.949707 	 0.044965 	 0.147003
0.884619 	 6.948273 	 0.047372 	 0.148407
0.930844 	 6.961487 	 0.046232 	 0.148285
0.977522 	 6.974426 	 0.048789 	 0.149689
1.023747 	 6.970459 	 0.044933 	 0.148163
1.069972 	 6.973633 	 0.048235 	 0.150085
1.116650 	 6.986359 	 0.042643 	 0.146057
1.160609 	 7.000061 	 0.044784 	 0.143127
1.209100 	 7.000671 	 0.043367 	 0.140747
1.254872 	 6.993500 	 0.044198 	 0.141815
1.299284 	 7.027252 	 0.039766 	 0.134796
1.349588 	 7.026154 	 0.043378 	 0.135803
1.394907 	 7.039581 	 0.036986 	 0.131744
1.440225 	 7.058868 	 0.036571 	 0.126373
1.486450 	 7.059601 	 0.037444 	 0.126740
1.532675 	 7.049591 	 0.038626 	 0.125610
1.581166 	 7.074554 	 0.039638 	 0.127777
1.625125 	 7.072968 	 0.038541 	 0.127380
1.669084 	 7.057587 	 0.034152 	 0.124359
1.721201 	 7.075806 	 0.036858 	 0.122559
1.764253 	 7.077545 	 0.036049 	 0.121948
1.808665 	 7.083435 	 0.036890 	 0.122803
1.858516 	 7.098633 	 0.033013 	 0.119751
1.906554 	 7.086243 	 0.032640 	 0.115234
1.952779 	 7.103577 	 0.033034 	 0.113220
1.999910 	 7.115417 	 0.034728 	 0.114655
2.045229 	 7.101685 	 0.034589 	 0.115875
2.089188 	 7.121857 	 0.033311 	 0.113739
2.134506 	 7.112885 	 0.030211 	 0.111115
2.184357 	 7.135071 	 0.027228 	 0.104553
2.228316 	 7.181793 	 0.009609 	 0.081848
2.276353 	 7.206879 	 0.004698 	 0.059845
2.321219 	 7.207550 	 0.003952 	 0.046722
2.369257 	 7.206604 	 0.003590 	 0.041321
2.412762 	 7.209320 	 0.005092 	 0.038940
2.461707 	 7.206573 	 0.004027 	 0.036469
2.507478 	 7.207794 	 0.004208 	 0.036835
2.555516 	 7.205933 	 0.004400 	 0.035736
2.604913 	 7.220093 	 0.006008 	 0.038391
2.647513 	 7.211517 	 0.003047 	 0.035187
2.692831 	 7.216553 	 0.003143 	 0.033630
2.741322 	 7.219818 	 0.003281 	 0.032867
2.785735 	 7.218384 	 0.003611 	 0.032318
2.833319 	 7.213745 	 0.004698 	 0.034760
2.879091 	 7.212982 	 0.003547 	 0.034943
2.926222 	 7.207916 	 0.004932 	 0.033722
2.970634 	 7.218597 	 0.003675 	 0.035675
3.019579 	 7.202972 	 0.005475 	 0.036652
3.063991 	 7.209625 	 0.003654 	 0.035339
3.109309 	 7.213715 	 0.004698 	 0.034668
3.162332 	 7.200623 	 0.004847 	 0.040131
3.200853 	 7.215820 	 0.003824 	 0.036743
3.253876 	 7.213531 	 0.004677 	 0.037262
3.296475 	 7.213531 	 0.005017 	 0.037842
3.342247 	 7.213135 	 0.004474 	 0.036102
3.393457 	 7.219666 	 0.004368 	 0.037018
3.437416 	 7.220917 	 0.005539 	 0.039337
3.482735 	 7.210846 	 0.003622 	 0.037415

 Z Turning Point (V) = 4.117340 
 Turning Time Delay (ms) = 0 
 SEN (V) =  
 App. Driving Voltage (mVrms) = 0.307000 
 App. Vias. Voltage (V) = 0.000000 
 App. Del Z (Bit) = -10 
 App. Delay Time (ms) = 500 
 App. Velocity (nm/s) = -0.090639 
 Ret. Driving Voltage (mVrms) = 0.307000 
 Ret. Vias. Voltage (V) = 0.000000 
 Ret. Del Z (Bit) = -10 
 Ret. Delay Time (ms) = 500 
 Ret. Velocity (nm/s) = -0.090639 
  
 Data Array Size = 185 
 Frequency (Hz) = sen.
 
