54.534595 	 4.164490 	 0.013561 	 0.127106
54.485197 	 4.145752 	 0.014754 	 0.090027
54.439426 	 4.038788 	 0.044081 	 0.105530
54.390482 	 4.220612 	 0.052081 	 0.133179
54.345616 	 4.242035 	 0.034600 	 0.132050
54.298938 	 4.321167 	 0.039244 	 0.127411
54.250900 	 4.156311 	 0.029891 	 0.118164
54.206035 	 4.152710 	 0.018472 	 0.098175
54.156184 	 4.120392 	 0.022498 	 0.087830
54.110866 	 4.181091 	 0.026834 	 0.089661
54.066907 	 4.090302 	 0.019590 	 0.084930
54.019322 	 4.113464 	 0.020208 	 0.080780
53.974457 	 4.138672 	 0.026749 	 0.085022
53.927325 	 4.226196 	 0.021465 	 0.084595
53.881554 	 4.079712 	 0.018472 	 0.078308
53.835329 	 4.102386 	 0.031926 	 0.088409
53.787291 	 4.120483 	 0.037657 	 0.105316
53.742879 	 4.100616 	 0.010205 	 0.085846
53.697107 	 4.224579 	 -0.000330 	 0.055237
53.649069 	 4.231873 	 0.018791 	 0.057556
53.602391 	 4.180145 	 0.039425 	 0.088043
53.554807 	 4.136169 	 0.026951 	 0.096344
53.509035 	 4.110199 	 0.025939 	 0.093536
53.465529 	 4.203400 	 0.025865 	 0.091797
53.417944 	 4.196503 	 0.043697 	 0.110352
53.370813 	 4.121429 	 0.037700 	 0.120941
53.325041 	 4.179687 	 0.014914 	 0.099152
53.279723 	 4.143372 	 0.038254 	 0.101562
53.230779 	 4.164429 	 0.026834 	 0.102997
53.186819 	 4.206299 	 0.013071 	 0.084045
53.141048 	 4.110352 	 0.000149 	 0.056305
53.091197 	 4.076233 	 0.007713 	 0.045288
53.046785 	 4.174347 	 0.031819 	 0.070038
52.997388 	 4.242065 	 0.030712 	 0.089813
52.950256 	 4.271149 	 0.029753 	 0.096252
52.905844 	 4.197174 	 0.005028 	 0.073242
52.860072 	 4.202087 	 0.033194 	 0.082428
52.812941 	 4.166321 	 0.032629 	 0.097534
52.765356 	 4.172424 	 0.027100 	 0.098236
52.724117 	 4.218719 	 0.033396 	 0.102661
52.671547 	 4.112122 	 0.027431 	 0.101410
52.626228 	 4.060394 	 0.044890 	 0.118469
52.583176 	 4.018585 	 0.038030 	 0.125031
52.536497 	 3.990326 	 0.026610 	 0.112061
52.489366 	 4.136719 	 0.027537 	 0.102295
52.443141 	 4.107361 	 0.033641 	 0.105103
52.395557 	 4.198639 	 0.025790 	 0.100922
52.347972 	 4.101257 	 0.033758 	 0.104645
52.303107 	 4.071411 	 0.020506 	 0.095001
52.254616 	 4.115173 	 0.035729 	 0.100952
52.207484 	 4.202728 	 0.036038 	 0.111603
52.162166 	 4.237305 	 0.016075 	 0.095367
52.117754 	 4.202362 	 0.040938 	 0.103729
52.069716 	 4.126404 	 0.029210 	 0.108063
52.023491 	 4.036407 	 0.022552 	 0.096283
51.979079 	 4.187134 	 -0.003196 	 0.062286
51.930588 	 4.217896 	 -0.011963 	 0.027130
51.885722 	 4.072968 	 0.008298 	 0.030396
51.837685 	 4.193665 	 0.019526 	 0.051544
51.791913 	 4.171906 	 0.041407 	 0.087769
51.746594 	 4.104645 	 0.039404 	 0.110901
51.698557 	 4.069489 	 0.037007 	 0.117676
51.652332 	 4.159729 	 -0.003249 	 0.077179
51.605200 	 4.106445 	 0.028315 	 0.075012
51.561694 	 4.125244 	 0.012687 	 0.071655
51.516376 	 4.075531 	 0.017598 	 0.068237
51.467885 	 4.190460 	 0.005550 	 0.056427
51.418488 	 4.153534 	 0.045093 	 0.087250
51.372716 	 4.134491 	 0.035058 	 0.107666
51.328757 	 4.171173 	 0.056257 	 0.133698
51.281625 	 4.085144 	 0.034302 	 0.131195
51.236760 	 4.077209 	 0.033353 	 0.120087
51.190082 	 4.096222 	 0.046083 	 0.128448
51.141138 	 4.139221 	 0.028634 	 0.119232
51.094913 	 4.200592 	 0.039745 	 0.118958
51.047781 	 4.213593 	 0.026972 	 0.110138
51.005635 	 4.244324 	 0.018429 	 0.092712
50.954878 	 4.238434 	 0.010685 	 0.073578
50.910466 	 4.231506 	 0.020357 	 0.071136
50.862881 	 4.138977 	 -0.003611 	 0.049194
50.816656 	 4.181335 	 0.036528 	 0.070923
50.771791 	 4.280426 	 0.024277 	 0.084900
50.725566 	 4.137482 	 0.024533 	 0.085449
50.678888 	 4.331970 	 0.043154 	 0.105927
50.630397 	 4.129333 	 0.039362 	 0.119934
50.586438 	 4.123291 	 0.008277 	 0.090912
50.537947 	 4.028992 	 0.007329 	 0.063477
50.493535 	 4.198395 	 -0.013912 	 0.030396
50.447310 	 4.212128 	 0.010557 	 0.032013
50.396553 	 4.084381 	 -0.008448 	 0.022339
50.354407 	 4.200836 	 0.017470 	 0.037598
50.308635 	 4.108459 	 0.035186 	 0.072571
50.261957 	 4.230408 	 0.001886 	 0.062012
50.214372 	 4.318756 	 0.029913 	 0.073914
50.169054 	 4.281464 	 0.001843 	 0.060974
50.121016 	 4.183624 	 0.025758 	 0.066650
50.077510 	 4.145935 	 0.054733 	 0.110199
50.029926 	 4.076294 	 0.050387 	 0.139740
49.983701 	 4.072388 	 0.053902 	 0.152985
49.937476 	 4.093994 	 0.053029 	 0.158447
49.885812 	 4.179321 	 0.011974 	 0.118225
49.842307 	 4.097290 	 0.012549 	 0.083221
49.799254 	 4.195374 	 0.027761 	 0.084198
49.752122 	 4.128967 	 0.013816 	 0.076630
49.703632 	 4.137268 	 0.020613 	 0.073395
49.656500 	 4.137360 	 0.018365 	 0.073761
49.611635 	 4.277924 	 0.005039 	 0.058929
49.564957 	 4.279724 	 0.041204 	 0.085052
49.515559 	 4.212158 	 0.017183 	 0.086578
49.469788 	 4.221497 	 0.033396 	 0.091919
49.424922 	 4.295471 	 0.021199 	 0.090027
49.377338 	 4.189392 	 0.011153 	 0.073364
49.334738 	 4.085297 	 0.034887 	 0.087189
49.285794 	 4.199982 	 0.012112 	 0.079376
49.240475 	 4.131744 	 0.041535 	 0.095703
49.191531 	 4.204254 	 0.020570 	 0.094543
49.146666 	 4.207245 	 0.029891 	 0.095490
49.100441 	 4.116547 	 0.052667 	 0.123169
49.052856 	 4.088196 	 0.016128 	 0.107788
49.007991 	 4.218018 	 0.033385 	 0.102570
48.958594 	 4.126312 	 0.027750 	 0.102325
48.912369 	 4.180023 	 -0.011196 	 0.056824
48.866597 	 4.244537 	 0.012314 	 0.044952
48.821278 	 4.094299 	 -0.009502 	 0.028839
48.774147 	 4.237030 	 0.017577 	 0.040253
48.727922 	 4.113647 	 0.015840 	 0.054840
48.679884 	 4.107452 	 0.052294 	 0.098053
48.636832 	 4.211395 	 0.019430 	 0.098877
48.587888 	 4.184448 	 0.045945 	 0.112946
48.543022 	 4.239899 	 0.049844 	 0.134705
48.499063 	 4.250824 	 0.003846 	 0.097565
48.453745 	 4.214783 	 0.014711 	 0.073242
48.406160 	 4.247559 	 0.031542 	 0.085052
48.354950 	 4.039185 	 0.028762 	 0.094940
48.310991 	 4.234955 	 0.057727 	 0.128265
48.266579 	 4.200867 	 0.055511 	 0.152344
48.220807 	 4.073364 	 0.046584 	 0.152618
48.170956 	 4.160034 	 0.018525 	 0.119171
48.125185 	 4.211090 	 0.035324 	 0.111725
48.078960 	 4.153198 	 0.028506 	 0.108765
48.031828 	 4.138580 	 0.059634 	 0.135803
47.986510 	 4.120605 	 0.006860 	 0.105225
47.939378 	 4.096191 	 0.016149 	 0.078888
47.893607 	 4.188538 	 0.011910 	 0.069977
47.849194 	 4.248352 	 0.036975 	 0.088654
47.798891 	 4.281738 	 0.026600 	 0.096039
47.753572 	 4.278809 	 0.018749 	 0.086914
47.707800 	 4.225128 	 0.025950 	 0.087067
47.660669 	 4.263489 	 0.032043 	 0.095642
47.613991 	 4.180542 	 0.029934 	 0.100281
47.567766 	 4.230652 	 0.020783 	 0.091583
47.520181 	 4.030365 	 0.058867 	 0.123779
47.474863 	 4.145294 	 -0.004506 	 0.087372
47.429091 	 4.278198 	 0.049173 	 0.100739
47.383319 	 4.161194 	 0.062488 	 0.144562
47.335735 	 4.169556 	 0.031457 	 0.137451
47.290416 	 4.116974 	 0.002791 	 0.089935
47.242831 	 4.167999 	 0.062478 	 0.118500
47.198872 	 4.205261 	 0.037934 	 0.132507
47.151288 	 4.248993 	 0.027931 	 0.116913
47.105969 	 4.242065 	 0.037199 	 0.115387
47.057478 	 4.169617 	 0.044123 	 0.125061
47.014426 	 4.148621 	 0.016096 	 0.102844
46.965028 	 4.052155 	 0.014221 	 0.080231
46.920616 	 4.214996 	 0.026269 	 0.082642
46.877110 	 4.190002 	 0.026088 	 0.088531
46.829073 	 4.076416 	 0.028847 	 0.093475
46.782394 	 4.079620 	 0.008021 	 0.075623
46.736169 	 4.219299 	 0.020815 	 0.071777
46.689038 	 4.154175 	 0.043484 	 0.099792
46.644173 	 4.235474 	 0.067591 	 0.146301
46.595229 	 4.131744 	 0.030285 	 0.138550
46.548097 	 4.189423 	 0.042717 	 0.132446
46.503685 	 4.178406 	 0.018749 	 0.110718
46.455194 	 4.257172 	 0.032043 	 0.103790
46.412141 	 4.155548 	 0.010120 	 0.083710
46.363197 	 4.146362 	 0.007702 	 0.062073
46.314706 	 4.233185 	 0.015702 	 0.060486
46.272560 	 4.155548 	 0.010919 	 0.058563
46.227242 	 4.232300 	 0.023841 	 0.068268
46.178297 	 4.220337 	 0.054115 	 0.110352
46.131619 	 4.264923 	 0.030275 	 0.116333
46.085394 	 4.237549 	 0.010035 	 0.085724
46.037810 	 4.094330 	 0.036677 	 0.093201
45.991132 	 4.174652 	 0.019356 	 0.089783
45.944000 	 4.212433 	 0.045476 	 0.108368
45.897322 	 4.168457 	 0.037753 	 0.119324
45.852003 	 4.073486 	 0.021849 	 0.104614
45.805779 	 4.165802 	 0.048949 	 0.120697
45.760913 	 4.179932 	 0.025130 	 0.113373
45.710156 	 4.069885 	 0.028389 	 0.103302
45.668010 	 4.147552 	 0.018035 	 0.090118
45.622238 	 4.155457 	 0.044262 	 0.107910
45.574200 	 4.052887 	 0.018323 	 0.097321
45.525256 	 4.260132 	 0.004762 	 0.068115
45.480844 	 4.160187 	 0.004176 	 0.050659
45.434619 	 4.220490 	 0.025044 	 0.063171
45.387035 	 4.243164 	 0.044901 	 0.099030
45.341263 	 4.183716 	 0.026941 	 0.105011
45.297304 	 4.215057 	 0.036219 	 0.108673
45.248813 	 4.268555 	 0.019292 	 0.097107
45.204854 	 4.161102 	 0.029167 	 0.094543
45.157722 	 4.146759 	 0.012016 	 0.080505
45.110138 	 4.257660 	 0.074004 	 0.132111
45.065726 	 4.207306 	 0.033801 	 0.138977
45.018594 	 4.149139 	 0.049929 	 0.139984
44.972823 	 4.205231 	 -0.001907 	 0.093994
44.925691 	 4.161652 	 0.034941 	 0.090729
44.877200 	 4.263428 	 0.049972 	 0.119690
44.830522 	 4.289337 	 0.065333 	 0.154785
44.785657 	 4.226105 	 0.014541 	 0.125122
44.738525 	 4.121399 	 0.034973 	 0.110687
44.689581 	 4.160004 	 0.014850 	 0.093140
44.647435 	 4.142212 	 0.048587 	 0.111664
44.600757 	 4.199341 	 0.007510 	 0.091187
44.553625 	 4.105286 	 0.011824 	 0.068512
44.506494 	 4.152374 	 0.021295 	 0.071014
44.459816 	 4.042297 	 0.012623 	 0.066711
44.416310 	 4.209686 	 0.023351 	 0.072357
44.369179 	 4.085571 	 0.034184 	 0.091003
44.318875 	 4.154572 	 0.045465 	 0.115540
44.273103 	 4.156250 	 0.015606 	 0.101044
44.229144 	 4.170166 	 0.026610 	 0.092316
44.180653 	 4.164246 	 0.019974 	 0.085419
44.134882 	 4.294342 	 0.017577 	 0.077850
44.090469 	 4.189026 	 0.037146 	 0.093445
44.043791 	 4.198029 	 0.039947 	 0.111450
43.995753 	 4.118469 	 0.035047 	 0.115845
43.952248 	 4.214600 	 0.065578 	 0.147583
43.904663 	 4.121185 	 0.025534 	 0.133545
43.855719 	 4.171204 	 0.016948 	 0.101807
43.811760 	 4.146088 	 0.048182 	 0.115082
43.767801 	 4.268524 	 0.007350 	 0.093597
43.718857 	 4.183960 	 0.019026 	 0.077179
43.669913 	 4.079315 	 0.024235 	 0.080292
43.622781 	 4.186401 	 0.049162 	 0.110962
43.579729 	 4.155640 	 0.016032 	 0.100586
43.533504 	 4.209381 	 0.021391 	 0.086060
43.484106 	 4.193451 	 0.047521 	 0.110291
43.437881 	 4.280334 	 0.041588 	 0.125977
43.391203 	 4.196564 	 0.012357 	 0.099304
43.348151 	 4.103424 	 0.023212 	 0.086273
43.301472 	 4.111237 	 0.004186 	 0.065338
43.254341 	 4.107574 	 0.024405 	 0.071442
43.205850 	 4.105408 	 0.048139 	 0.104645
43.160078 	 4.271362 	 0.012964 	 0.094421
43.116573 	 4.186768 	 0.011686 	 0.072388
43.069894 	 4.193542 	 0.022466 	 0.073914
43.021404 	 4.144348 	 -0.001065 	 0.054443
42.974272 	 4.078339 	 0.041577 	 0.080994
42.929860 	 4.173096 	 0.042547 	 0.111725
42.879103 	 4.085449 	 0.023191 	 0.104370
42.837863 	 4.070007 	 0.030722 	 0.101288
42.786200 	 4.116333 	 0.026823 	 0.098694
42.742694 	 4.220367 	 0.004602 	 0.073334
42.697375 	 4.169617 	 0.006061 	 0.054932
42.649791 	 4.169281 	 0.030317 	 0.072601
42.603113 	 4.308990 	 0.033087 	 0.092621
42.557794 	 4.210449 	 0.005902 	 0.073364
42.511569 	 4.220551 	 0.024309 	 0.072723
42.463985 	 4.141205 	 0.019771 	 0.077362
42.418213 	 4.264313 	 0.025087 	 0.081024
42.372894 	 4.151642 	 0.021263 	 0.082062
42.326669 	 4.203705 	 0.017428 	 0.077148
42.276819 	 4.121429 	 0.030818 	 0.087250
42.231953 	 4.080963 	 0.054584 	 0.121674
42.187541 	 4.237640 	 0.027420 	 0.119080
42.139957 	 4.276276 	 0.032874 	 0.112152
42.092825 	 4.078217 	 0.020432 	 0.097870
42.049319 	 4.142029 	 0.004634 	 0.070831
42.000375 	 4.210175 	 0.019910 	 0.067078
41.955963 	 4.124268 	 0.015031 	 0.066559
41.908832 	 4.116150 	 0.036581 	 0.086548
41.861247 	 4.162598 	 0.029018 	 0.096436
41.815475 	 4.170349 	 0.038435 	 0.108490
41.767891 	 4.091553 	 0.049780 	 0.129791
41.721666 	 4.093262 	 0.008511 	 0.100433
41.674988 	 4.172211 	 0.032064 	 0.094482
41.629216 	 4.119049 	 0.013593 	 0.083160
41.581631 	 3.975311 	 0.000415 	 0.056061
41.537672 	 4.143097 	 0.012432 	 0.050751
41.488275 	 4.128906 	 0.010695 	 0.051331
41.445676 	 4.110535 	 0.006093 	 0.047211
41.397638 	 4.202545 	 0.007350 	 0.044556
41.351413 	 4.245148 	 0.021124 	 0.058502
41.305188 	 4.133423 	 0.026525 	 0.074585
41.258057 	 4.121735 	 -0.001087 	 0.054230
41.214551 	 4.143005 	 0.012314 	 0.047333
41.164700 	 4.224731 	 0.031862 	 0.073303
41.118475 	 4.067139 	 0.001715 	 0.061188
41.074516 	 4.089203 	 -0.003164 	 0.036255
41.025572 	 4.116180 	 0.018887 	 0.048126
40.980254 	 4.180145 	 0.018813 	 0.062439
40.933575 	 4.208344 	 0.025886 	 0.076019
40.887350 	 4.238434 	 0.001854 	 0.060577
40.844751 	 4.158569 	 0.022285 	 0.064575
40.793994 	 4.061584 	 0.016064 	 0.067200
40.747769 	 4.103821 	 0.039106 	 0.090454
40.701997 	 4.155396 	 -0.012815 	 0.055756
40.656226 	 4.089203 	 0.011260 	 0.043549
40.605469 	 4.150177 	 0.006658 	 0.044342
40.561057 	 4.155945 	 0.001257 	 0.036377
40.513019 	 4.219330 	 0.009907 	 0.039642
40.472232 	 4.114319 	 0.029945 	 0.065887
40.423288 	 4.161011 	 0.027771 	 0.083923
40.375703 	 4.209412 	 0.030445 	 0.094330
40.331291 	 4.220825 	 0.011761 	 0.080078
40.285519 	 4.165009 	 0.022935 	 0.077423
40.237029 	 4.180054 	 0.023702 	 0.081909
40.189897 	 4.210724 	 0.024735 	 0.085388
40.144125 	 4.162750 	 0.025960 	 0.088593
40.100620 	 4.400269 	 0.003654 	 0.067993
40.051222 	 4.217560 	 0.032139 	 0.080139
40.004544 	 4.174194 	 0.032544 	 0.097260
39.959679 	 4.130005 	 0.006338 	 0.076416
39.911188 	 4.258301 	 0.029071 	 0.079529
39.866322 	 4.188324 	 0.032618 	 0.095062
39.818738 	 4.262817 	 0.020251 	 0.090668
39.772513 	 4.195251 	 -0.002045 	 0.059479
39.724928 	 4.212311 	 0.020400 	 0.060272
39.681876 	 4.164215 	 0.033630 	 0.083954
39.635197 	 4.239319 	 0.037114 	 0.103424
39.588519 	 4.212219 	 0.001076 	 0.075409
39.540482 	 4.331116 	 0.015436 	 0.062836
39.493803 	 4.220612 	 0.024352 	 0.073212
39.448938 	 4.344208 	 0.054957 	 0.113434
39.402713 	 4.321136 	 0.056459 	 0.146759
39.354222 	 4.331116 	 0.002642 	 0.104919
39.309357 	 4.159393 	 0.010717 	 0.072449
39.263132 	 4.159363 	 -0.005412 	 0.044342
39.217360 	 4.076813 	 0.013934 	 0.046631
39.171588 	 4.064301 	 0.028570 	 0.071930
39.122644 	 4.067078 	 0.042621 	 0.102570
39.076419 	 4.165466 	 0.043314 	 0.121490
39.028381 	 4.209412 	 -0.002376 	 0.082550
38.986235 	 4.214447 	 0.003206 	 0.052948
38.938197 	 4.235474 	 0.022424 	 0.061371
38.890160 	 4.269379 	 -0.002887 	 0.045410
38.847107 	 4.183167 	 0.005603 	 0.037048
38.798616 	 4.340576 	 0.025364 	 0.059052
38.753297 	 4.140717 	 0.023276 	 0.074524
38.705713 	 4.192841 	 0.024277 	 0.079651
38.656316 	 4.130463 	 0.002024 	 0.061523
38.613263 	 4.303650 	 0.024778 	 0.067566
38.567038 	 4.201294 	 0.017097 	 0.071442
38.519000 	 4.192444 	 0.009300 	 0.061005
38.475494 	 4.065186 	 0.012538 	 0.056915
38.428363 	 4.267181 	 0.022328 	 0.068604
38.383044 	 4.137543 	 0.024522 	 0.077118
38.335913 	 4.169678 	 -0.013902 	 0.042358
38.289235 	 4.229218 	 0.041567 	 0.068817
38.245276 	 4.191589 	 0.032480 	 0.094238
38.194066 	 4.225037 	 0.038520 	 0.108765
38.147841 	 4.151733 	 0.049972 	 0.129089
38.103429 	 4.096344 	 0.033748 	 0.125916
38.055844 	 4.104431 	 0.023404 	 0.108215
38.007353 	 4.179779 	 0.040650 	 0.113373
37.963847 	 4.132111 	 0.072651 	 0.155945
37.917169 	 4.185333 	 0.051601 	 0.166901
37.870038 	 4.155426 	 0.041673 	 0.152313
37.824719 	 4.238586 	 0.049886 	 0.150146
37.778041 	 4.242462 	 0.039053 	 0.141449
37.728191 	 4.152893 	 0.040661 	 0.135712
37.685138 	 4.098572 	 0.033929 	 0.127472
37.638007 	 4.257416 	 0.038861 	 0.124908
37.592688 	 4.187195 	 0.021060 	 0.107269
37.547369 	 4.158142 	 0.037199 	 0.108459
37.499332 	 4.182343 	 0.029497 	 0.107910
37.454013 	 4.226593 	 0.011217 	 0.085266
37.406882 	 4.172546 	 0.017939 	 0.074463
37.360204 	 4.150665 	 0.027729 	 0.082153
37.314885 	 4.253632 	 0.027431 	 0.090057
37.267754 	 4.142212 	 0.035857 	 0.102844
37.221529 	 4.174408 	 0.054563 	 0.130615
37.175757 	 4.275574 	 0.052890 	 0.149841
37.129079 	 4.150360 	 0.053860 	 0.158478
37.083307 	 4.183502 	 0.056906 	 0.165436
37.032550 	 4.226074 	 0.018312 	 0.130768
36.989951 	 4.149109 	 0.020272 	 0.098175
36.942819 	 4.220428 	 0.011526 	 0.077393
36.897501 	 4.288177 	 0.004176 	 0.056488
36.847650 	 4.206543 	 0.025992 	 0.067902
36.800519 	 4.229218 	 0.033172 	 0.089020
36.754294 	 4.252045 	 0.002642 	 0.068665
36.709882 	 4.109558 	 0.020890 	 0.065887
36.663657 	 4.226501 	 0.025236 	 0.078278
36.618338 	 4.100525 	 0.033609 	 0.093140
36.572566 	 4.072296 	 0.010599 	 0.079407
36.524982 	 4.133514 	 0.004698 	 0.057037
36.479210 	 4.290161 	 -0.002141 	 0.038208
36.430266 	 4.223145 	 -0.001896 	 0.027222
36.386760 	 4.313965 	 0.045487 	 0.072449
36.337363 	 4.213379 	 0.013571 	 0.078339
36.294310 	 4.112335 	 0.014157 	 0.067780
36.248538 	 4.103668 	 0.047926 	 0.099518
36.199141 	 4.121368 	 0.055117 	 0.133453
36.153822 	 4.093353 	 0.019260 	 0.114624
36.106691 	 4.144226 	 0.023106 	 0.095917
36.060013 	 4.246979 	 0.021476 	 0.087189
36.015147 	 4.111023 	 0.024352 	 0.086243
35.966203 	 4.171600 	 0.046105 	 0.110352
35.919978 	 4.184113 	 0.046573 	 0.130096
35.874207 	 4.147064 	 0.036176 	 0.128540
35.828435 	 4.112244 	 0.026855 	 0.113342
35.779491 	 4.107300 	 0.012496 	 0.085937
35.735078 	 4.181396 	 0.027218 	 0.084442
35.688853 	 4.214661 	 0.016639 	 0.079285
35.643082 	 4.355225 	 -0.005625 	 0.050598
35.596404 	 4.207367 	 0.036326 	 0.072815
35.550179 	 4.189636 	 0.009044 	 0.070465
35.504407 	 4.131470 	 0.035804 	 0.084869
35.458182 	 4.275177 	 0.038105 	 0.107056
35.412863 	 4.230286 	 0.018983 	 0.096344
35.363013 	 4.338013 	 0.038658 	 0.104950
35.315428 	 4.122162 	 -0.003057 	 0.073486
35.271922 	 4.194946 	 0.003654 	 0.047272
35.225697 	 4.194000 	 0.003995 	 0.038971
35.175847 	 4.112030 	 0.010280 	 0.043274
35.134154 	 4.163086 	 0.008586 	 0.046051
35.085210 	 4.086212 	 0.011846 	 0.048920
35.038078 	 4.109222 	 0.036389 	 0.079041
34.994572 	 4.195343 	 0.016160 	 0.080719
34.943816 	 4.131500 	 0.062776 	 0.121704
34.900310 	 4.162537 	 0.054126 	 0.150665
34.853632 	 4.152893 	 0.029700 	 0.133881
34.806500 	 4.188538 	 0.010056 	 0.095428
34.759369 	 4.122467 	 0.017843 	 0.078888
34.713597 	 4.286957 	 0.005305 	 0.061890
34.670998 	 4.138397 	 0.024501 	 0.068359
34.622054 	 4.240021 	 0.012442 	 0.066650
34.573109 	 4.058289 	 0.029199 	 0.078491
34.527338 	 4.215393 	 0.008533 	 0.069519
34.482925 	 4.198181 	 -0.007340 	 0.040009
34.438513 	 4.175598 	 -0.008565 	 0.018646
34.389116 	 4.259460 	 0.020879 	 0.039795
34.341531 	 4.269562 	 0.008053 	 0.048279
34.296666 	 4.206360 	 0.014104 	 0.052338
34.249535 	 4.184326 	 0.023819 	 0.067627
34.200137 	 4.157135 	 0.002567 	 0.055725
34.157991 	 4.273315 	 0.004602 	 0.043976
34.111313 	 4.166473 	 0.019313 	 0.056458
34.065088 	 4.159332 	 0.004421 	 0.051453
34.017050 	 4.110291 	 0.035143 	 0.073975
33.969466 	 4.123322 	 0.055191 	 0.119629
33.927773 	 4.231201 	 0.034035 	 0.124329
33.878828 	 4.272614 	 0.019761 	 0.102661
33.831697 	 4.200043 	 0.014147 	 0.082001
33.784113 	 4.303436 	 0.008341 	 0.063873
33.740607 	 4.166016 	 0.040619 	 0.087097
33.688943 	 4.260193 	 -0.007041 	 0.062164
33.644984 	 4.130096 	 0.020783 	 0.059021
33.598306 	 4.185303 	 0.018621 	 0.068115
33.554347 	 4.108185 	 0.025779 	 0.079163
33.507216 	 4.231262 	 0.024767 	 0.084412
33.460991 	 4.196655 	 0.016884 	 0.078522
33.416579 	 4.124329 	 0.020847 	 0.076263
33.368994 	 4.172333 	 0.018738 	 0.074249
33.320956 	 4.123657 	 0.019462 	 0.074524
33.276544 	 4.232300 	 0.050813 	 0.107422
33.229413 	 4.178741 	 0.022072 	 0.105591
33.181375 	 4.099640 	 -0.008064 	 0.060272
33.134697 	 4.103516 	 0.009129 	 0.045898
33.091644 	 4.101318 	 -0.011516 	 0.025879
33.044060 	 4.116455 	 0.031841 	 0.053711
32.998741 	 4.144806 	 0.013060 	 0.065796
32.952969 	 4.197815 	 -0.027974 	 0.018585
32.904025 	 4.119507 	 0.028368 	 0.039154
32.859160 	 4.092224 	 0.008075 	 0.052002
32.811122 	 4.148346 	 0.008480 	 0.047943
32.764897 	 4.184113 	 0.022807 	 0.062347
32.717313 	 4.077637 	 -0.002748 	 0.047760
32.672447 	 4.150238 	 0.044507 	 0.078827
32.626675 	 4.108521 	 0.012496 	 0.079895
32.577731 	 4.194061 	 0.012208 	 0.066193
32.531960 	 4.240662 	 -0.025449 	 0.020386
32.487094 	 4.213715 	 0.037231 	 0.050079
32.442229 	 4.151489 	 0.002898 	 0.054443
32.390565 	 4.017395 	 0.013444 	 0.052185
32.347513 	 4.215271 	 -0.019771 	 0.020874
32.299928 	 4.172607 	 0.039180 	 0.055328
32.255969 	 4.246368 	 0.009577 	 0.064636
32.209291 	 4.229065 	 0.014456 	 0.061005
32.161707 	 4.237274 	 0.022062 	 0.067963
32.113216 	 4.192078 	 0.017353 	 0.071167
32.069257 	 4.051453 	 0.030935 	 0.084351
32.023032 	 4.143158 	 0.023702 	 0.088104
31.973181 	 4.191956 	 0.027281 	 0.091522
31.929675 	 4.064392 	 0.030413 	 0.097717
31.884810 	 4.263550 	 0.013049 	 0.082611
31.837225 	 4.147217 	 0.051857 	 0.109589
31.792813 	 4.082672 	 0.023990 	 0.109039
31.742963 	 4.195312 	 0.034557 	 0.107697
31.692206 	 4.187042 	 0.039660 	 0.116882
31.653685 	 4.193939 	 0.059314 	 0.144043
31.605194 	 4.213531 	 0.028762 	 0.133118
31.558969 	 4.381409 	 0.017556 	 0.101868
31.510478 	 4.127319 	 0.009374 	 0.075409
31.464706 	 4.148224 	 0.038083 	 0.090698
31.417575 	 4.156525 	 0.052912 	 0.124725
31.372256 	 4.170166 	 0.022253 	 0.114777
31.330110 	 4.205322 	 0.021444 	 0.095825
31.278900 	 4.233368 	 0.031745 	 0.098633
31.234035 	 4.149200 	 0.044549 	 0.116882
31.185544 	 4.156281 	 0.029114 	 0.114624
31.140678 	 4.236481 	 0.021923 	 0.099091
31.094000 	 4.153107 	 0.026802 	 0.094177
31.046416 	 4.105133 	 0.025769 	 0.092560
31.000191 	 4.160187 	 0.051388 	 0.118805
30.956685 	 4.179291 	 0.036698 	 0.125519
30.908647 	 4.157196 	 0.023713 	 0.108215
30.861063 	 4.095551 	 0.022871 	 0.094849
30.816197 	 4.166229 	 0.035356 	 0.104340
30.770879 	 4.124359 	 0.031148 	 0.106506
30.721028 	 4.218140 	 0.025769 	 0.098236
30.677522 	 4.121155 	 0.019846 	 0.087982
30.632657 	 4.210205 	 0.021082 	 0.083069
30.582806 	 4.095032 	 0.007105 	 0.066345
30.536128 	 4.123169 	 0.035122 	 0.082062
30.492169 	 4.130951 	 0.052028 	 0.118256
30.442772 	 4.195740 	 0.039532 	 0.128784
30.396547 	 4.149353 	 -0.002482 	 0.084900
30.351682 	 4.239929 	 0.010653 	 0.062134
30.305910 	 4.228058 	 0.018408 	 0.065063
30.256966 	 4.134796 	 0.028176 	 0.079773
30.211647 	 4.049316 	 0.000820 	 0.061249
30.168594 	 4.093170 	 0.017545 	 0.057678
30.121916 	 4.084808 	 0.028293 	 0.075409
30.074785 	 4.050171 	 0.049034 	 0.109985
30.028560 	 4.185303 	 0.024288 	 0.108124
29.978709 	 4.247009 	 0.034067 	 0.107239
29.934297 	 4.171875 	 0.003643 	 0.079468
29.887166 	 4.179993 	 0.023777 	 0.074890
29.840941 	 4.222076 	 0.014402 	 0.071533
29.791544 	 4.195526 	 -0.002407 	 0.048676
29.746225 	 4.142426 	 0.021092 	 0.054718
29.703172 	 4.095367 	 0.047213 	 0.095734
29.654228 	 4.107300 	 0.045785 	 0.124176
29.611176 	 4.168304 	 0.044880 	 0.134369
29.563138 	 4.288086 	 0.035782 	 0.128357
29.516913 	 4.243317 	 0.011537 	 0.097565
29.469328 	 4.236633 	 0.017087 	 0.078979
29.421744 	 4.304291 	 0.021582 	 0.078674
29.378238 	 4.254425 	 0.027324 	 0.086121
29.332013 	 4.341827 	 0.003270 	 0.065857
29.284428 	 4.149048 	 0.025854 	 0.070557
29.235937 	 4.208252 	 0.035814 	 0.093323
29.191072 	 4.190155 	 0.027452 	 0.099976
29.143488 	 4.063110 	 0.049428 	 0.121033
29.099075 	 4.139313 	 0.013635 	 0.102600
29.051038 	 4.215607 	 0.011175 	 0.076355
29.004813 	 4.222229 	 0.042067 	 0.096008
28.956775 	 4.219025 	 0.036709 	 0.111542
28.910097 	 4.216370 	 0.016394 	 0.096680
28.864778 	 4.239197 	 0.004123 	 0.068237
28.821272 	 4.229889 	 0.000181 	 0.046295
28.770969 	 4.257599 	 0.022871 	 0.055725
28.724744 	 3.949799 	 0.022594 	 0.071442
28.678065 	 4.169159 	 0.039436 	 0.094849
28.634560 	 4.141876 	 0.030999 	 0.103882
28.586975 	 4.307465 	 0.044198 	 0.118896
28.543469 	 4.308807 	 0.028965 	 0.115051
28.494978 	 4.208160 	 0.009268 	 0.086060
28.448753 	 4.210571 	 0.003611 	 0.058868
28.403435 	 4.138489 	 0.020528 	 0.061920
28.354944 	 4.175598 	 0.047564 	 0.099823
28.310532 	 4.193573 	 0.033460 	 0.113556
28.265213 	 4.143005 	 0.023915 	 0.101990
28.214909 	 4.137451 	 0.018014 	 0.087219
28.170497 	 4.090424 	 0.029785 	 0.090393
28.125179 	 4.241638 	 0.025130 	 0.092224
28.078500 	 4.104523 	 0.022605 	 0.088165
28.026837 	 4.103333 	 0.001246 	 0.062073
27.983784 	 4.149506 	 0.007318 	 0.048340
27.937560 	 4.120483 	 0.011643 	 0.050110
27.892694 	 4.202515 	 0.041599 	 0.083954
27.849641 	 4.067139 	 0.007574 	 0.075348
27.800697 	 4.115234 	 0.033268 	 0.084259
27.749487 	 4.104858 	 0.013390 	 0.079712
27.705075 	 4.203400 	 0.006008 	 0.060577
27.659303 	 4.162201 	 0.034451 	 0.078796
27.614438 	 4.174255 	 0.034834 	 0.099640
27.568666 	 4.161469 	 0.029497 	 0.102661
27.521082 	 4.140167 	 0.052091 	 0.126343
27.477122 	 4.159546 	 0.026727 	 0.120178
27.428632 	 4.152588 	 0.040033 	 0.120056
27.381953 	 4.145203 	 0.044677 	 0.130646
27.335275 	 4.209442 	 0.022051 	 0.111206
27.286331 	 4.209229 	 0.021476 	 0.095947
27.239653 	 4.160278 	 0.033290 	 0.100403
27.195241 	 4.251434 	 0.033545 	 0.109192
27.150375 	 4.150177 	 0.023308 	 0.099701
27.101884 	 4.072174 	 0.017002 	 0.085510
27.057019 	 4.141327 	 0.030978 	 0.090912
27.010341 	 4.181000 	 0.020613 	 0.088776
26.962756 	 4.186646 	 0.014072 	 0.076263
26.916078 	 4.083984 	 0.038051 	 0.092590
26.868947 	 4.133545 	 0.024938 	 0.096222
26.823175 	 4.079803 	 0.010418 	 0.077026
26.778310 	 4.203064 	 0.015084 	 0.067535
26.727553 	 4.222626 	 0.028826 	 0.080017
26.683141 	 4.162201 	 0.023734 	 0.085541
26.635556 	 4.105286 	 0.020325 	 0.082458
26.592050 	 4.265656 	 -0.005539 	 0.052979
26.544466 	 4.192291 	 0.002269 	 0.036469
26.502319 	 4.126068 	 0.022072 	 0.053680
26.450656 	 4.201202 	 0.030999 	 0.078857
26.408057 	 4.237396 	 0.014136 	 0.077545
26.359566 	 4.151337 	 0.009172 	 0.063110
26.315154 	 4.152771 	 0.014200 	 0.059692
26.268475 	 4.148315 	 0.021582 	 0.068054
26.220438 	 4.204987 	 0.033002 	 0.086975
26.174666 	 4.146973 	 0.049950 	 0.118378
26.130707 	 4.248413 	 0.011473 	 0.099396
26.081310 	 4.220520 	 0.045018 	 0.111237
26.037804 	 4.208130 	 0.029348 	 0.111816
25.987953 	 4.247528 	 0.051825 	 0.130005
25.944447 	 4.161530 	 0.019452 	 0.113373
25.895503 	 4.227386 	 0.023990 	 0.096741
25.850638 	 4.086426 	 0.018845 	 0.084015
25.803506 	 4.137146 	 0.017225 	 0.076477
25.756828 	 4.189758 	 0.021550 	 0.077332
25.709697 	 4.207916 	 0.009332 	 0.065430
25.663019 	 4.110199 	 0.048576 	 0.097778
25.617247 	 4.297546 	 0.016618 	 0.094452
25.569662 	 4.224426 	 0.009683 	 0.072144
25.525703 	 4.178284 	 0.032512 	 0.082428
25.477213 	 4.203674 	 0.026333 	 0.089844
25.430988 	 4.148560 	 0.001087 	 0.063721
25.386122 	 4.205048 	 0.028368 	 0.071228
25.339897 	 4.175232 	 0.045434 	 0.104126
25.290047 	 4.071198 	 0.031766 	 0.109833
25.245181 	 4.103485 	 -0.013380 	 0.060516
25.200316 	 4.098236 	 -0.018173 	 0.016235
25.152278 	 4.234650 	 0.026972 	 0.040863
25.106053 	 4.169647 	 0.046488 	 0.091003
25.058015 	 4.197266 	 0.006264 	 0.081482
25.012244 	 4.140228 	 0.013731 	 0.065613
24.968285 	 4.261505 	 0.009683 	 0.058594
24.920247 	 4.187286 	 0.051527 	 0.097870
24.875835 	 4.155304 	 0.029657 	 0.110077
24.828703 	 4.294983 	 0.039191 	 0.115875
24.782025 	 4.099396 	 0.027718 	 0.110199
24.736707 	 4.140472 	 0.028826 	 0.104858
24.691841 	 4.192291 	 0.002674 	 0.074921
24.642444 	 4.234894 	 -0.003419 	 0.043457
24.595312 	 4.189514 	 0.017034 	 0.048431
24.549994 	 4.212097 	 0.008043 	 0.050201
24.502409 	 4.173431 	 0.025492 	 0.065704
24.457091 	 4.191040 	 0.010674 	 0.067291
24.410866 	 4.103119 	 0.019580 	 0.067627
24.363734 	 4.162415 	 0.005870 	 0.058136
24.318869 	 4.160248 	 0.037029 	 0.080048
24.271284 	 4.167267 	 0.003931 	 0.069336
24.225966 	 4.116058 	 0.009342 	 0.055054
24.175662 	 4.043060 	 0.022616 	 0.064880
24.131703 	 4.175171 	 -0.003558 	 0.047089
24.086838 	 4.127502 	 0.029859 	 0.063202
24.039706 	 4.234253 	 0.032501 	 0.087555
23.993935 	 4.200256 	 0.014030 	 0.080170
23.946350 	 4.163696 	 0.043591 	 0.100677
23.898312 	 4.119385 	 0.001300 	 0.077148
23.852087 	 4.145935 	 0.024011 	 0.072113
23.804050 	 4.107635 	 0.017161 	 0.073364
23.761450 	 4.202606 	 0.036102 	 0.091248
23.713412 	 4.173584 	 0.033268 	 0.104980
23.667641 	 4.058655 	 0.017428 	 0.092102
23.622775 	 4.177094 	 0.029593 	 0.092102
23.575644 	 4.201508 	 0.012059 	 0.080597
23.528513 	 4.292358 	 0.037838 	 0.094482
23.481381 	 4.320679 	 0.041151 	 0.114471
23.436516 	 4.054199 	 0.006008 	 0.086884
23.389838 	 4.084259 	 0.023372 	 0.078827
23.342706 	 4.141663 	 0.022797 	 0.082306
23.296935 	 4.123169 	 0.012325 	 0.071899
23.252069 	 4.086273 	 0.017066 	 0.067383
23.202672 	 4.165588 	 0.019026 	 0.070007
23.157806 	 4.316315 	 0.033716 	 0.089569
23.110675 	 4.165588 	 0.019984 	 0.089020
23.066263 	 4.202209 	 0.035835 	 0.099426
23.018225 	 4.189484 	 0.034845 	 0.109100
22.970641 	 4.243713 	 0.062797 	 0.140289
22.926228 	 4.219482 	 0.002194 	 0.104462
22.880457 	 4.124542 	 0.013465 	 0.073883
22.832872 	 4.104553 	 0.024682 	 0.078186
22.786194 	 4.190277 	 0.025257 	 0.084930
22.740875 	 4.180054 	 0.025343 	 0.088257
22.692838 	 4.203552 	 0.012634 	 0.076630
22.647972 	 4.220367 	 0.011931 	 0.064789
22.601747 	 4.261414 	 0.028751 	 0.077148
22.554163 	 4.221283 	 0.033162 	 0.093964
22.507938 	 4.246063 	 0.031511 	 0.101715
22.460806 	 4.276062 	 0.026887 	 0.098999
22.415941 	 4.095062 	 0.022797 	 0.092010
22.368810 	 4.240448 	 0.000746 	 0.063843
22.322585 	 4.287170 	 0.015979 	 0.058197
22.276360 	 4.186462 	 0.011611 	 0.057831
22.230588 	 4.202484 	 -0.009119 	 0.034576
22.183456 	 4.311768 	 -0.007894 	 0.016113
22.137685 	 4.313477 	 0.018440 	 0.036774
22.091913 	 4.256927 	 0.018759 	 0.057526
22.045688 	 4.095520 	 0.031798 	 0.079163
21.996744 	 4.257507 	 0.025002 	 0.087036
21.950066 	 4.309418 	 0.005390 	 0.067719
21.905200 	 4.225464 	 0.047404 	 0.095581
21.859428 	 4.251404 	 0.036389 	 0.112213
21.810937 	 4.201263 	 0.032693 	 0.111969
21.765166 	 4.089600 	 0.001779 	 0.078644
21.718488 	 4.169312 	 0.011878 	 0.059814
21.673169 	 4.197052 	 -0.001257 	 0.043213
21.623772 	 4.213409 	 0.003633 	 0.035858
21.578000 	 4.154419 	 0.020783 	 0.052582
21.535854 	 4.174286 	 0.008874 	 0.055084
21.485097 	 4.233307 	 0.006487 	 0.047882
21.439325 	 4.174133 	 0.005273 	 0.042633
21.396272 	 4.182617 	 0.038179 	 0.073181
21.346875 	 4.123474 	 0.028464 	 0.090332
21.299290 	 4.252380 	 0.003302 	 0.069611
21.255785 	 4.246490 	 0.050121 	 0.098450
21.205934 	 4.209473 	 0.034195 	 0.113251
21.161975 	 4.216034 	 0.016576 	 0.094666
21.117110 	 4.134277 	 0.001886 	 0.063324
21.067259 	 4.147339 	 0.002365 	 0.043335
21.021034 	 4.206421 	 0.015872 	 0.050903
20.976169 	 4.179413 	 0.018557 	 0.061340
20.928584 	 4.129120 	 0.038850 	 0.089172
20.881453 	 4.089508 	 0.034600 	 0.104553
20.836134 	 4.125092 	 0.006253 	 0.081482
20.790363 	 4.003571 	 0.027164 	 0.080444
20.746404 	 4.207153 	 0.015350 	 0.076874
20.696553 	 4.200134 	 -0.003622 	 0.049530
20.650328 	 4.164215 	 0.010386 	 0.044312
20.604103 	 4.241119 	 0.012964 	 0.049927
20.556972 	 4.219849 	 0.043932 	 0.086090
20.509387 	 4.244293 	 0.032768 	 0.103394
20.464975 	 4.209045 	 -0.024650 	 0.047394
20.417390 	 4.129395 	 0.000788 	 0.024506
20.372525 	 4.083282 	 0.010077 	 0.035278
20.326300 	 4.071960 	 -0.000660 	 0.030823
20.279622 	 4.254395 	 0.018440 	 0.045441
20.232944 	 4.138824 	 0.012655 	 0.054993
20.187625 	 4.160950 	 0.034962 	 0.078827
20.141400 	 4.167297 	 0.022147 	 0.084717
20.093816 	 4.184296 	 0.024693 	 0.085571
20.049857 	 4.188049 	 0.051846 	 0.115570
20.004991 	 4.275024 	 0.036645 	 0.124756
19.954234 	 4.247528 	 0.009204 	 0.092743
19.908463 	 4.314087 	 0.032565 	 0.092834
19.859518 	 4.197235 	 0.021859 	 0.091064
19.816013 	 4.236450 	 0.024427 	 0.087646
19.766615 	 4.181366 	 0.020655 	 0.084351
19.724922 	 4.256378 	 0.000181 	 0.059387
19.676431 	 4.163147 	 0.026941 	 0.068604
19.630206 	 4.173920 	 0.025992 	 0.081970
19.581715 	 4.127655 	 0.015595 	 0.077026
19.536850 	 4.198364 	 0.039543 	 0.095978
19.491078 	 4.056946 	 0.034578 	 0.109070
19.444400 	 4.213806 	 0.030648 	 0.107666
19.396362 	 4.204987 	 0.023319 	 0.097534
19.348325 	 4.241302 	 0.022530 	 0.089600
19.304366 	 4.138519 	 0.029817 	 0.093658
19.258594 	 4.144287 	 0.041002 	 0.110809
19.214182 	 4.256073 	 0.025620 	 0.106598
19.165237 	 4.193237 	 -0.008597 	 0.062500
19.119466 	 4.164246 	 -0.001161 	 0.036163
19.073694 	 4.227570 	 0.016852 	 0.046448
19.027016 	 4.120392 	 0.011132 	 0.052551
18.981244 	 4.079468 	 0.036592 	 0.079865
18.935925 	 3.975281 	 0.001800 	 0.064880
18.888341 	 4.099304 	 0.029561 	 0.072144
18.841209 	 4.237000 	 0.013071 	 0.070557
18.794984 	 4.148376 	 0.016437 	 0.066986
18.750572 	 4.264160 	 0.002610 	 0.052185
18.702988 	 4.210632 	 0.030456 	 0.069702
18.656763 	 4.217621 	 0.054137 	 0.113922
18.607365 	 4.193451 	 0.048789 	 0.138245
18.560234 	 4.222717 	 0.016054 	 0.110657
18.516728 	 4.092377 	 0.033290 	 0.103912
18.471410 	 4.119476 	 0.028261 	 0.102875
18.425185 	 4.129028 	 0.032789 	 0.105804
18.376694 	 4.139954 	 0.004261 	 0.078064
18.330469 	 4.094269 	 0.028208 	 0.079895
18.282884 	 4.225708 	 0.022903 	 0.086487
18.238925 	 4.215515 	 0.016895 	 0.078461
18.191794 	 4.101166 	 0.004048 	 0.059235
18.145569 	 4.058533 	 0.017886 	 0.059998
18.098437 	 4.244385 	 0.000788 	 0.048645
18.049040 	 4.277252 	 0.018653 	 0.055115
18.007347 	 4.227814 	 -0.025194 	 0.019104
17.957950 	 4.053375 	 -0.013295 	 -0.003448
17.913084 	 4.137482 	 -0.006189 	 -0.000183
17.863687 	 4.180145 	 0.006061 	 0.017548
17.819728 	 4.003387 	 0.039809 	 0.066101
17.774863 	 3.998322 	 0.014381 	 0.075134
17.726372 	 4.097351 	 0.017950 	 0.070190
17.680600 	 4.140198 	 0.011036 	 0.063324
17.635281 	 4.214935 	 0.000405 	 0.046143
17.586790 	 4.029053 	 0.013508 	 0.047699
17.541925 	 4.267029 	 0.016948 	 0.057770
17.495247 	 4.274323 	 0.026365 	 0.072357
17.446756 	 4.184570 	 0.050249 	 0.107910
17.401437 	 4.137360 	 0.028208 	 0.112183
17.354306 	 4.067261 	 0.017002 	 0.092377
17.309441 	 4.136047 	 0.024501 	 0.087006
17.262309 	 4.234528 	 0.024405 	 0.087830
17.216537 	 4.166260 	 0.017907 	 0.081024
17.173032 	 4.160126 	 0.020442 	 0.077789
17.124994 	 4.237396 	 0.012176 	 0.069122
17.076956 	 4.169708 	 -0.007894 	 0.040314
17.031638 	 4.106293 	 0.040288 	 0.070435
16.984506 	 4.217560 	 0.004698 	 0.066833
16.936469 	 4.176544 	 0.023063 	 0.067841
16.889790 	 4.093964 	 0.036123 	 0.091309
16.845378 	 4.220398 	 0.013571 	 0.083038
16.799606 	 4.190277 	 0.018493 	 0.074677
16.752022 	 4.160217 	 0.013944 	 0.067963
16.706703 	 4.244263 	 0.029231 	 0.080505
16.660478 	 4.301422 	 0.009971 	 0.072266
16.614253 	 4.189941 	 0.019004 	 0.069305
16.565309 	 4.122223 	 0.030861 	 0.084473
16.515912 	 4.174255 	 0.023457 	 0.088379
16.471500 	 4.183105 	 0.031713 	 0.095581
16.425275 	 4.182587 	 0.012006 	 0.081268
16.381316 	 4.185669 	 0.014136 	 0.069458
16.335091 	 4.335327 	 0.013880 	 0.065369
16.287053 	 4.278381 	 0.029806 	 0.078766
16.241281 	 4.139038 	 0.023425 	 0.083649
16.197775 	 4.112061 	 -0.007510 	 0.052216
16.148831 	 4.117126 	 0.002131 	 0.036224
16.101700 	 4.179535 	 0.023766 	 0.058472
16.052303 	 4.183563 	 -0.013806 	 0.034760
16.009703 	 4.228607 	 0.003313 	 0.026581
15.963931 	 4.256317 	 0.008725 	 0.034119
15.915440 	 4.201294 	 0.018216 	 0.049652
15.871028 	 4.178436 	 0.032650 	 0.077057
15.825256 	 4.265289 	 0.020826 	 0.084229
15.778125 	 4.096283 	 0.047213 	 0.108582
15.730994 	 4.155701 	 -0.002610 	 0.078400
15.686128 	 4.123474 	 -0.003462 	 0.042114
15.637637 	 4.141693 	 0.039159 	 0.072235
15.591866 	 4.035370 	 0.029327 	 0.092102
15.546547 	 4.170319 	 0.039255 	 0.107483
15.496243 	 4.199463 	 0.030839 	 0.109924
15.450471 	 4.152588 	 0.016085 	 0.092407
15.406059 	 4.135040 	 0.009886 	 0.070648
15.360287 	 4.186981 	 0.006690 	 0.054657
15.311797 	 4.052307 	 0.000724 	 0.041016
15.266931 	 4.045441 	 -0.017875 	 0.012390
15.220253 	 4.169434 	 0.020006 	 0.032593
15.173122 	 4.174316 	 0.028624 	 0.066895
15.128256 	 4.131805 	 0.002535 	 0.057190
15.081125 	 4.260345 	 0.014669 	 0.054993
15.038072 	 4.385284 	 0.029795 	 0.074738
14.989581 	 4.252441 	 0.008288 	 0.067749
14.940637 	 4.275391 	 0.000224 	 0.046387
14.898038 	 4.170288 	 0.009992 	 0.044525
14.848640 	 4.247345 	 -0.011888 	 0.025452
14.801056 	 4.212250 	 0.023468 	 0.044922
14.756644 	 4.107666 	 0.008661 	 0.051666
14.709512 	 4.143188 	 0.009257 	 0.049164
14.661021 	 4.192627 	 0.016842 	 0.055817
14.617516 	 4.209595 	 0.024384 	 0.070709
14.567665 	 4.180389 	 -0.009119 	 0.045746
14.523253 	 4.067230 	 0.025300 	 0.056488
14.477481 	 4.026031 	 0.008043 	 0.057343
14.432616 	 4.192444 	 0.015585 	 0.059906
14.385031 	 4.139313 	 0.019867 	 0.066956
14.336993 	 4.095154 	 0.025428 	 0.077576
14.291222 	 4.148468 	 0.020538 	 0.080383
14.242278 	 4.216156 	 -0.004037 	 0.053162
14.196506 	 4.108276 	 0.014456 	 0.050812
14.152094 	 4.104462 	 0.058600 	 0.104034
14.104509 	 4.217346 	 0.005369 	 0.089508
14.058284 	 4.078186 	 0.010525 	 0.065460
14.012512 	 4.199646 	 0.001108 	 0.047638
13.968553 	 4.138702 	 0.014583 	 0.049927
13.920969 	 4.210388 	 -0.018355 	 0.022034
13.872478 	 4.165771 	 0.002205 	 0.017456
13.829425 	 4.176300 	 0.020325 	 0.043640
13.780934 	 4.179962 	 0.014562 	 0.056427
13.735616 	 4.106140 	 -0.006605 	 0.037476
13.688031 	 4.155151 	 0.011697 	 0.039124
13.639087 	 4.158356 	 0.003228 	 0.037018
13.596941 	 4.095459 	 -0.009609 	 0.020020
13.549356 	 4.192474 	 0.016384 	 0.033966
13.504037 	 4.223480 	 0.005103 	 0.041962
13.455093 	 4.139160 	 0.028709 	 0.064117
13.410681 	 4.061493 	 0.007308 	 0.060608
13.360831 	 4.172241 	 0.051591 	 0.096741
13.317325 	 4.241425 	 0.048928 	 0.128601
13.271100 	 4.257568 	 0.007606 	 0.099030
13.223062 	 4.096466 	 0.017769 	 0.078339
13.179556 	 4.125092 	 0.001491 	 0.056671
13.133331 	 4.245483 	 -0.004613 	 0.033997
13.087106 	 4.189056 	 0.012123 	 0.037689
13.035443 	 4.256287 	 0.023201 	 0.059052
12.991031 	 4.261932 	 0.016341 	 0.066711
12.943446 	 4.242554 	 0.036709 	 0.088196
12.899034 	 4.126282 	 0.011324 	 0.077637
12.852356 	 4.124451 	 0.025002 	 0.078308
12.807037 	 3.968353 	 0.011228 	 0.069458
12.755374 	 4.118896 	 0.028421 	 0.078430
12.710509 	 4.121582 	 0.016181 	 0.076111
12.665190 	 4.177307 	 0.044901 	 0.100433
12.622137 	 4.110107 	 0.012432 	 0.090454
12.577272 	 4.208374 	 0.020560 	 0.079712
12.528781 	 4.021851 	 -0.004581 	 0.051788
12.481650 	 4.077026 	 -0.002961 	 0.030975
12.434972 	 4.059967 	 0.010141 	 0.037323
12.388747 	 4.177490 	 0.020805 	 0.056030
12.342522 	 4.133179 	 0.044251 	 0.092834
12.297203 	 4.117554 	 0.027186 	 0.101227
12.250978 	 4.175293 	 0.035835 	 0.106171
12.203847 	 4.110229 	 0.024182 	 0.101013
12.155809 	 4.218292 	 0.029774 	 0.099213
12.107771 	 4.112305 	 0.020389 	 0.091248
12.062453 	 4.282318 	 0.004751 	 0.066956
12.018040 	 4.148041 	 -0.005731 	 0.038055
11.970456 	 4.185730 	 0.032640 	 0.060760
11.926497 	 4.188568 	 0.019121 	 0.073700
11.877553 	 4.206696 	 0.007542 	 0.061584
11.832687 	 4.232208 	 0.010109 	 0.053192
11.782837 	 4.130676 	 0.023958 	 0.065826
11.738425 	 4.130493 	 0.028783 	 0.082733
11.694012 	 4.208252 	 0.005827 	 0.067749
11.645068 	 4.240173 	 0.036805 	 0.084442
11.597484 	 4.109741 	 0.009044 	 0.075836
11.555338 	 4.145447 	 -0.012144 	 0.038940
11.505940 	 4.081268 	 0.046573 	 0.075134
11.458356 	 4.044220 	 0.012496 	 0.078522
11.411224 	 4.015259 	 0.003782 	 0.056244
11.366812 	 3.990662 	 0.010333 	 0.050812
11.321494 	 4.090485 	 0.012591 	 0.053864
11.273909 	 4.120178 	 0.030019 	 0.073700
11.225871 	 4.312531 	 0.001023 	 0.060547
11.182365 	 4.331482 	 -0.000991 	 0.038116
11.134781 	 4.205597 	 -0.016341 	 0.012177
11.086290 	 4.263245 	 0.001875 	 0.013702
11.043237 	 4.105133 	 0.002653 	 0.022797
10.993840 	 4.249420 	 -0.003068 	 0.021820
10.948521 	 4.215057 	 -0.003345 	 0.018585
10.904562 	 4.196472 	 -0.013582 	 0.005005
10.854259 	 4.118225 	 -0.002951 	 0.006470
10.809846 	 4.181213 	 -0.029795 	 -0.015717
10.765887 	 4.140259 	 0.001193 	 -0.005005
10.718303 	 4.183258 	 -0.002759 	 0.008453
10.670265 	 4.222198 	 0.004176 	 0.020813
10.625400 	 4.190277 	 -0.003100 	 0.020172
10.576003 	 4.155640 	 -0.010908 	 0.007233
10.529324 	 4.158203 	 0.010131 	 0.022156
10.485818 	 4.173859 	 0.030190 	 0.058838
10.439140 	 4.158569 	 0.010397 	 0.062439
10.392009 	 4.027588 	 0.001055 	 0.045990
10.346237 	 4.118439 	 -0.007617 	 0.025421
10.301825 	 4.136169 	 0.020272 	 0.042938
10.252881 	 4.125000 	 0.001822 	 0.043396
10.206203 	 4.190308 	 -0.008682 	 0.023224
10.159071 	 4.040070 	 0.018323 	 0.038208
10.112846 	 4.114655 	 0.014328 	 0.054199
10.072966 	 4.211243 	 0.006818 	 0.050262
10.024475 	 4.152222 	 -0.025162 	 0.011749
9.980063 	 4.306671 	 -0.014914 	 -0.008484
9.934291 	 4.209595 	 -0.009726 	 -0.007355
9.888519 	 4.179535 	 -0.013678 	 -0.008026
9.840482 	 4.257690 	 0.007531 	 0.011475
9.794710 	 4.189697 	 0.038307 	 0.061401
9.745312 	 4.197235 	 0.016810 	 0.074127
9.698634 	 4.227600 	 0.035633 	 0.089844
9.655582 	 4.021912 	 0.008032 	 0.076630
9.608904 	 4.239075 	 0.030871 	 0.082581
9.564491 	 4.075256 	 0.012240 	 0.075836
9.515094 	 4.100464 	 0.006562 	 0.058350
9.472495 	 4.123260 	 0.014051 	 0.057281
9.422644 	 4.212219 	 0.005667 	 0.050873
9.374153 	 4.195038 	 -0.009577 	 0.027771
9.331100 	 4.214417 	 -0.009673 	 0.011749
9.283063 	 4.095764 	 0.004474 	 0.019043
9.239104 	 4.185394 	 -0.025151 	 -0.002045
9.190613 	 4.158630 	 0.022094 	 0.023987
9.145747 	 4.126892 	 0.026781 	 0.061371
9.095444 	 4.299408 	 -0.014882 	 0.036804
9.052391 	 4.157227 	 -0.016703 	 0.005737
9.002087 	 4.143066 	 0.013433 	 0.022339
8.959488 	 4.003357 	 -0.006136 	 0.022583
8.913263 	 4.131714 	 0.009822 	 0.031830
8.862506 	 4.215393 	 0.002131 	 0.032867
8.822173 	 4.132141 	 0.001033 	 0.029755
8.773228 	 4.087067 	 0.002759 	 0.029602
8.722472 	 4.178467 	 0.011750 	 0.039978
8.679419 	 4.213562 	 -0.013998 	 0.021454
8.633647 	 4.269257 	 0.019984 	 0.039093
8.586969 	 4.110474 	 0.012549 	 0.051849
8.538478 	 4.275970 	 0.011984 	 0.054230
8.493159 	 4.197418 	 0.016661 	 0.059662
8.449200 	 4.171814 	 0.014008 	 0.061462
8.401616 	 4.228882 	 -0.014477 	 0.031158
8.354938 	 4.257019 	 0.021902 	 0.043976
8.306447 	 4.106262 	 -0.010578 	 0.031403
8.262035 	 4.126190 	 -0.017662 	 0.002869
8.213091 	 4.078339 	 -0.006605 	 -0.000214
8.169585 	 4.196381 	 -0.011761 	 -0.001892
8.122906 	 4.207275 	 -0.012080 	 -0.004974
8.078947 	 4.112152 	 -0.039543 	 -0.036499
8.030457 	 4.148468 	 -0.015478 	 -0.036896
7.983325 	 4.205231 	 0.009087 	 0.000000
7.938460 	 4.298157 	 0.011185 	 0.028381
7.893594 	 4.248657 	 -0.024043 	 0.006409
7.846010 	 4.208069 	 -0.027558 	 -0.023682
7.797519 	 4.104248 	 -0.006956 	 -0.016266
7.752200 	 4.072693 	 -0.003036 	 -0.000488
7.705975 	 4.220642 	 -0.002791 	 0.008392
7.662016 	 4.106415 	 0.013305 	 0.028961
7.610806 	 4.174072 	 0.009683 	 0.041321
7.567754 	 4.196777 	 -0.015382 	 0.019897
7.519716 	 4.236511 	 -0.013699 	 -0.000366
7.473038 	 4.261261 	 -0.000469 	 0.006134
7.425906 	 4.206482 	 -0.005380 	 0.010559
7.379228 	 4.236542 	 0.011270 	 0.027618
7.335722 	 4.024292 	 -0.022935 	 0.006622
7.287231 	 4.058655 	 -0.022424 	 -0.016083
7.241460 	 4.160034 	 0.002610 	 -0.001190
7.193875 	 4.206482 	 -0.002035 	 0.011047
7.149010 	 4.069916 	 0.020347 	 0.038544
7.103691 	 4.277374 	 0.010951 	 0.050446
7.058826 	 4.234436 	 -0.026269 	 0.011993
7.007162 	 4.216156 	 -0.025790 	 -0.020386
6.961391 	 4.162659 	 -0.033151 	 -0.041351
6.917885 	 4.138855 	 -0.043069 	 -0.064362
6.867581 	 4.046021 	 -0.038009 	 -0.074158
6.823622 	 4.188660 	 0.002258 	 -0.035858
6.780569 	 4.167084 	 -0.012847 	 -0.014679
6.730719 	 4.208282 	 -0.025321 	 -0.025360
6.684494 	 4.307129 	 -0.025225 	 -0.036072
6.638269 	 4.234406 	 -0.040043 	 -0.054962
6.590231 	 4.214752 	 -0.058462 	 -0.088745
6.547179 	 4.210022 	 -0.031702 	 -0.084076
6.498688 	 4.113525 	 -0.029135 	 -0.067200
6.450650 	 4.142609 	 -0.003771 	 -0.033142
6.411223 	 4.021301 	 -0.000969 	 -0.004883
6.356841 	 4.228058 	 -0.009129 	 0.000061
6.316507 	 4.139526 	 -0.012400 	 -0.003571
6.267110 	 4.070465 	 -0.025225 	 -0.020691
6.220885 	 4.131500 	 -0.031223 	 -0.039825
6.173300 	 4.173218 	 -0.018621 	 -0.038818
6.128435 	 4.083313 	 -0.013891 	 -0.026855
6.080397 	 4.041687 	 -0.006434 	 -0.011108
6.034172 	 4.025238 	 -0.011558 	 -0.006653
5.988853 	 4.110596 	 -0.051719 	 -0.049225
5.942175 	 4.158386 	 -0.060582 	 -0.095062
5.897310 	 4.202362 	 -0.024874 	 -0.081696
5.848819 	 4.166534 	 -0.054137 	 -0.091095
5.803047 	 3.999207 	 -0.025225 	 -0.077118
5.759088 	 4.197205 	 -0.012474 	 -0.044983
5.708331 	 4.192169 	 -0.055117 	 -0.070068
5.663466 	 4.149811 	 -0.012591 	 -0.054779
5.614975 	 4.178467 	 -0.022253 	 -0.039856
5.569656 	 4.103729 	 -0.032235 	 -0.048370
5.525244 	 4.168365 	 -0.036240 	 -0.060181
5.479019 	 4.156067 	 -0.035729 	 -0.066650
5.432794 	 4.039886 	 -0.062925 	 -0.097931
5.384756 	 4.032135 	 -0.039223 	 -0.098785
5.337172 	 4.093384 	 -0.060880 	 -0.109192
5.293666 	 4.186615 	 -0.066728 	 -0.131592
5.247894 	 4.128662 	 -0.043942 	 -0.120605
5.198044 	 4.181610 	 -0.036656 	 -0.096619
5.154085 	 4.275604 	 -0.053988 	 -0.101715
5.110126 	 4.139008 	 -0.042579 	 -0.100281
5.061182 	 4.185394 	 -0.025151 	 -0.076263
5.012238 	 4.170441 	 -0.026589 	 -0.059845
4.969185 	 4.211304 	 -0.073951 	 -0.102753
4.920694 	 4.186768 	 -0.049982 	 -0.116241
4.871297 	 4.100800 	 -0.050046 	 -0.112366
4.828244 	 4.095062 	 -0.045018 	 -0.105530
4.781113 	 4.146210 	 -0.101200 	 -0.158508
4.735341 	 4.183533 	 -0.089621 	 -0.194641
4.690475 	 4.213501 	 -0.072172 	 -0.188171
4.644704 	 4.199219 	 -0.090239 	 -0.196228
4.596213 	 4.206085 	 -0.076443 	 -0.192993
4.550441 	 3.997498 	 -0.059122 	 -0.166809
4.503763 	 4.106323 	 -0.052763 	 -0.141937
4.457538 	 4.130188 	 -0.057897 	 -0.134491
4.409500 	 4.186401 	 -0.067282 	 -0.142151
4.363728 	 4.133240 	 -0.052251 	 -0.134308
4.319769 	 4.097473 	 -0.074398 	 -0.145203
4.269919 	 4.076355 	 -0.087469 	 -0.174591
4.224147 	 3.939423 	 -0.046605 	 -0.150116
4.179735 	 3.976837 	 -0.057024 	 -0.132599
4.132603 	 4.121246 	 -0.086936 	 -0.163086
4.083206 	 4.105499 	 -0.085328 	 -0.186249
4.040154 	 4.131470 	 -0.091613 	 -0.201935
3.993022 	 4.137329 	 -0.102393 	 -0.222626
3.946797 	 4.184906 	 -0.095245 	 -0.227753
3.898306 	 4.055389 	 -0.067239 	 -0.198639
3.853894 	 4.151306 	 -0.087618 	 -0.194855
3.805403 	 4.164307 	 -0.100337 	 -0.216858
3.760991 	 4.037415 	 -0.101711 	 -0.232849
3.713406 	 3.926239 	 -0.113461 	 -0.253204
3.666728 	 4.120209 	 -0.088694 	 -0.241028
3.624129 	 4.082397 	 -0.111800 	 -0.249542
3.577451 	 4.121368 	 -0.126021 	 -0.278046
3.528053 	 4.171417 	 -0.051900 	 -0.218475
3.483188 	 4.189453 	 -0.055639 	 -0.164551
3.435150 	 4.221222 	 -0.089184 	 -0.178040
3.390738 	 4.011383 	 -0.076901 	 -0.182495
3.340887 	 4.008301 	 -0.084092 	 -0.188232
3.296928 	 4.055237 	 -0.046882 	 -0.155243
3.248438 	 4.091034 	 -0.071564 	 -0.151489
3.202666 	 4.070221 	 -0.070222 	 -0.158173
3.158707 	 3.937012 	 -0.059559 	 -0.149628
3.111122 	 3.998871 	 -0.104534 	 -0.188324
3.064897 	 4.141388 	 -0.055000 	 -0.173584
3.018219 	 4.121643 	 -0.042227 	 -0.131744
2.971541 	 4.167145 	 -0.082824 	 -0.149445
2.926222 	 4.011322 	 -0.267403 	 -0.371460
2.876825 	 3.535126 	 -0.628559 	 -0.924194
2.834679 	 3.201843 	 -0.643995 	 -1.338867
2.786641 	 3.055847 	 -0.652996 	 -1.538544
2.738603 	 3.117126 	 -0.605528 	 -1.579773
2.692378 	 2.901611 	 -0.641406 	 -1.615845
2.648419 	 3.055908 	 -0.614860 	 -1.619110
2.599022 	 3.125702 	 -0.580867 	 -1.575317
2.551891 	 3.079041 	 -0.587142 	 -1.548462
2.508838 	 3.123993 	 -0.600458 	 -1.554108
2.462613 	 3.056793 	 -0.581720 	 -1.543396
2.414575 	 3.222931 	 -0.570790 	 -1.518494
2.367897 	 3.170898 	 -0.555962 	 -1.487946
2.320312 	 3.174988 	 -0.559626 	 -1.471924
2.274541 	 3.186340 	 -0.521149 	 -1.425812
2.228769 	 3.203217 	 -0.548036 	 -1.417023
2.184357 	 3.265717 	 -0.511242 	 -1.386566
2.137225 	 3.229370 	 -0.520403 	 -1.367035
2.091907 	 3.145996 	 -0.535445 	 -1.378357
2.043416 	 3.145905 	 -0.486229 	 -1.337250
1.998550 	 3.156219 	 -0.467534 	 -1.279327
1.948247 	 3.200409 	 -0.454421 	 -1.232300
1.905194 	 3.268890 	 -0.410809 	 -1.159943
1.859422 	 3.245911 	 -0.434191 	 -1.134033
1.810478 	 3.248657 	 -0.434926 	 -1.133270
1.763347 	 3.173950 	 -0.399964 	 -1.096222
1.719841 	 3.074921 	 -0.314541 	 -0.974854
1.669084 	 3.183533 	 -0.209836 	 -0.775269
1.624672 	 3.101593 	 -0.207492 	 -0.640045
1.579353 	 3.260956 	 -0.223780 	 -0.597198
1.530862 	 3.128235 	 -0.194517 	 -0.554443
1.485997 	 3.171234 	 -0.132476 	 -0.456848
1.439772 	 3.198029 	 -0.122143 	 -0.375854
1.392187 	 3.024078 	 -0.005156 	 -0.213806
1.347775 	 2.881805 	 0.106867 	 0.025787
1.297472 	 2.745331 	 0.218486 	 0.295380
1.254872 	 1.980560 	 0.839428 	 1.113647
1.206381 	 1.996735 	 0.586748 	 1.477112
1.161063 	 2.190308 	 0.428886 	 1.358765
1.114838 	 1.605927 	 1.012768 	 1.856262
1.067706 	 1.743347 	 0.636645 	 1.933685
1.021935 	 1.630463 	 0.840866 	 2.016418
0.976163 	 1.268036 	 0.831567 	 2.134033
0.926312 	 1.071838 	 0.983559 	 2.343628
0.879634 	 1.039520 	 0.998334 	 2.516327
0.837941 	 0.774231 	 1.033381 	 2.635468
0.790810 	 0.843170 	 1.069621 	 2.740723
0.745491 	 0.750122 	 1.243217 	 2.987305
0.698360 	 0.687714 	 1.246317 	 3.174347
0.650322 	 0.627350 	 1.246370 	 3.256409
0.603191 	 0.536255 	 1.297939 	 3.348816
0.556059 	 0.631836 	 1.245646 	 3.354370
0.512553 	 0.559845 	 1.458581 	 3.560120
0.465875 	 0.425842 	 1.431545 	 3.716431
0.418291 	 0.425873 	 1.323762 	 3.647583
0.372972 	 0.441772 	 1.189496 	 3.450592
0.326294 	 0.440033 	 1.398202 	 3.517975
0.278709 	 0.425629 	 1.419902 	 3.660065
0.237016 	 0.345612 	 1.399172 	 3.716064
0.185353 	 0.358551 	 1.514423 	 3.842712
0.139581 	 0.382629 	 1.400567 	 3.832764
0.092903 	 0.382385 	 1.422160 	 3.802155
0.047131 	 0.366028 	 1.436765 	 3.814301
0.000000 	 0.324341 	 1.404626 	 3.790619
0.048944 	 0.427246 	 1.520761 	 3.897461
0.091997 	 0.425995 	 1.456323 	 3.911713
0.140034 	 0.335968 	 1.372167 	 3.807648
0.185353 	 0.427826 	 1.428711 	 3.787292
0.232938 	 0.401672 	 1.542460 	 3.923340
0.281429 	 0.441711 	 1.431417 	 3.913605
0.322668 	 0.407867 	 1.375757 	 3.802551
0.369800 	 0.430328 	 1.525938 	 3.890198
0.418744 	 0.397888 	 1.188878 	 3.637909
0.462703 	 0.414551 	 1.317018 	 3.516083
0.510287 	 0.423065 	 1.388167 	 3.595825
0.557872 	 0.420502 	 1.226673 	 3.489349
0.603644 	 0.420929 	 1.491381 	 3.650604
0.651682 	 0.474121 	 1.211035 	 3.542297
0.696547 	 0.470795 	 1.301700 	 3.468109
0.743678 	 0.476196 	 1.265982 	 3.438538
0.790356 	 0.471985 	 1.250727 	 3.393311
0.836128 	 0.541656 	 1.342052 	 3.463226
0.883713 	 0.554199 	 1.331037 	 3.521393
0.928125 	 0.676514 	 1.278381 	 3.484009
0.975710 	 0.547028 	 1.325754 	 3.505157
1.024654 	 0.615906 	 1.243707 	 3.430786
1.070879 	 0.561859 	 1.186151 	 3.312134
1.115291 	 0.640503 	 1.244303 	 3.296112
1.163329 	 0.587158 	 1.051448 	 3.110168
1.207288 	 0.789459 	 1.084578 	 2.981689
1.253059 	 0.931396 	 1.239978 	 3.103088
1.300191 	 0.616119 	 1.223605 	 3.206085
1.347775 	 0.825562 	 1.248756 	 3.268982
1.393547 	 0.873993 	 1.003223 	 3.046906
1.438866 	 0.919312 	 1.043682 	 2.889099
1.484637 	 1.145569 	 0.918439 	 2.706909
1.534035 	 1.256439 	 1.049136 	 2.709930
1.579353 	 1.283142 	 0.985497 	 2.701172
1.624219 	 1.156921 	 0.773105 	 2.444763
1.672256 	 1.630432 	 0.757978 	 2.224670
1.717575 	 1.153290 	 1.071038 	 2.455780
1.765160 	 1.730438 	 0.738889 	 2.335449
1.809572 	 1.396149 	 0.771145 	 2.173615
1.858063 	 1.947632 	 0.695426 	 2.039612
1.902928 	 2.130127 	 0.480051 	 1.721771
1.947340 	 2.331665 	 0.298796 	 1.300720
1.999457 	 2.071014 	 0.749850 	 1.511871
2.043869 	 2.226837 	 0.284724 	 1.308685
2.086015 	 2.801453 	 0.235818 	 0.963043
2.134053 	 2.809784 	 0.133861 	 0.687714
2.184810 	 2.708618 	 0.217910 	 0.610229
2.227409 	 3.019012 	 -0.016245 	 0.363373
2.271822 	 3.227875 	 -0.085328 	 0.082581
2.322125 	 3.085968 	 -0.107805 	 -0.094299
2.367444 	 3.150909 	 -0.137536 	 -0.212250
2.414575 	 3.179871 	 -0.197660 	 -0.340729
2.461253 	 3.234650 	 -0.224217 	 -0.453125
2.509291 	 3.196716 	 -0.232345 	 -0.522491
2.552344 	 3.364410 	 -0.286194 	 -0.613617
2.603554 	 3.365631 	 -0.304719 	 -0.697266
2.645247 	 3.384125 	 -0.331436 	 -0.769379
2.692831 	 3.320953 	 -0.385839 	 -0.869354
2.739056 	 3.235260 	 -0.417264 	 -0.971985
2.785735 	 3.240784 	 -0.348128 	 -0.958954
2.833772 	 3.352661 	 -0.416348 	 -0.992981
2.879544 	 3.285156 	 -0.445419 	 -1.069946
2.926222 	 3.397858 	 -0.458160 	 -1.129486
2.970634 	 3.258057 	 -0.444226 	 -1.146881
3.016406 	 3.289032 	 -0.457393 	 -1.162415
3.063084 	 3.194305 	 -0.480115 	 -1.199402
3.110216 	 3.474792 	 -0.501974 	 -1.247955
3.157800 	 3.316132 	 -0.524515 	 -1.302765
3.204025 	 3.222717 	 -0.508195 	 -1.319550
3.251157 	 3.235962 	 -0.499449 	 -1.310913
3.300101 	 3.231903 	 -0.497915 	 -1.302277
3.341794 	 3.302765 	 -0.530523 	 -1.331116
3.390285 	 3.163666 	 -0.518944 	 -1.345123
3.434697 	 3.207001 	 -0.586258 	 -1.417389
3.484094 	 3.082642 	 -0.531130 	 -1.421906
3.528506 	 3.214844 	 -0.580100 	 -1.451385
3.572919 	 3.158813 	 -0.555951 	 -1.460724
3.621863 	 3.213470 	 -0.594300 	 -1.494659
3.667635 	 3.165070 	 -0.663223 	 -1.599030
3.712953 	 3.017609 	 -0.613869 	 -1.622986
3.760538 	 3.041168 	 -0.623957 	 -1.622131
3.805856 	 2.968048 	 -0.644346 	 -1.648254
3.852534 	 2.949738 	 -0.646584 	 -1.670105
3.900572 	 3.051086 	 -0.577214 	 -1.608582
3.944984 	 3.080872 	 -0.618876 	 -1.595856
3.992569 	 2.999756 	 -0.634802 	 -1.625427
4.041060 	 3.121124 	 -0.623521 	 -1.633026
4.086378 	 3.100433 	 -0.687394 	 -1.697906
4.130338 	 3.013977 	 -0.666909 	 -1.733276
4.176563 	 2.941376 	 -0.615648 	 -1.686646
4.223694 	 3.179047 	 -0.633683 	 -1.662231
4.268559 	 3.204956 	 -0.637721 	 -1.664978
4.316144 	 3.087585 	 -0.609108 	 -1.636719
4.363275 	 3.098358 	 -0.670254 	 -1.677490
4.411766 	 3.073883 	 -0.684677 	 -1.735779
4.458444 	 2.925751 	 -0.673684 	 -1.756042
4.504216 	 2.838898 	 -0.627846 	 -1.712311
4.550441 	 3.039276 	 -0.582519 	 -1.626984
4.598479 	 3.201874 	 -0.599243 	 -1.587708
4.642891 	 3.191650 	 -0.594492 	 -1.571289
4.690022 	 3.051270 	 -0.596239 	 -1.563477
4.737607 	 3.250458 	 -0.525079 	 -1.486237
4.782472 	 3.347809 	 -0.468929 	 -1.362091
4.830057 	 3.466705 	 -0.434095 	 -1.248688
4.875829 	 3.736084 	 -0.197564 	 -0.935822
4.918881 	 3.893127 	 -0.026493 	 -0.516876
4.968732 	 4.048279 	 0.026174 	 -0.204620
5.012691 	 4.144562 	 -0.033439 	 -0.107605
5.060728 	 4.210968 	 -0.022722 	 -0.078156
5.105594 	 4.123993 	 -0.010461 	 -0.046082
5.154991 	 4.173004 	 -0.016384 	 -0.031708
5.196684 	 4.165436 	 -0.027761 	 -0.039520
5.245628 	 4.011627 	 -0.019580 	 -0.039429
5.291400 	 4.161346 	 -0.018951 	 -0.033905
5.339438 	 4.121338 	 -0.009161 	 -0.020813
5.382944 	 4.205170 	 -0.027100 	 -0.029541
5.430528 	 4.253052 	 -0.042344 	 -0.057587
5.477206 	 4.324646 	 -0.038754 	 -0.072296
5.523431 	 4.202484 	 -0.038392 	 -0.078705
5.570110 	 4.070190 	 -0.045828 	 -0.086029
5.618147 	 4.158203 	 -0.054637 	 -0.102448
5.662106 	 4.107422 	 -0.048683 	 -0.108246
5.710597 	 4.000458 	 -0.051676 	 -0.111511
5.755916 	 4.080017 	 -0.037295 	 -0.098328
5.804407 	 3.961334 	 -0.027697 	 -0.076935
5.847913 	 4.151398 	 -0.047234 	 -0.082977
5.895044 	 4.092255 	 -0.056992 	 -0.104919
5.941722 	 4.209137 	 -0.041908 	 -0.102203
5.987494 	 4.196716 	 -0.056864 	 -0.110168
6.035985 	 4.131775 	 -0.041066 	 -0.103180
6.079037 	 4.182129 	 -0.034536 	 -0.086945
6.128888 	 4.120636 	 -0.061540 	 -0.104828
6.173300 	 4.181274 	 -0.031756 	 -0.094391
6.220432 	 4.238678 	 -0.052944 	 -0.098419
6.266656 	 4.131622 	 -0.045828 	 -0.101532
6.313788 	 4.207245 	 -0.026727 	 -0.078156
6.360013 	 4.154541 	 -0.044571 	 -0.080292
6.404425 	 4.198456 	 -0.063351 	 -0.108643
6.451556 	 4.177063 	 -0.056225 	 -0.121338
6.498688 	 4.083435 	 -0.067261 	 -0.135223
6.547179 	 4.122192 	 -0.044997 	 -0.123413
6.592497 	 4.183411 	 -0.051133 	 -0.114594
6.637363 	 4.043335 	 -0.053572 	 -0.116547
6.682681 	 4.214722 	 -0.058259 	 -0.122803
6.732079 	 4.172363 	 -0.068305 	 -0.137970
6.774678 	 4.111023 	 -0.041556 	 -0.119934
6.822716 	 4.157471 	 -0.082324 	 -0.144440
6.868034 	 4.222168 	 -0.058025 	 -0.147217
6.920604 	 4.064423 	 -0.020187 	 -0.099304
6.960937 	 4.164246 	 -0.024863 	 -0.065979
7.009428 	 4.215454 	 -0.001385 	 -0.028656
7.057919 	 4.252350 	 -0.006605 	 -0.007874
7.100519 	 4.136200 	 -0.046978 	 -0.042816
7.148557 	 4.178467 	 -0.018184 	 -0.045380
7.195235 	 4.095947 	 -0.038989 	 -0.055145
7.240100 	 4.178925 	 -0.043825 	 -0.074310
7.290404 	 4.177063 	 -0.048395 	 -0.089996
7.332097 	 4.186859 	 -0.034323 	 -0.084167
7.382854 	 4.135223 	 -0.075730 	 -0.119141
7.426813 	 4.135040 	 -0.038595 	 -0.113586
7.473491 	 4.086426 	 -0.052880 	 -0.108734
7.518810 	 4.295135 	 -0.031798 	 -0.090851
7.567754 	 4.086975 	 -0.009683 	 -0.050903
7.617151 	 4.237885 	 0.002216 	 -0.011505
7.658844 	 4.216949 	 -0.023830 	 -0.016846
7.707335 	 4.156097 	 -0.039191 	 -0.046631
7.751747 	 4.176422 	 -0.040672 	 -0.067261
7.800691 	 4.092285 	 -0.019026 	 -0.055878
7.844197 	 4.046326 	 -0.040629 	 -0.063110
7.891782 	 3.940125 	 -0.029465 	 -0.063538
7.940273 	 4.233185 	 -0.009598 	 -0.037811
7.986044 	 4.147034 	 -0.029199 	 -0.040985
8.031363 	 4.189758 	 -0.037934 	 -0.056946
8.078947 	 4.041351 	 -0.016927 	 -0.046600
8.123813 	 4.154572 	 -0.025588 	 -0.042297
8.168678 	 4.155640 	 -0.028783 	 -0.047272
8.215356 	 4.115295 	 -0.034131 	 -0.054626
8.262488 	 4.123566 	 -0.012091 	 -0.038116
8.311432 	 4.090363 	 -0.028091 	 -0.038208
8.354938 	 4.040131 	 -0.053103 	 -0.071869
8.402069 	 4.096405 	 -0.045029 	 -0.089722
8.448747 	 4.245911 	 -0.033279 	 -0.080536
8.491347 	 4.313293 	 -0.033076 	 -0.071686
8.541197 	 4.297211 	 0.007989 	 -0.024811
8.587875 	 4.248322 	 -0.021401 	 -0.017273
8.637273 	 4.206757 	 -0.013987 	 -0.019409
8.682138 	 4.079926 	 -0.036134 	 -0.040192
8.728363 	 4.039795 	 -0.023383 	 -0.045837
8.774135 	 4.132172 	 -0.018546 	 -0.037292
8.817187 	 4.133270 	 -0.030488 	 -0.042999
8.866132 	 4.176270 	 -0.024789 	 -0.046204
8.911450 	 4.187439 	 -0.000330 	 -0.018158
8.960847 	 4.223236 	 -0.016757 	 -0.013702
9.004353 	 4.197296 	 -0.014338 	 -0.015930
9.051938 	 4.206390 	 -0.017108 	 -0.017944
9.098616 	 4.116455 	 0.002855 	 0.000549
9.144841 	 4.198303 	 -0.012900 	 -0.000397
9.189706 	 4.137482 	 -0.030232 	 -0.023865
9.239557 	 4.061462 	 -0.017971 	 -0.029449
9.284422 	 4.151489 	 0.024192 	 0.016541
9.328835 	 4.148376 	 -0.000597 	 0.030029
9.376419 	 4.246216 	 0.019281 	 0.046082
9.424910 	 4.225128 	 -0.031010 	 0.008453
9.468869 	 4.186859 	 -0.037018 	 -0.035278
9.512375 	 4.067078 	 -0.039489 	 -0.060883
9.564038 	 4.079803 	 -0.001332 	 -0.031281
9.606638 	 4.190247 	 0.021305 	 0.021027
9.654222 	 4.222351 	 0.005614 	 0.037598
9.698181 	 4.178650 	 -0.005188 	 0.026184
9.745312 	 4.200592 	 -0.007468 	 0.014038
9.794710 	 4.186554 	 -0.016437 	 -0.001038
9.840482 	 4.162964 	 -0.026813 	 -0.022766
9.886707 	 4.143433 	 -0.045082 	 -0.056366
9.934291 	 4.108368 	 -0.001257 	 -0.033020
9.981422 	 4.200562 	 -0.028155 	 -0.031891
10.026741 	 4.191315 	 -0.004985 	 -0.018616
10.072513 	 4.273071 	 0.015350 	 0.017456
10.115565 	 4.113434 	 -0.021241 	 0.004730
10.160431 	 4.149536 	 -0.017833 	 -0.012756
10.208469 	 4.295227 	 -0.025971 	 -0.027252
10.256053 	 4.253235 	 -0.045348 	 -0.056976
10.301372 	 4.181274 	 -0.031990 	 -0.064941
10.350316 	 4.247833 	 -0.029305 	 -0.059326
10.394275 	 4.116364 	 -0.016522 	 -0.042938
10.440953 	 4.145264 	 -0.031798 	 -0.045929
10.485818 	 4.175812 	 -0.018216 	 -0.040070
10.531137 	 4.204376 	 -0.033535 	 -0.048096
10.578268 	 4.169281 	 -0.007979 	 -0.031250
10.624947 	 4.103058 	 0.010674 	 0.006683
10.671172 	 4.130188 	 -0.001747 	 0.018005
10.718756 	 4.204102 	 -0.013902 	 0.005341
10.764075 	 4.143188 	 0.004911 	 0.014618
10.811206 	 4.098114 	 -0.019420 	 0.001465
10.857884 	 4.140167 	 -0.036709 	 -0.033844
10.904109 	 4.115112 	 0.000085 	 -0.017487
10.949881 	 4.080322 	 -0.031021 	 -0.028015
10.997012 	 4.118195 	 0.004080 	 -0.008240
11.043237 	 4.130585 	 -0.003633 	 0.005707
11.089915 	 4.193695 	 -0.007659 	 0.006073
11.137500 	 4.179199 	 -0.009140 	 0.002808
11.182365 	 4.042389 	 -0.023713 	 -0.014984
11.228137 	 4.074493 	 -0.020560 	 -0.025330
11.278894 	 4.143982 	 -0.005614 	 -0.013062
11.321947 	 4.124908 	 -0.008043 	 -0.003601
11.368625 	 4.152344 	 -0.001310 	 0.006073
11.414850 	 4.183472 	 0.021657 	 0.037872
11.463794 	 4.128448 	 0.008394 	 0.049347
11.506847 	 4.183990 	 0.008607 	 0.047516
11.555791 	 4.203766 	 -0.003696 	 0.033203
11.602016 	 4.123169 	 0.010791 	 0.036285
11.647787 	 4.136139 	 -0.019771 	 0.013611
11.693559 	 4.193542 	 -0.026291 	 -0.017120
11.738878 	 4.107697 	 0.000948 	 -0.004700
11.786916 	 4.164215 	 -0.017513 	 -0.007080
11.833141 	 4.229309 	 -0.015084 	 -0.013611
11.882085 	 4.181763 	 -0.010578 	 -0.009857
11.927403 	 4.161255 	 0.030509 	 0.035797
11.970909 	 4.185059 	 0.000799 	 0.042023
12.018494 	 4.283203 	 -0.019920 	 0.010162
12.065172 	 4.143127 	 -0.003217 	 0.004761
12.111397 	 4.189301 	 0.006935 	 0.020996
12.158075 	 4.174347 	 -0.020389 	 0.003815
12.202940 	 4.186554 	 -0.002376 	 0.004303
12.250525 	 4.180115 	 0.010099 	 0.024750
12.294031 	 4.229004 	 0.012378 	 0.041016
12.342522 	 4.220520 	 0.011771 	 0.048615
12.392372 	 4.195435 	 0.012059 	 0.053589
12.435878 	 4.290222 	 -0.000298 	 0.041565
12.483463 	 4.280701 	 0.015073 	 0.047577
12.531047 	 4.138428 	 0.005145 	 0.046173
12.572740 	 4.111633 	 -0.008991 	 0.026306
12.620778 	 4.076447 	 -0.019303 	 0.000854
12.667003 	 4.149200 	 -0.000053 	 0.004639
12.714134 	 4.217896 	 0.003771 	 0.019226
12.759000 	 4.240143 	 0.001843 	 0.025024
12.806131 	 4.254211 	 0.001534 	 0.026123
12.855981 	 4.219666 	 -0.006029 	 0.019043
12.897221 	 4.115051 	 -0.015659 	 -0.000427
12.944353 	 4.199463 	 0.012964 	 0.017914
12.991484 	 4.209534 	 0.011398 	 0.038666
13.040428 	 4.166199 	 0.019324 	 0.054749
13.083028 	 4.172882 	 0.008149 	 0.054596
13.131065 	 4.134613 	 0.007542 	 0.049286
13.179103 	 4.166321 	 -0.005230 	 0.032745
13.223969 	 4.178040 	 -0.004645 	 0.020050
13.269287 	 4.295319 	 -0.004932 	 0.015167
13.319138 	 4.217407 	 -0.021689 	 -0.005341
13.361737 	 4.145538 	 -0.028666 	 -0.028900
13.411588 	 4.152527 	 0.009417 	 -0.001892
13.458266 	 4.175354 	 0.016757 	 0.032684
13.505850 	 4.203979 	 0.011739 	 0.045807
13.547090 	 4.285187 	 0.019675 	 0.058990
13.598300 	 4.249268 	 -0.007308 	 0.039185
13.642712 	 4.227509 	 0.012964 	 0.041229
13.687578 	 4.150208 	 -0.028570 	 0.006897
13.736069 	 4.186462 	 -0.004016 	 -0.000702
13.782294 	 4.162933 	 0.018951 	 0.031097
13.826253 	 4.300629 	 0.001278 	 0.036163
13.875197 	 4.263519 	 0.014765 	 0.045593
13.920969 	 4.303741 	 0.018536 	 0.060211
13.967647 	 4.162506 	 0.015936 	 0.064240
14.014778 	 4.218109 	 0.012986 	 0.061798
14.059644 	 4.133209 	 -0.014935 	 0.029999
14.108588 	 4.164520 	 0.033705 	 0.054718
14.152547 	 4.008179 	 0.009992 	 0.062256
14.198772 	 4.073517 	 0.026206 	 0.073242
14.247716 	 4.058380 	 0.019345 	 0.076843
14.293941 	 4.175201 	 -0.023947 	 0.029785
14.339713 	 4.121887 	 0.000256 	 0.014618
14.384578 	 4.065125 	 0.008522 	 0.027954
14.430350 	 4.175262 	 0.016650 	 0.046112
14.477481 	 4.250305 	 0.036294 	 0.078186
14.522800 	 4.210602 	 0.016011 	 0.079803
14.571744 	 4.106323 	 0.016416 	 0.069397
14.615703 	 4.201202 	 -0.001630 	 0.048553
14.662834 	 4.220581 	 -0.011547 	 0.020142
14.709059 	 4.214813 	 0.010493 	 0.027527
14.757550 	 4.211395 	 0.023297 	 0.054291
14.801509 	 4.196350 	 -0.006029 	 0.040283
14.848640 	 4.169556 	 0.010749 	 0.039703
14.896678 	 4.116577 	 0.055916 	 0.093781
14.943356 	 4.159058 	 0.021763 	 0.101410
14.986862 	 4.143097 	 -0.001683 	 0.065063
15.033994 	 4.280579 	 0.006530 	 0.047028
15.082484 	 4.249725 	 -0.003569 	 0.033051
15.130069 	 4.176544 	 0.028943 	 0.056488
15.173122 	 4.155548 	 0.032246 	 0.084015
15.219347 	 4.291107 	 0.020655 	 0.086029
15.263759 	 4.246277 	 0.002653 	 0.062317
15.312703 	 4.079346 	 -0.009023 	 0.032776
15.357568 	 4.203552 	 0.000320 	 0.025513
15.405153 	 4.160034 	 0.005806 	 0.031036
15.453644 	 4.178528 	 0.009225 	 0.038910
15.498056 	 4.180725 	 0.013422 	 0.048920
15.545641 	 4.133209 	 0.019558 	 0.061951
15.590053 	 4.057465 	 -0.014818 	 0.032928
15.636731 	 4.035645 	 0.014061 	 0.035675
15.686581 	 4.147125 	 0.025897 	 0.061584
15.732353 	 4.127258 	 0.033172 	 0.086060
15.775406 	 4.142273 	 0.001779 	 0.066742
15.826163 	 4.177002 	 -0.012155 	 0.029846
15.867856 	 4.179993 	 -0.003537 	 0.016418
15.914987 	 4.203461 	 0.008575 	 0.028412
15.964384 	 4.072021 	 0.007510 	 0.037415
16.010156 	 4.132446 	 0.014488 	 0.048553
16.057741 	 4.015869 	 -0.009012 	 0.030090
16.103513 	 4.184998 	 0.021241 	 0.045898
16.147925 	 4.111084 	 0.023191 	 0.068573
16.195056 	 4.238586 	 0.027761 	 0.081909
16.240828 	 4.276276 	 0.000735 	 0.062408
16.286600 	 4.152374 	 0.023617 	 0.065674
16.335997 	 4.188477 	 0.010386 	 0.063293
16.381316 	 4.273041 	 0.008149 	 0.053528
16.427087 	 4.259216 	 0.008906 	 0.049377
16.472859 	 4.208374 	 0.015883 	 0.055145
16.519537 	 4.268555 	 0.001172 	 0.045166
16.565309 	 4.178528 	 0.012986 	 0.046875
16.613800 	 4.266449 	 0.012986 	 0.053040
16.659572 	 4.226624 	 -0.004027 	 0.037079
16.703984 	 4.183594 	 0.018621 	 0.047180
16.751115 	 4.246490 	 0.019633 	 0.062653
16.799153 	 4.174377 	 0.010642 	 0.060852
16.844472 	 4.093811 	 0.015478 	 0.059937
16.891603 	 4.086700 	 0.038392 	 0.085358
16.939641 	 4.100220 	 0.032810 	 0.100769
16.984959 	 4.161194 	 0.017012 	 0.088959
17.032997 	 4.162659 	 0.014488 	 0.075287
17.077863 	 4.194000 	 0.019931 	 0.073761
17.125900 	 4.239166 	 0.031819 	 0.087677
17.171219 	 4.210266 	 0.030903 	 0.097168
17.216084 	 4.209412 	 0.017992 	 0.087311
17.264575 	 4.098175 	 0.015862 	 0.075989
17.309894 	 4.196533 	 0.021476 	 0.076172
17.352946 	 4.098267 	 0.013603 	 0.070679
17.401437 	 4.218048 	 0.008149 	 0.059296
17.446303 	 4.130249 	 0.020783 	 0.064545
17.492075 	 4.043152 	 -0.003132 	 0.047150
17.539659 	 4.194427 	 0.010184 	 0.042847
17.588603 	 4.294678 	 0.011025 	 0.048462
17.635735 	 4.080261 	 0.023947 	 0.066162
17.680147 	 4.200714 	 -0.007340 	 0.045593
17.727731 	 4.108398 	 0.012368 	 0.043304
17.772597 	 4.048370 	 0.000447 	 0.037720
17.819275 	 4.123596 	 0.002344 	 0.032410
17.866406 	 4.214630 	 -0.002056 	 0.026367
17.912631 	 4.113708 	 0.003856 	 0.027649
17.958856 	 4.135010 	 0.042802 	 0.071899
18.004175 	 4.143280 	 0.012900 	 0.078033
18.051306 	 4.229309 	 0.013220 	 0.066833
18.097078 	 4.202087 	 -0.005294 	 0.042450
18.142850 	 4.207428 	 0.006179 	 0.035980
18.190887 	 4.273193 	 0.007947 	 0.038574
18.235753 	 4.351349 	 0.020208 	 0.055206
18.286510 	 4.176636 	 0.019675 	 0.067932
18.333188 	 4.235382 	 0.021987 	 0.074341
18.373975 	 4.273071 	 0.023138 	 0.080933
18.422012 	 4.239990 	 0.011569 	 0.069763
18.468690 	 4.155548 	 0.029817 	 0.080566
18.514462 	 4.130402 	 -0.020006 	 0.041290
18.562047 	 4.116241 	 0.010088 	 0.032745
18.610085 	 4.072235 	 0.007989 	 0.040375
18.655856 	 4.082397 	 0.029806 	 0.064911
18.702534 	 4.247345 	 0.043740 	 0.100067
18.744228 	 4.239014 	 0.005763 	 0.081604
18.796797 	 4.133209 	 -0.012133 	 0.037994
18.839850 	 4.269592 	 0.029561 	 0.056000
18.887434 	 4.112244 	 0.014030 	 0.068054
18.931847 	 4.156128 	 0.052326 	 0.103302
18.981697 	 4.052643 	 0.027186 	 0.109283
19.027469 	 4.118988 	 0.029795 	 0.104858
19.069615 	 4.179077 	 0.002333 	 0.074646
19.116747 	 4.164307 	 0.042930 	 0.091583
19.164331 	 4.232544 	 0.013135 	 0.085602
19.215088 	 4.235352 	 0.006285 	 0.062805
19.257687 	 4.195374 	 -0.005103 	 0.037445
19.304366 	 4.166321 	 0.004016 	 0.031738
19.350137 	 4.179657 	 0.027175 	 0.057312
19.398628 	 4.237457 	 0.019335 	 0.070435
19.442587 	 4.169800 	 0.004517 	 0.057343
19.491985 	 4.077423 	 0.015095 	 0.057037
19.538210 	 4.147522 	 0.022530 	 0.068451
19.583075 	 4.094208 	 0.005284 	 0.056335
19.627940 	 4.216248 	 0.005550 	 0.046295
19.674165 	 4.099854 	 0.002770 	 0.038910
19.723563 	 4.240021 	 0.028911 	 0.061432
19.767975 	 4.225128 	 0.032874 	 0.086517
19.816919 	 4.146332 	 0.048608 	 0.115997
19.861784 	 4.170105 	 0.034206 	 0.119965
19.904837 	 4.072723 	 0.043740 	 0.126221
19.953781 	 4.200500 	 0.017364 	 0.106384
20.000006 	 4.186798 	 0.017193 	 0.084839
20.047591 	 4.163269 	 0.005657 	 0.063080
20.092909 	 4.208191 	 0.019377 	 0.064270
20.136868 	 4.096375 	 0.029092 	 0.080811
20.187625 	 4.159271 	 0.024341 	 0.087463
20.230678 	 4.115265 	 0.009673 	 0.072174
20.279169 	 4.155060 	 0.027367 	 0.078461
20.328566 	 4.270538 	 0.013337 	 0.073761
20.370712 	 4.228241 	 -0.009726 	 0.040741
20.416484 	 4.215210 	 0.011952 	 0.038208
20.462709 	 4.157288 	 0.020048 	 0.056641
20.508934 	 4.121368 	 0.017428 	 0.066711
20.556972 	 4.225403 	 0.058462 	 0.110870
20.602744 	 4.073578 	 0.039159 	 0.128571
20.649422 	 4.111389 	 0.029369 	 0.117279
20.697459 	 4.275818 	 0.028379 	 0.107941
20.745950 	 4.241028 	 0.020570 	 0.094482
20.788550 	 4.201233 	 0.022434 	 0.087311
20.835681 	 4.187378 	 0.028965 	 0.091919
20.882359 	 4.160248 	 0.008693 	 0.075653
20.930850 	 4.108978 	 0.023446 	 0.075043
20.977528 	 4.161316 	 0.000000 	 0.056396
21.022847 	 4.114349 	 0.020464 	 0.058502
21.066806 	 4.172333 	 0.023819 	 0.072906
21.111218 	 4.110352 	 0.060571 	 0.118652
21.161069 	 4.118225 	 0.018802 	 0.110657
21.211372 	 4.278229 	 0.001854 	 0.072388
21.256238 	 4.272644 	 -0.012645 	 0.033142
21.300650 	 4.106506 	 -0.009651 	 0.012665
21.347328 	 4.210327 	 -0.022530 	 -0.009766
21.394913 	 4.102356 	 -0.038946 	 -0.041931
21.438872 	 4.171082 	 0.002248 	 -0.019318
21.484190 	 4.117981 	 0.035963 	 0.043945
21.532228 	 4.319122 	 0.021028 	 0.070404
21.578906 	 4.186310 	 0.019452 	 0.073303
21.625131 	 4.061371 	 0.016171 	 0.070038
21.673169 	 4.094818 	 0.019888 	 0.071777
21.718941 	 4.121063 	 0.008075 	 0.061798
21.765619 	 4.075195 	 0.013891 	 0.058014
21.807765 	 4.034119 	 0.009726 	 0.055237
21.859428 	 4.003052 	 0.004186 	 0.046692
21.903387 	 4.091095 	 0.026482 	 0.063263
21.947346 	 3.957123 	 0.032821 	 0.087097
21.999010 	 4.223145 	 0.011292 	 0.076935
22.042062 	 4.188293 	 0.034099 	 0.087982
22.089647 	 3.999268 	 0.005699 	 0.072113
22.137231 	 4.187256 	 0.027548 	 0.075623
22.180284 	 4.177368 	 0.034142 	 0.094208
22.227869 	 4.000183 	 0.024778 	 0.096069
22.274547 	 4.112000 	 0.055884 	 0.125031
22.323491 	 4.189850 	 0.038797 	 0.132263
22.367450 	 4.187256 	 0.029817 	 0.118988
22.414128 	 4.074371 	 -0.000778 	 0.077637
22.458540 	 4.072662 	 -0.020879 	 0.025391
22.508391 	 4.161560 	 0.021795 	 0.038666
22.551897 	 4.195435 	 0.000639 	 0.041229
22.599028 	 4.252197 	 0.017225 	 0.049988
22.646613 	 4.255554 	 0.019388 	 0.062988
22.690118 	 4.141479 	 0.018685 	 0.068451
22.738609 	 4.152985 	 0.009971 	 0.062073
22.783022 	 4.320648 	 0.019473 	 0.065125
22.831966 	 4.283600 	 0.026557 	 0.077515
22.880910 	 4.165283 	 0.050888 	 0.112335
22.925322 	 4.193939 	 0.021305 	 0.107056
22.971547 	 4.178558 	 0.017012 	 0.089203
23.018225 	 4.124420 	 0.028368 	 0.088409
23.063997 	 4.196503 	 0.050973 	 0.118042
23.112035 	 4.175323 	 0.031021 	 0.118896
23.155994 	 4.207672 	 0.054009 	 0.135254
23.202672 	 4.148010 	 -0.022285 	 0.073334
23.251616 	 4.117096 	 0.014871 	 0.050293
23.295575 	 4.271088 	 -0.010365 	 0.031403
23.344066 	 4.181183 	 0.018887 	 0.043304
23.388478 	 4.297089 	 0.013508 	 0.054321
23.439235 	 4.171082 	 0.008053 	 0.051453
23.482288 	 4.166382 	 -0.005081 	 0.033447
23.527153 	 4.277435 	 -0.013145 	 0.011780
23.572925 	 4.144196 	 -0.022488 	 -0.011688
23.620056 	 4.144409 	 -0.017161 	 -0.018372
23.668547 	 4.163269 	 0.011878 	 0.009705
23.712053 	 4.267426 	 0.046552 	 0.072388
23.762357 	 4.206360 	 0.039628 	 0.106598
23.809035 	 4.204193 	 0.032054 	 0.110046
23.854807 	 4.202515 	 0.050440 	 0.127655
23.900125 	 4.191071 	 0.035164 	 0.127869
23.945444 	 4.184265 	 0.018898 	 0.104645
23.991216 	 4.200958 	 0.046531 	 0.115692
24.034268 	 4.223297 	 0.014871 	 0.100525
24.084119 	 4.150543 	 0.010141 	 0.074158
24.130344 	 4.180084 	 0.029945 	 0.080658
24.177475 	 4.191071 	 0.037529 	 0.100220
24.223247 	 4.141235 	 0.032618 	 0.107880
24.269472 	 4.155487 	 0.016416 	 0.092224
24.318869 	 4.212189 	 0.029774 	 0.091766
24.365094 	 4.219238 	 0.007638 	 0.074158
24.409053 	 4.197388 	 0.016437 	 0.066437
24.457544 	 4.244202 	 0.024948 	 0.076019
24.502409 	 4.203888 	 0.056747 	 0.116882
24.549994 	 4.148224 	 0.030552 	 0.120331
24.592140 	 4.157104 	 0.008554 	 0.087067
24.642897 	 4.025055 	 0.021412 	 0.077911
24.689122 	 4.201019 	 0.054318 	 0.113556
24.735347 	 4.054291 	 0.041684 	 0.129944
24.780666 	 4.157288 	 0.024948 	 0.113678
24.827344 	 4.106445 	 0.017247 	 0.091278
24.871303 	 4.141754 	 0.016906 	 0.078644
24.918434 	 4.179932 	 0.032746 	 0.089691
24.966019 	 4.175079 	 0.032608 	 0.101166
25.012697 	 4.092194 	 0.015042 	 0.087158
25.059828 	 4.176392 	 0.028741 	 0.086823
25.107413 	 4.133453 	 0.024277 	 0.089081
25.152278 	 4.162720 	 0.030957 	 0.095764
25.199409 	 4.159943 	 0.001310 	 0.070190
25.245181 	 4.086517 	 0.022466 	 0.068176
25.291406 	 4.162354 	 0.009566 	 0.061981
25.340350 	 4.119171 	 0.038360 	 0.084503
25.383856 	 4.147278 	 0.032427 	 0.101410
25.429628 	 4.236389 	 0.048288 	 0.122559
25.477666 	 4.120544 	 -0.002972 	 0.085785
25.522531 	 4.275604 	 0.011814 	 0.062164
25.568756 	 4.216919 	 0.030328 	 0.077881
25.617247 	 4.181549 	 0.018493 	 0.079285
25.663925 	 4.126617 	 0.025321 	 0.082581
25.709697 	 4.194672 	 -0.007318 	 0.053284
25.754562 	 4.280090 	 -0.007681 	 0.025299
25.801694 	 4.261017 	 -0.009033 	 0.011902
25.848372 	 4.158691 	 -0.005539 	 0.008514
25.893690 	 4.097656 	 0.031340 	 0.046692
25.942635 	 4.277100 	 0.014040 	 0.062988
25.989766 	 4.246155 	 0.006637 	 0.052368
26.034631 	 4.166443 	 0.036059 	 0.076996
26.079497 	 4.119385 	 0.023361 	 0.087433
26.128441 	 4.087372 	 0.006381 	 0.067078
26.173759 	 4.142761 	 0.016586 	 0.062836
26.218172 	 4.170593 	 0.037817 	 0.088348
26.266663 	 4.141357 	 0.029561 	 0.099121
26.313794 	 4.184021 	 0.024757 	 0.095490
26.359113 	 4.215118 	 0.017055 	 0.084381
26.408057 	 4.097534 	 0.008703 	 0.065887
26.453375 	 4.109192 	 0.005752 	 0.051636
26.500960 	 4.252472 	 -0.005593 	 0.032043
26.544466 	 4.119415 	 0.042280 	 0.068146
26.589784 	 4.136047 	 0.021060 	 0.084198
26.639182 	 4.175293 	 0.009982 	 0.070099
26.685406 	 4.066345 	 0.030797 	 0.081757
26.728912 	 4.237427 	 0.038658 	 0.102966
26.777856 	 4.219269 	 0.028901 	 0.105621
26.823175 	 4.175415 	 0.022083 	 0.095367
26.871213 	 4.265411 	 0.024938 	 0.090729
26.915172 	 4.176697 	 0.037774 	 0.103546
26.963210 	 4.160004 	 0.058685 	 0.136444
27.010341 	 4.042297 	 0.035292 	 0.135681
27.055659 	 4.182526 	 0.026930 	 0.115906
27.105057 	 4.093292 	 0.029891 	 0.107422
27.150829 	 4.156219 	 0.041737 	 0.117737
27.194788 	 4.168549 	 0.038808 	 0.123383
27.240106 	 4.208160 	 0.001033 	 0.085754
27.289503 	 4.221680 	 0.026429 	 0.080231
27.333463 	 4.216370 	 0.019345 	 0.080505
27.380141 	 4.237427 	 0.005135 	 0.062073
27.425912 	 4.267517 	 0.023936 	 0.067474
27.471684 	 4.164185 	 0.051559 	 0.106995
27.520628 	 4.175446 	 0.027377 	 0.110199
27.566400 	 4.278564 	 0.024927 	 0.099701
27.613985 	 4.215546 	 -0.000053 	 0.067383
27.658397 	 4.186066 	 -0.001268 	 0.041962
27.705528 	 4.098145 	 0.006477 	 0.038025
27.751300 	 4.109314 	 0.020442 	 0.053711
27.797072 	 4.293945 	 0.013870 	 0.060364
27.843750 	 4.098389 	 0.031564 	 0.078278
27.891335 	 4.197205 	 0.026557 	 0.089813
27.938466 	 4.131714 	 0.013955 	 0.077148
27.981065 	 4.146088 	 0.055095 	 0.111420
28.032275 	 4.120728 	 0.032288 	 0.119476
28.076234 	 4.184143 	 0.028261 	 0.108917
28.121553 	 4.134735 	 0.018898 	 0.092743
28.168231 	 4.197205 	 0.007670 	 0.070557
28.216722 	 4.102234 	 0.039191 	 0.088928
28.261134 	 4.206177 	 0.011974 	 0.081360
28.310532 	 4.158234 	 0.030797 	 0.086517
28.356303 	 4.059418 	 0.001395 	 0.065216
28.403888 	 4.220367 	 0.024576 	 0.067383
28.447847 	 4.279449 	 0.019761 	 0.078186
28.494072 	 4.172516 	 0.013944 	 0.070068
28.541203 	 4.147217 	 0.024522 	 0.076233
28.587428 	 4.193451 	 0.012378 	 0.070007
28.630934 	 4.319061 	 -0.012655 	 0.036224
28.678519 	 4.210388 	 -0.000096 	 0.024292
28.725197 	 4.292297 	 0.036155 	 0.061401
28.771422 	 4.308289 	 0.028762 	 0.085785
28.815834 	 4.186646 	 0.006807 	 0.070160
28.866591 	 4.132477 	 0.033503 	 0.082245
28.909190 	 4.155396 	 0.024576 	 0.089081
28.955415 	 4.166016 	 0.007489 	 0.070770
29.003906 	 4.205292 	 0.001140 	 0.048676
29.049225 	 4.095154 	 0.019675 	 0.055145
29.097263 	 4.101105 	 0.023415 	 0.070007
29.145300 	 4.080200 	 0.000415 	 0.054749
29.190166 	 4.080170 	 0.031564 	 0.069977
29.236844 	 4.072388 	 0.004730 	 0.062347
29.283069 	 4.112152 	 0.026174 	 0.069672
29.331560 	 4.198364 	 0.040001 	 0.096466
29.374612 	 4.216187 	 0.040033 	 0.114594
29.425369 	 4.226288 	 0.041077 	 0.123779
29.469781 	 4.210419 	 0.017076 	 0.103485
29.515553 	 4.175262 	 0.005848 	 0.071655
29.563591 	 4.187286 	 0.017833 	 0.065735
29.608456 	 4.178436 	 0.025758 	 0.077026
29.654228 	 4.114777 	 0.036166 	 0.097870
29.700000 	 4.128387 	 0.030733 	 0.104706
29.748038 	 4.181213 	 -0.009342 	 0.062744
29.792450 	 4.155273 	 0.013699 	 0.051514
29.840488 	 4.145477 	 0.014988 	 0.057892
29.887166 	 4.126160 	 0.037284 	 0.083710
29.933391 	 4.077118 	 0.038477 	 0.105286
29.979616 	 4.065247 	 0.044880 	 0.123932
30.028107 	 4.246094 	 0.020634 	 0.107727
30.070253 	 4.157196 	 0.016437 	 0.087402
30.120103 	 4.250397 	 -0.016384 	 0.042664
30.168594 	 4.177185 	 0.025545 	 0.052612
30.210741 	 4.219299 	 0.030733 	 0.078552
30.257872 	 4.155365 	 0.022956 	 0.085693
30.302737 	 4.133392 	 0.021753 	 0.083527
30.350775 	 4.207550 	 0.023766 	 0.084686
30.395641 	 4.233459 	 0.031052 	 0.092560
30.444131 	 4.153351 	 0.034525 	 0.104065
30.491716 	 4.083313 	 0.024448 	 0.098755
30.536128 	 4.155334 	 0.050845 	 0.119049
30.586885 	 4.066345 	 0.029242 	 0.117340
30.629485 	 4.125214 	 0.008533 	 0.086304
30.674803 	 4.165466 	 0.027910 	 0.084473
30.719669 	 4.287018 	 0.026664 	 0.091339
30.765440 	 4.238708 	 0.015478 	 0.081482
30.814838 	 4.193970 	 0.026482 	 0.083923
30.861516 	 4.118195 	 0.002567 	 0.064667
30.907288 	 4.131500 	 0.014030 	 0.057709
30.953513 	 4.268646 	 0.016554 	 0.062164
30.998831 	 4.095215 	 0.022094 	 0.070801
31.047322 	 4.186310 	 0.044155 	 0.100189
31.093094 	 4.177277 	 0.026972 	 0.104462
31.142491 	 4.092468 	 0.014999 	 0.086700
31.189169 	 4.113434 	 0.034493 	 0.094452
31.232675 	 3.982513 	 0.027857 	 0.098602
31.280260 	 4.200317 	 0.057013 	 0.128143
31.326031 	 4.219330 	 0.033577 	 0.130066
31.371350 	 4.270233 	 0.043644 	 0.130737
31.418935 	 4.196930 	 0.033428 	 0.126251
31.463800 	 4.188965 	 0.031511 	 0.115723
31.512291 	 4.176971 	 -0.004112 	 0.072357
31.556703 	 4.209351 	 -0.019196 	 0.023071
31.604741 	 4.216675 	 0.012474 	 0.028351
31.652779 	 4.215820 	 0.001097 	 0.032593
31.695378 	 4.260254 	 0.020027 	 0.049438
31.745682 	 4.129852 	 0.002834 	 0.048370
31.790547 	 4.193542 	 0.024203 	 0.060242
31.834506 	 4.206512 	 0.027601 	 0.080597
31.883450 	 4.176575 	 0.055394 	 0.118317
31.928769 	 4.051270 	 0.035228 	 0.126129
31.975900 	 4.190216 	 0.032661 	 0.117920
32.023032 	 4.222137 	 0.039585 	 0.121002
32.067444 	 4.177612 	 0.041151 	 0.127319
32.111856 	 4.159912 	 0.049482 	 0.138947
32.162160 	 4.228760 	 0.007254 	 0.102783
32.208838 	 4.267242 	 0.020272 	 0.083069
32.254156 	 4.263733 	 0.040054 	 0.100311
32.299928 	 4.179138 	 0.035058 	 0.111267
32.346606 	 4.279205 	 0.057897 	 0.137329
32.394644 	 4.131195 	 0.009555 	 0.108887
32.440416 	 4.210541 	 0.016544 	 0.082123
32.485281 	 4.186249 	 0.019121 	 0.076172
32.534225 	 4.174042 	 0.019143 	 0.074829
32.581357 	 4.118622 	 0.016384 	 0.070648
32.626222 	 4.168182 	 0.012325 	 0.064270
32.671994 	 4.124908 	 0.022126 	 0.070129
32.721391 	 4.135742 	 0.021327 	 0.076050
32.762631 	 4.153046 	 0.024320 	 0.082825
32.812482 	 4.035461 	 0.013369 	 0.074799
32.859613 	 4.121429 	 0.030477 	 0.083099
32.902666 	 4.169525 	 0.015478 	 0.078949
32.949344 	 4.056244 	 0.002642 	 0.056946
32.997382 	 4.232239 	 0.037124 	 0.078186
33.044060 	 4.138306 	 0.005124 	 0.069519
33.090738 	 4.124359 	 0.000277 	 0.046234
33.136510 	 4.116302 	 0.047479 	 0.084137
33.181828 	 4.118317 	 0.018940 	 0.090668
33.230319 	 4.179962 	 0.021944 	 0.082794
33.275185 	 4.162781 	 0.021550 	 0.082245
33.317784 	 4.214478 	 0.021199 	 0.080719
33.366728 	 4.101196 	 0.019228 	 0.078705
33.415219 	 4.038361 	 0.006296 	 0.062866
33.461444 	 4.162476 	 0.043207 	 0.088074
33.503590 	 4.052490 	 0.022956 	 0.094055
33.553894 	 4.096344 	 0.021316 	 0.086426
33.599666 	 4.146149 	 0.002663 	 0.063690
33.645438 	 4.255554 	 -0.015553 	 0.026825
33.693929 	 4.203644 	 0.029902 	 0.049408
33.740154 	 4.187225 	 0.029444 	 0.078339
33.785472 	 4.087616 	 0.033865 	 0.095764
33.833510 	 4.388000 	 0.015553 	 0.085846
33.880188 	 4.266022 	 -0.000043 	 0.057007
33.927773 	 4.151093 	 0.006466 	 0.044434
33.973091 	 4.083252 	 0.023383 	 0.059845
34.017050 	 4.166534 	 0.042536 	 0.093994
34.065541 	 4.195587 	 0.022285 	 0.095795
34.109953 	 4.298645 	 0.042770 	 0.109375
34.157085 	 4.155518 	 0.014946 	 0.095093
34.205122 	 4.165619 	 0.026344 	 0.089386
34.250441 	 4.076477 	 0.025289 	 0.089874
34.295306 	 4.137268 	 0.047990 	 0.114502
34.342891 	 4.090149 	 0.019548 	 0.104401
34.390022 	 4.047211 	 0.031873 	 0.100037
34.435794 	 4.088165 	 0.042206 	 0.115051
34.484285 	 4.122894 	 0.034291 	 0.117676
34.527791 	 4.270172 	 0.024405 	 0.105530
34.576282 	 4.284210 	 0.027580 	 0.101562
34.622054 	 4.152649 	 0.024075 	 0.093781
34.667825 	 4.270203 	 0.013944 	 0.080017
34.710878 	 4.113068 	 0.025545 	 0.081604
34.762541 	 4.218018 	 0.016203 	 0.076965
34.807407 	 4.181824 	 0.059527 	 0.116302
34.853632 	 4.237244 	 0.015947 	 0.108307
34.900310 	 4.136414 	 0.047298 	 0.117615
34.946535 	 4.287262 	 0.027100 	 0.113281
34.987775 	 4.221985 	 0.031585 	 0.107605
35.039438 	 4.197327 	 0.036230 	 0.112549
35.083850 	 4.192200 	 0.012613 	 0.091644
35.132341 	 4.201385 	 0.032448 	 0.094208
35.178566 	 4.208221 	 0.023361 	 0.093811
35.226604 	 4.004852 	 0.027601 	 0.093933
35.269203 	 3.947937 	 0.018855 	 0.086761
35.317241 	 4.175385 	 0.036965 	 0.098969
35.362560 	 4.031860 	 0.043942 	 0.120300
35.410597 	 4.174377 	 0.051058 	 0.138763
35.457729 	 4.227509 	 0.029572 	 0.126648
35.505313 	 4.171875 	 0.021795 	 0.103455
35.549725 	 4.198792 	 0.015393 	 0.084412
35.594138 	 4.283539 	 0.047021 	 0.106293
35.644441 	 4.132904 	 0.038552 	 0.120605
35.687947 	 4.262421 	 0.032704 	 0.116608
35.733266 	 4.261566 	 0.017950 	 0.097229
35.783116 	 4.148926 	 0.018813 	 0.083313
35.829794 	 4.099426 	 0.036411 	 0.095978
35.875566 	 4.228271 	 0.033684 	 0.106140
35.920885 	 4.143494 	 0.013081 	 0.088287
35.966656 	 4.262543 	 0.009342 	 0.068085
36.013788 	 4.118713 	 0.025907 	 0.074860
36.061372 	 4.186401 	 0.023116 	 0.081543
36.104425 	 4.113953 	 0.031340 	 0.092377
36.153822 	 4.110992 	 0.027857 	 0.096649
36.197781 	 4.186920 	 0.023947 	 0.092834
36.244006 	 4.186890 	 0.008064 	 0.072754
36.289325 	 4.250214 	 0.056044 	 0.107513
36.337363 	 4.267426 	 0.015702 	 0.102417
36.384041 	 4.240265 	 0.010695 	 0.075836
36.432985 	 4.141785 	 0.007116 	 0.057770
36.474678 	 4.161621 	 -0.015990 	 0.024475
36.522263 	 4.209564 	 0.018131 	 0.036041
36.570300 	 4.119293 	 0.008735 	 0.045532
36.613806 	 4.178894 	 -0.007468 	 0.027954
36.665016 	 4.164276 	 0.023361 	 0.046997
36.710788 	 4.174561 	 0.022200 	 0.067047
36.753841 	 4.213531 	 0.024863 	 0.079498
36.802332 	 4.326385 	 0.034781 	 0.095520
36.847650 	 4.167389 	 0.021508 	 0.092560
36.897501 	 4.136383 	 0.030669 	 0.095367
36.941460 	 4.166504 	 0.004730 	 0.073456
36.984512 	 4.115173 	 -0.002898 	 0.043762
37.035722 	 4.279541 	 0.002205 	 0.033905
37.085120 	 4.223297 	 0.038690 	 0.069397
37.127719 	 4.199188 	 0.027505 	 0.089478
37.174850 	 4.244843 	 0.006083 	 0.070557
37.218810 	 4.145477 	 0.000043 	 0.046936
37.268660 	 4.033081 	 0.019952 	 0.054413
37.312166 	 4.042847 	 0.012091 	 0.058838
37.359750 	 4.076294 	 0.003696 	 0.048248
37.403709 	 4.147583 	 0.015127 	 0.051941
37.454013 	 4.194885 	 0.020165 	 0.063812
37.496613 	 4.205627 	 0.009843 	 0.059326
37.543744 	 4.183533 	 0.002280 	 0.045258
37.594048 	 4.222534 	 0.038094 	 0.074615
37.639366 	 4.216370 	 0.051974 	 0.117371
37.686951 	 4.148682 	 0.015127 	 0.102600
37.731363 	 4.144440 	 0.037188 	 0.103210
37.775775 	 4.057373 	 0.050046 	 0.126770
37.824266 	 4.166321 	 0.019643 	 0.112152
37.872757 	 4.120575 	 0.044560 	 0.117065
37.918982 	 4.190094 	 0.018972 	 0.104004
37.963394 	 4.236237 	 0.031468 	 0.100098
38.007353 	 4.196411 	 0.011089 	 0.083160
38.053578 	 4.206421 	 -0.008171 	 0.046051
38.102522 	 4.189392 	 0.013508 	 0.043823
38.147841 	 4.286896 	 -0.004932 	 0.033295
38.193613 	 4.213257 	 0.020368 	 0.046722
38.241197 	 4.292480 	 -0.005870 	 0.036438
38.288329 	 4.298431 	 0.022520 	 0.050720
38.335007 	 4.296570 	 0.055426 	 0.103638
38.377606 	 4.237549 	 0.013145 	 0.096161
38.425191 	 4.158112 	 0.018386 	 0.080414
38.477760 	 4.215302 	 0.012773 	 0.069183
38.522626 	 4.233459 	 0.021391 	 0.070435
38.565678 	 4.174164 	 0.032171 	 0.086426
38.613716 	 4.208313 	 0.001119 	 0.066315
38.658582 	 4.208160 	 0.025343 	 0.068878
38.705260 	 4.277496 	 0.032618 	 0.088898
38.751485 	 4.196899 	 -0.012677 	 0.054108
38.799069 	 4.280365 	 0.014914 	 0.045563
38.844388 	 4.257568 	 0.013667 	 0.054138
38.890613 	 4.175415 	 0.019356 	 0.063751
38.937744 	 4.136230 	 0.029806 	 0.080353
38.983063 	 4.231354 	 0.052933 	 0.116669
39.030647 	 4.251587 	 0.009705 	 0.097687
39.076872 	 4.259277 	 -0.001587 	 0.058014
39.123550 	 4.264282 	 0.013646 	 0.051941
39.170229 	 4.222412 	 0.020400 	 0.063293
39.212828 	 4.179779 	 0.039575 	 0.092163
39.261772 	 4.078003 	 0.052635 	 0.125488
39.307997 	 4.127411 	 0.028698 	 0.120544
39.355582 	 4.130280 	 0.043974 	 0.124390
39.403166 	 4.072510 	 0.041194 	 0.129578
39.448938 	 4.044220 	 -0.001406 	 0.086609
39.491537 	 4.114990 	 0.022466 	 0.073853
39.540935 	 4.148865 	 0.008661 	 0.064331
39.586253 	 4.218475 	 0.035069 	 0.082062
39.633385 	 4.144714 	 0.051303 	 0.118591
39.680063 	 4.250305 	 0.044134 	 0.133911
39.725381 	 4.144562 	 0.033449 	 0.126648
39.771606 	 4.197052 	 0.018994 	 0.103333
39.820551 	 4.118713 	 0.022008 	 0.090332
39.864510 	 4.092621 	 0.038190 	 0.102722
39.912094 	 4.062561 	 0.024309 	 0.100555
39.959225 	 4.137329 	 0.025481 	 0.094635
40.003185 	 4.174530 	 0.033801 	 0.100861
40.051222 	 4.203339 	 0.017161 	 0.090729
40.097900 	 4.169159 	 -0.000490 	 0.059753
40.145032 	 4.105988 	 0.026440 	 0.066833
40.188991 	 4.248199 	 0.062883 	 0.120056
40.238841 	 4.316589 	 0.060922 	 0.157013
40.281894 	 4.225372 	 0.060187 	 0.170471
40.329478 	 4.316498 	 0.014999 	 0.129608
40.376610 	 4.148376 	 0.037987 	 0.116180
40.422382 	 4.109711 	 0.027825 	 0.110138
40.468153 	 4.345398 	 0.009225 	 0.083405
40.517097 	 4.032440 	 0.015510 	 0.070648
40.561057 	 4.094818 	 0.011516 	 0.062439
40.607735 	 4.224213 	 0.046009 	 0.094116
40.654413 	 4.211060 	 0.037955 	 0.114655
40.701997 	 4.123322 	 0.036997 	 0.118683
40.745050 	 4.203461 	 0.035697 	 0.119019
40.793088 	 4.206207 	 0.046350 	 0.130005
40.840219 	 4.230530 	 0.029646 	 0.121185
40.885085 	 4.109070 	 -0.006147 	 0.072174
40.931763 	 4.220398 	 0.033140 	 0.077271
40.979347 	 4.148499 	 0.053029 	 0.117371

 Z Turning Point (V) = 0.680084 
 Turning Time Delay (ms) = 0 
 SEN (V) =  
 App. Driving Voltage (mVrms) = 0.005000 
 App. Vias. Voltage (V) = 0.000000 
 App. Del Z (Bit) = -10 
 App. Delay Time (ms) = 100 
 App. Velocity (nm/s) = -0.453193 
 Ret. Driving Voltage (mVrms) = 0.005000 
 Ret. Vias. Voltage (V) = 0.000000 
 Ret. Del Z (Bit) = -10 
 Ret. Delay Time (ms) = 100 
 Ret. Velocity (nm/s) = -0.453193 
  
 Data Array Size = 2059 
 Frequency (Hz) = sen.
 
