7.468053 	 7.217316 	 0.001587 	 0.029846
7.423640 	 7.221558 	 0.002194 	 0.030365
7.377415 	 7.214447 	 0.002184 	 0.029846
7.333003 	 7.209259 	 0.000991 	 0.029175
7.285872 	 7.212250 	 0.002887 	 0.028412
7.244632 	 7.216644 	 0.002684 	 0.031189
7.190703 	 7.213165 	 0.002557 	 0.031464
7.145837 	 7.216248 	 0.003100 	 0.031281
7.100972 	 7.216125 	 0.002216 	 0.030457
7.052028 	 7.222290 	 0.002759 	 0.030731
7.005803 	 7.218262 	 0.001033 	 0.030457
6.958672 	 7.222565 	 0.002535 	 0.029144
6.911993 	 7.210236 	 0.000671 	 0.028229
6.867128 	 7.211273 	 0.001342 	 0.029297
6.823622 	 7.218506 	 0.002812 	 0.028961
6.775131 	 7.229279 	 0.001172 	 0.029144
6.730266 	 7.212677 	 0.004155 	 0.030975
6.680869 	 7.212463 	 0.001385 	 0.029541
6.635097 	 7.205353 	 0.001182 	 0.026733
6.587512 	 7.222260 	 0.001406 	 0.028137
6.542647 	 7.207184 	 0.001481 	 0.024872
6.495969 	 7.213226 	 0.003100 	 0.027985
6.448837 	 7.223267 	 0.001023 	 0.029358
6.402159 	 7.221283 	 0.002035 	 0.025940
6.355481 	 7.222168 	 0.001161 	 0.027740
6.311975 	 7.212463 	 0.001672 	 0.027802
6.263031 	 7.222321 	 0.002791 	 0.027161
6.219072 	 7.212555 	 0.003111 	 0.030884
6.172847 	 7.214355 	 -0.000320 	 0.028656
6.124809 	 7.219299 	 0.001182 	 0.026672
6.077225 	 7.219940 	 0.002344 	 0.028564
6.031000 	 7.202545 	 0.002258 	 0.029083
5.989760 	 7.220154 	 -0.000181 	 0.026398
5.939003 	 7.215149 	 0.003111 	 0.028625
5.890965 	 7.219940 	 0.001182 	 0.028748
5.846553 	 7.222321 	 0.000330 	 0.028717
5.799422 	 7.219330 	 0.001662 	 0.028046
5.753650 	 7.210388 	 0.001459 	 0.027802
5.707878 	 7.214539 	 0.001598 	 0.027283
5.659387 	 7.209442 	 0.002631 	 0.029816
5.614522 	 7.224213 	 0.001555 	 0.030640
5.566937 	 7.229218 	 0.002301 	 0.030334
5.520259 	 7.217102 	 0.001108 	 0.029480
5.471768 	 7.221283 	 0.001214 	 0.029388
5.426903 	 7.217926 	 0.003185 	 0.029968
5.382944 	 7.206329 	 0.001406 	 0.029602
5.335359 	 7.216492 	 0.000085 	 0.028625
5.287775 	 7.209076 	 0.002599 	 0.028473
5.246082 	 7.222412 	 0.002173 	 0.028717
5.194872 	 7.228485 	 0.000937 	 0.028015
5.147740 	 7.215942 	 0.000629 	 0.026581
5.103781 	 7.215942 	 0.000788 	 0.026947
5.056197 	 7.211273 	 0.001182 	 0.027161
5.013144 	 7.228241 	 0.003558 	 0.029327
4.966466 	 7.219513 	 -0.000181 	 0.025452
4.918428 	 7.210266 	 0.001119 	 0.026886
4.872656 	 7.209473 	 0.002610 	 0.028656
4.825072 	 7.226379 	 0.001577 	 0.027832
4.779300 	 7.211365 	 0.001651 	 0.024933
4.733528 	 7.209290 	 0.003068 	 0.027252
4.683678 	 7.213135 	 0.002290 	 0.028778
4.640172 	 7.229797 	 0.002205 	 0.028931
4.593494 	 7.219604 	 0.002099 	 0.028198
4.545909 	 7.220093 	 0.001119 	 0.028046
4.501044 	 7.219238 	 0.002088 	 0.028839
4.454366 	 7.225372 	 0.002855 	 0.029755
4.409047 	 7.219604 	 0.003100 	 0.030579
4.361009 	 7.216125 	 0.001545 	 0.030121
4.319316 	 7.221100 	 0.001694 	 0.028168
4.268106 	 7.210052 	 0.001065 	 0.028168
4.225960 	 7.212921 	 0.001129 	 0.026062
4.178375 	 7.217041 	 0.002109 	 0.028778
4.128978 	 7.209229 	 0.001598 	 0.027466
4.082300 	 7.213013 	 0.000937 	 0.027283
4.039247 	 7.218536 	 0.002663 	 0.029572
3.992116 	 7.222473 	 0.000980 	 0.026398
3.946797 	 7.218292 	 0.001630 	 0.027130
3.898759 	 7.212250 	 0.001001 	 0.026398
3.854347 	 7.206299 	 0.003313 	 0.032257
3.808575 	 7.205536 	 0.002056 	 0.030304
3.761444 	 7.226227 	 0.001545 	 0.028931
3.714766 	 7.222595 	 0.002226 	 0.029175
3.667181 	 7.212891 	 0.002482 	 0.027008
3.621863 	 7.213135 	 0.001555 	 0.028168
3.572919 	 7.217896 	 0.002162 	 0.029236
3.527147 	 7.217072 	 0.001449 	 0.028656
3.485454 	 7.206940 	 0.003665 	 0.032806
3.436057 	 7.212463 	 0.002621 	 0.032532
3.387566 	 7.145966 	 0.010163 	 0.038635
3.340434 	 7.146423 	 0.009950 	 0.047882
3.294662 	 7.155457 	 0.011132 	 0.051117
3.251157 	 7.144928 	 0.009513 	 0.052002
3.202666 	 7.144073 	 0.012176 	 0.050049
3.155081 	 7.140656 	 0.010994 	 0.051147
3.111122 	 7.134064 	 0.011366 	 0.052094
3.063084 	 7.140472 	 0.011356 	 0.053497
3.018219 	 7.142456 	 0.011590 	 0.054718
2.967915 	 7.139191 	 0.010631 	 0.052094
2.926222 	 7.135895 	 0.011686 	 0.053040
2.875919 	 7.131287 	 0.012293 	 0.056091
2.831506 	 7.122528 	 0.015276 	 0.059296
2.783015 	 7.122986 	 0.015979 	 0.062439
2.736337 	 7.120026 	 0.018173 	 0.068176
2.690112 	 7.137268 	 0.015681 	 0.068359
2.643434 	 7.119568 	 0.015936 	 0.065735
2.599928 	 7.117157 	 0.015883 	 0.065674
2.551891 	 7.138153 	 0.016767 	 0.066010
2.506119 	 7.129059 	 0.015489 	 0.065704
2.459894 	 7.120331 	 0.017907 	 0.068573
2.412309 	 7.116547 	 0.018120 	 0.068756
2.364272 	 7.122375 	 0.019143 	 0.072662
2.318953 	 7.106110 	 0.019217 	 0.074097
2.273634 	 7.115234 	 0.019185 	 0.073944
2.229675 	 7.101501 	 0.020155 	 0.075928
2.184357 	 7.107117 	 0.018344 	 0.073730
2.132693 	 7.106079 	 0.017683 	 0.071198
2.087375 	 7.104370 	 0.019452 	 0.072235
2.041150 	 7.111450 	 0.019111 	 0.073486
1.995831 	 7.103271 	 0.019260 	 0.075684
1.947794 	 7.104248 	 0.019878 	 0.076965
1.902022 	 7.090210 	 0.018919 	 0.075409
1.857610 	 7.082306 	 0.017960 	 0.071838
1.811385 	 7.083405 	 0.018035 	 0.071136
1.763800 	 7.078278 	 0.017662 	 0.071686
1.715309 	 7.083038 	 0.016693 	 0.069458
1.670444 	 7.080658 	 0.021241 	 0.072876
1.623766 	 7.065399 	 0.017960 	 0.073425
1.576634 	 7.081573 	 0.017204 	 0.072357
1.529503 	 7.080231 	 0.016341 	 0.068054
1.485091 	 7.071320 	 0.019313 	 0.070221
1.440225 	 7.061646 	 0.017822 	 0.070526
1.391734 	 7.058350 	 0.017236 	 0.069275
1.345963 	 7.040649 	 0.016650 	 0.069885
1.298378 	 7.041107 	 0.018589 	 0.073090
1.254419 	 7.045959 	 0.021667 	 0.075043
1.205475 	 7.015076 	 0.024789 	 0.082458
1.159250 	 6.988281 	 0.018727 	 0.078705
1.113931 	 7.004211 	 0.017683 	 0.075836
1.067253 	 7.003937 	 0.021007 	 0.076782
1.025560 	 6.976166 	 0.019430 	 0.075989
0.973897 	 6.933838 	 0.022850 	 0.079346
0.927219 	 6.914276 	 0.020826 	 0.079254
0.885526 	 6.837341 	 0.033918 	 0.090485
0.832050 	 6.848175 	 0.029977 	 0.097839
0.786731 	 6.754150 	 0.038584 	 0.109802
0.741866 	 6.713287 	 0.039543 	 0.117859
0.696547 	 6.507935 	 0.053881 	 0.138702
0.651228 	 6.430420 	 0.059740 	 0.158295
0.602737 	 6.385132 	 0.059016 	 0.171204
0.555606 	 6.019135 	 0.085221 	 0.203094
0.508475 	 5.736206 	 0.138623 	 0.282867
0.459984 	 5.561279 	 0.151459 	 0.354126
0.416478 	 5.597900 	 0.124572 	 0.361572
0.373878 	 5.289795 	 0.176067 	 0.410156
0.324934 	 5.139648 	 0.182597 	 0.460052
0.276443 	 4.694519 	 0.228435 	 0.533112
0.232031 	 4.286011 	 0.307552 	 0.664856
0.182181 	 3.878601 	 0.448146 	 0.904907
0.140034 	 3.757629 	 0.508312 	 1.131683
0.090637 	 3.604553 	 0.520861 	 1.268707
0.045772 	 3.325592 	 0.657023 	 1.482056
0.000000 	 3.134766 	 0.785590 	 1.765442
0.045772 	 3.374664 	 0.672661 	 1.823517
0.090184 	 3.498108 	 0.618919 	 1.751648
0.136409 	 3.731689 	 0.529980 	 1.605591
0.186259 	 3.867096 	 0.482586 	 1.456177
0.232938 	 4.078400 	 0.383804 	 1.267914
0.278256 	 4.277313 	 0.343793 	 1.103210
0.325841 	 4.495453 	 0.295323 	 0.962830
0.367987 	 4.626984 	 0.257283 	 0.838531
0.415572 	 4.852417 	 0.236425 	 0.747253
0.469048 	 5.331696 	 0.170123 	 0.626770
0.510287 	 5.410858 	 0.166448 	 0.540924
0.557872 	 5.873901 	 0.092710 	 0.423676
0.603644 	 5.885010 	 0.091858 	 0.341095
0.648056 	 5.977020 	 0.096119 	 0.308441
0.690656 	 5.977600 	 0.102031 	 0.304321
0.744131 	 6.334900 	 0.054936 	 0.250641
0.788997 	 6.445068 	 0.049886 	 0.203796
0.833409 	 6.584290 	 0.045050 	 0.174377
0.882806 	 6.633209 	 0.042280 	 0.156677
0.929485 	 6.739868 	 0.032160 	 0.135712
0.974803 	 6.765900 	 0.037977 	 0.127869
1.022388 	 6.798340 	 0.033705 	 0.123688
1.066347 	 6.876221 	 0.027463 	 0.112732
1.113478 	 6.913879 	 0.024192 	 0.101807
1.160609 	 6.928009 	 0.022339 	 0.094879
1.202756 	 6.951599 	 0.019867 	 0.086029
1.250793 	 6.977295 	 0.022488 	 0.085388
1.299284 	 6.992920 	 0.021209 	 0.083374
1.342790 	 7.001038 	 0.020432 	 0.082214
1.393547 	 7.011566 	 0.026376 	 0.086212
1.439772 	 7.012421 	 0.023340 	 0.089203
1.482825 	 7.012512 	 0.020293 	 0.083649
1.529956 	 7.035156 	 0.020900 	 0.082642
1.578447 	 7.033478 	 0.018365 	 0.079620
1.623312 	 7.048950 	 0.021060 	 0.079010
1.670444 	 7.047577 	 0.022339 	 0.081329
1.714856 	 7.060455 	 0.018440 	 0.079895
1.766519 	 7.047577 	 0.020687 	 0.078033
1.808665 	 7.051025 	 0.021337 	 0.080292
1.853078 	 7.063599 	 0.020410 	 0.078949
1.902475 	 7.058502 	 0.021572 	 0.079254
1.946434 	 7.064392 	 0.020357 	 0.081696
1.997191 	 7.068085 	 0.018046 	 0.077972
2.041150 	 7.074371 	 0.019388 	 0.076752
2.087828 	 7.067932 	 0.019335 	 0.075470
2.135866 	 7.079315 	 0.018759 	 0.076233
2.182997 	 7.066498 	 0.020655 	 0.076904
2.228316 	 7.085052 	 0.020730 	 0.078400
2.274541 	 7.086945 	 0.018408 	 0.075714
2.321672 	 7.075409 	 0.019888 	 0.076263
2.365631 	 7.085999 	 0.021902 	 0.078247
2.412762 	 7.086121 	 0.021369 	 0.081177
2.457628 	 7.080200 	 0.022903 	 0.083160
2.505666 	 7.083099 	 0.019899 	 0.082764
2.555063 	 7.090027 	 0.019100 	 0.077637
2.600381 	 7.088501 	 0.022275 	 0.079926
2.645247 	 7.092163 	 0.022243 	 0.082214
2.689659 	 7.090118 	 0.021401 	 0.081299
2.739056 	 7.094086 	 0.021348 	 0.081482
2.784375 	 7.095917 	 0.019814 	 0.078583
2.829240 	 7.086029 	 0.019899 	 0.078064
2.874106 	 7.106232 	 0.022275 	 0.079926
2.925316 	 7.122223 	 0.018152 	 0.077148
2.970634 	 7.116943 	 0.016906 	 0.074097
3.017313 	 7.111664 	 0.017737 	 0.071228
3.061725 	 7.120056 	 0.016948 	 0.071198
3.108856 	 7.127075 	 0.016927 	 0.067749
3.157347 	 7.125031 	 0.016235 	 0.067963
3.203572 	 7.126556 	 0.016469 	 0.066437
3.249344 	 7.124146 	 0.016789 	 0.068451
3.294209 	 7.117187 	 0.015766 	 0.066406
3.339075 	 7.123688 	 0.015063 	 0.066010
3.387566 	 7.124390 	 0.015340 	 0.064087
3.430618 	 7.117249 	 0.015350 	 0.066589
3.480922 	 7.118408 	 0.016895 	 0.067047
3.528506 	 7.129517 	 0.014317 	 0.068512
3.572012 	 7.126434 	 0.014434 	 0.065857
3.621863 	 7.133392 	 0.013880 	 0.063385
3.668088 	 7.138092 	 0.014754 	 0.064758
3.712500 	 7.136566 	 0.015968 	 0.064270
3.760085 	 7.142303 	 0.014445 	 0.064667
3.806763 	 7.133881 	 0.013859 	 0.061188
3.853894 	 7.131012 	 0.013018 	 0.060364
3.901932 	 7.131287 	 0.014072 	 0.060760
3.941812 	 7.151276 	 0.014669 	 0.062653
3.992569 	 7.141296 	 0.013220 	 0.062256
4.039700 	 7.125519 	 0.013891 	 0.060699
4.088191 	 7.138611 	 0.009800 	 0.056305
4.132603 	 7.139282 	 0.012314 	 0.056183
4.177469 	 7.141998 	 0.013870 	 0.056458
4.220522 	 7.148956 	 0.014051 	 0.060303
4.269466 	 7.141205 	 0.011952 	 0.059021
4.315691 	 7.158142 	 0.011430 	 0.057556
4.365088 	 7.155212 	 0.012591 	 0.056702
4.407234 	 7.149506 	 0.012368 	 0.055756
4.453006 	 7.153961 	 0.013263 	 0.056366
4.500137 	 7.147217 	 0.011963 	 0.055389
4.544096 	 7.160370 	 0.011377 	 0.055298
4.593040 	 7.148468 	 0.012187 	 0.055481
4.640172 	 7.155457 	 0.012389 	 0.055359
4.686850 	 7.152405 	 0.012741 	 0.058777
4.733075 	 7.160645 	 0.013998 	 0.060699
4.778394 	 7.156372 	 0.013124 	 0.061340
4.822353 	 7.172455 	 0.011697 	 0.060760
4.872656 	 7.149475 	 0.010695 	 0.057159
4.917975 	 7.151276 	 0.008831 	 0.052673
4.964653 	 7.164551 	 0.010919 	 0.052704
5.010878 	 7.174652 	 0.011057 	 0.052582
5.058463 	 7.159058 	 0.011824 	 0.054718
5.103328 	 7.170502 	 0.010003 	 0.052490
5.149553 	 7.176361 	 0.010035 	 0.051941
5.199857 	 7.172150 	 0.009577 	 0.050568
5.245175 	 7.174377 	 0.010386 	 0.049927
5.287775 	 7.167542 	 0.009726 	 0.051147
5.334453 	 7.183868 	 0.008970 	 0.049103
5.380678 	 7.177490 	 0.007894 	 0.048279
5.426903 	 7.212708 	 0.002471 	 0.040192
5.476753 	 7.225342 	 0.000959 	 0.033569
5.522978 	 7.210358 	 0.000554 	 0.028320
5.570110 	 7.219299 	 0.000671 	 0.030518
5.612709 	 7.226410 	 0.000352 	 0.026733
5.661200 	 7.229309 	 0.001577 	 0.026825
5.708784 	 7.219666 	 0.000905 	 0.028625
5.752290 	 7.227234 	 0.000959 	 0.026276
5.800781 	 7.206238 	 0.001481 	 0.028870
5.847459 	 7.214783 	 0.001694 	 0.028168
5.893231 	 7.205261 	 0.000905 	 0.027557
5.940363 	 7.209290 	 0.004282 	 0.031006
5.985681 	 7.212036 	 0.001065 	 0.028076
6.032812 	 7.215118 	 0.003015 	 0.033356
6.078584 	 7.212677 	 0.003899 	 0.034485
6.124356 	 7.227356 	 0.002035 	 0.033569
6.166502 	 7.225464 	 0.001055 	 0.030518
6.214540 	 7.216339 	 0.001523 	 0.029846
6.263937 	 7.229950 	 0.001001 	 0.026550
6.310616 	 7.227509 	 -0.000064 	 0.026093
6.358200 	 7.203369 	 0.002525 	 0.026886
6.398987 	 7.211121 	 0.002770 	 0.029327
6.449744 	 7.214233 	 0.000660 	 0.030243
6.498235 	 7.214264 	 0.001502 	 0.028229
6.542647 	 7.216003 	 0.002067 	 0.029144
6.587512 	 7.222473 	 0.002067 	 0.029633
6.638269 	 7.210480 	 0.002727 	 0.028778
6.682681 	 7.213226 	 0.002045 	 0.029358
6.727094 	 7.214539 	 0.001747 	 0.029999
6.776491 	 7.211243 	 0.001172 	 0.028198
6.820903 	 7.216980 	 0.002589 	 0.029205
6.870300 	 7.222260 	 0.001065 	 0.029205
6.913353 	 7.212372 	 0.002802 	 0.028809
6.961844 	 7.219788 	 0.003143 	 0.031097
7.007616 	 7.215729 	 0.003292 	 0.031555
7.051122 	 7.213043 	 0.001992 	 0.031677
7.099612 	 7.210480 	 0.001672 	 0.032135
7.146291 	 7.212952 	 0.001651 	 0.031433
7.193422 	 7.219482 	 0.003111 	 0.029724
7.238287 	 7.218292 	 0.002152 	 0.030762
7.285419 	 7.212555 	 0.002280 	 0.030243
7.333456 	 7.216553 	 0.001609 	 0.028717
7.378775 	 7.224518 	 0.001566 	 0.029236
7.427266 	 7.209198 	 0.001886 	 0.028595
7.469412 	 7.209106 	 0.002631 	 0.030243
7.518810 	 7.225311 	 0.003696 	 0.031952
7.567300 	 7.212433 	 0.000490 	 0.028900
7.608540 	 7.220215 	 0.001747 	 0.028320
7.656125 	 7.224274 	 0.001172 	 0.027496
7.704163 	 7.212646 	 0.000607 	 0.027039
7.749934 	 7.217102 	 0.001108 	 0.028503
7.795706 	 7.223419 	 0.000948 	 0.027283
7.844650 	 7.209991 	 0.002184 	 0.029388

 Z Turning Point (V) = 1.548035 
 Turning Time Delay (ms) = 0 
 SEN (V) =  
 App. Driving Voltage (mVrms) = 0.300000 
 App. Vias. Voltage (V) = 0.000000 
 App. Del Z (Bit) = -10 
 App. Delay Time (ms) = 1000 
 App. Velocity (nm/s) = -0.045319 
 Ret. Driving Voltage (mVrms) = 0.300000 
 Ret. Vias. Voltage (V) = 0.000000 
 Ret. Del Z (Bit) = -10 
 Ret. Delay Time (ms) = 1000 
 Ret. Velocity (nm/s) = -0.045319 
  
 Data Array Size = 331 
 Frequency (Hz) = sen.
 
