12.997375 	 7.180328 	 -0.000224 	 0.023041
12.952057 	 7.187012 	 0.001289 	 0.023590
12.904019 	 7.193054 	 -0.000607 	 0.023590
12.858247 	 7.191376 	 0.000085 	 0.024200
12.809303 	 7.189117 	 0.000000 	 0.023651
12.765344 	 7.183258 	 -0.001172 	 0.023376
12.720932 	 7.187347 	 0.000064 	 0.024048
12.671082 	 7.191284 	 0.000256 	 0.022583
12.624857 	 7.197021 	 0.000884 	 0.023407
12.583163 	 7.198334 	 0.000075 	 0.025299
12.533313 	 7.200287 	 -0.000533 	 0.023499
12.484822 	 7.197357 	 0.000501 	 0.023346
12.438597 	 7.191895 	 -0.001150 	 0.021942
12.396451 	 7.191254 	 0.000138 	 0.023499
12.347960 	 7.188263 	 -0.000160 	 0.022766
12.303548 	 7.193420 	 0.000298 	 0.024231
12.253697 	 7.200562 	 -0.000778 	 0.023041
12.205659 	 7.199127 	 -0.000181 	 0.021484
12.164873 	 7.186096 	 -0.000756 	 0.022614
12.117288 	 7.192200 	 -0.000735 	 0.022003
12.069250 	 7.187256 	 -0.000170 	 0.021790
12.021213 	 7.191284 	 -0.000820 	 0.022217
11.974988 	 7.193787 	 0.000863 	 0.023987
11.932841 	 7.193176 	 0.001704 	 0.025726
11.887976 	 7.186371 	 -0.000447 	 0.026184
11.839032 	 7.182312 	 0.000586 	 0.024872
11.789182 	 7.192963 	 -0.000660 	 0.024170
11.746582 	 7.197571 	 -0.000085 	 0.024841
11.699451 	 7.184143 	 0.001204 	 0.025391
11.654132 	 7.193298 	 0.000948 	 0.026123
11.607907 	 7.192352 	 -0.000703 	 0.024109
11.563042 	 7.193298 	 0.000181 	 0.025452
11.514551 	 7.188324 	 -0.000735 	 0.024231
11.466966 	 7.196075 	 0.000458 	 0.024689
11.423460 	 7.190125 	 0.000778 	 0.023010
11.374063 	 7.196136 	 -0.000202 	 0.024841
11.331010 	 7.189850 	 0.000639 	 0.023895
11.282066 	 7.175140 	 -0.000288 	 0.023712
11.236748 	 7.183136 	 -0.000096 	 0.023132
11.190523 	 7.193695 	 0.001353 	 0.025055
11.147017 	 7.191925 	 0.000842 	 0.025787
11.093088 	 7.185364 	 0.000320 	 0.026581
11.047769 	 7.180359 	 -0.000874 	 0.024689
11.005623 	 7.179291 	 -0.000224 	 0.022919
10.954866 	 7.189270 	 -0.000330 	 0.023865
10.905469 	 7.195221 	 -0.000714 	 0.021912
10.861057 	 7.194122 	 0.000874 	 0.024811
10.818457 	 7.194153 	 0.000309 	 0.024780
10.768607 	 7.198456 	 0.001502 	 0.024689
10.721928 	 7.199005 	 -0.000224 	 0.024719
10.675703 	 7.195068 	 0.000373 	 0.024323
10.631744 	 7.194397 	 -0.000192 	 0.020905
10.583253 	 7.203094 	 0.001843 	 0.023437
10.537935 	 7.197418 	 -0.000064 	 0.024292
10.488538 	 7.196869 	 -0.001204 	 0.024292
10.444579 	 7.187256 	 0.000522 	 0.024597
10.398807 	 7.181549 	 0.000692 	 0.025452
10.354848 	 7.195862 	 0.000937 	 0.027771
10.309076 	 7.191315 	 0.000021 	 0.025513
10.261038 	 7.188782 	 -0.001300 	 0.022461
10.211188 	 7.190369 	 0.000234 	 0.023773
10.167229 	 7.203278 	 0.001065 	 0.024933
10.119191 	 7.190399 	 -0.000149 	 0.022949
10.072966 	 7.193329 	 0.000192 	 0.024719
10.026741 	 7.191559 	 0.000266 	 0.024872
9.983688 	 7.191284 	 -0.001012 	 0.022186
9.934291 	 7.193146 	 -0.000192 	 0.022064
9.889879 	 7.181732 	 -0.000234 	 0.021942
9.842747 	 7.197235 	 0.000703 	 0.024109
9.792444 	 7.193207 	 -0.000032 	 0.023712
9.749844 	 7.190460 	 0.000043 	 0.023224
9.703166 	 7.203125 	 -0.000874 	 0.022675
9.655128 	 7.193512 	 0.000213 	 0.023651
9.609357 	 7.189240 	 -0.000021 	 0.025208
9.562225 	 7.194275 	 -0.000533 	 0.024078
9.518266 	 7.191681 	 0.000160 	 0.025879
9.468416 	 7.195374 	 -0.000192 	 0.023926
9.424004 	 7.188354 	 -0.000160 	 0.023285
9.377779 	 7.191284 	 0.000107 	 0.026062
9.330647 	 7.189148 	 -0.000767 	 0.024628
9.285782 	 7.203369 	 0.000341 	 0.024353
9.236838 	 7.191742 	 -0.000703 	 0.022278
9.190160 	 7.196075 	 -0.001609 	 0.021790
9.142575 	 7.191406 	 -0.002812 	 0.019928
9.098616 	 7.190155 	 -0.000671 	 0.020294
9.051031 	 7.207062 	 0.000107 	 0.021667
9.004353 	 7.194427 	 0.001172 	 0.024994
8.961301 	 7.190277 	 0.001150 	 0.025818
8.911903 	 7.179779 	 -0.000266 	 0.025635
8.868851 	 7.187225 	 -0.000831 	 0.023651
8.820360 	 7.181061 	 -0.000213 	 0.022888
8.773682 	 7.194244 	 0.000724 	 0.024689
8.726550 	 7.207397 	 0.001012 	 0.027191
8.678966 	 7.189911 	 0.000160 	 0.024689
8.636819 	 7.184784 	 -0.001225 	 0.027069
8.591501 	 7.194122 	 -0.000202 	 0.026093
8.542557 	 7.182159 	 -0.000692 	 0.023682
8.493613 	 7.196014 	 0.000085 	 0.024719
8.450560 	 7.190094 	 -0.000234 	 0.022827
8.402975 	 7.199127 	 -0.001001 	 0.021027
8.355391 	 7.191345 	 0.000288 	 0.021759
8.307806 	 7.181183 	 -0.001225 	 0.021881
8.264754 	 7.187164 	 0.000692 	 0.022247
8.216263 	 7.192261 	 -0.000138 	 0.024109
8.170944 	 7.190063 	 -0.000724 	 0.023926
8.125626 	 7.196106 	 -0.000160 	 0.021362
8.077588 	 7.202545 	 -0.000043 	 0.024078
8.033176 	 7.198242 	 0.000831 	 0.025208
7.986497 	 7.198669 	 -0.001055 	 0.022888
7.939819 	 7.200409 	 -0.000810 	 0.023895
7.890875 	 7.191193 	 0.000469 	 0.023041
7.844197 	 7.200012 	 0.000671 	 0.024231
7.800691 	 7.193695 	 -0.000064 	 0.024170
7.751294 	 7.193359 	 0.001140 	 0.025360
7.707788 	 7.194427 	 -0.000202 	 0.025665
7.656578 	 7.191467 	 0.001129 	 0.025055
7.613525 	 7.199371 	 0.000597 	 0.025970
7.568660 	 7.201172 	 0.000288 	 0.027069
7.520169 	 7.193237 	 0.000554 	 0.026825
7.477116 	 7.183044 	 0.000192 	 0.025085
7.426813 	 7.199280 	 -0.000586 	 0.023834
7.381947 	 7.187653 	 0.000980 	 0.025330
7.334816 	 7.195160 	 0.000671 	 0.024200
7.287685 	 7.201477 	 -0.001374 	 0.024078
7.241006 	 7.193604 	 -0.000330 	 0.024750
7.194328 	 7.189758 	 -0.000224 	 0.024658
7.149916 	 7.191956 	 -0.000245 	 0.024750
7.103691 	 7.184601 	 0.001044 	 0.023773
7.061092 	 7.186218 	 -0.000820 	 0.024078
7.011241 	 7.196014 	 0.000362 	 0.024780
6.963657 	 7.187592 	 -0.000053 	 0.023682
6.917432 	 7.186249 	 -0.000096 	 0.023651
6.870753 	 7.184906 	 -0.000767 	 0.021973
6.826341 	 7.192108 	 -0.000138 	 0.022583
6.778304 	 7.190216 	 0.000682 	 0.025208
6.732985 	 7.189026 	 -0.000511 	 0.023132
6.684947 	 7.185211 	 0.001236 	 0.024323
6.639175 	 7.191559 	 0.001033 	 0.025269
6.593857 	 7.191406 	 -0.000916 	 0.024048
6.546725 	 7.195984 	 -0.000714 	 0.022949
6.499141 	 7.192230 	 0.001119 	 0.024994
6.456541 	 7.187531 	 0.000075 	 0.026398
6.408051 	 7.200958 	 0.000682 	 0.025452
6.361826 	 7.188660 	 -0.000415 	 0.024414
6.312881 	 7.177429 	 -0.000277 	 0.023926
6.268016 	 7.186340 	 -0.000043 	 0.023376
6.221791 	 7.181580 	 0.000213 	 0.024658
6.176926 	 7.199921 	 0.000671 	 0.024414
6.127982 	 7.203278 	 0.000671 	 0.025787
6.082663 	 7.190186 	 0.000703 	 0.024261
6.033266 	 7.195465 	 -0.001129 	 0.023468
5.987494 	 7.189209 	 -0.000511 	 0.022278
5.940363 	 7.198669 	 0.001981 	 0.025085
5.897310 	 7.188416 	 -0.000799 	 0.023254
5.849725 	 7.198425 	 0.000224 	 0.024384
5.802594 	 7.200043 	 0.000980 	 0.024139
5.758635 	 7.190491 	 -0.000597 	 0.024200
5.713770 	 7.180817 	 -0.000266 	 0.022675
5.664372 	 7.183411 	 -0.000149 	 0.022858
5.616788 	 7.189331 	 0.000916 	 0.023621
5.574188 	 7.191345 	 -0.000618 	 0.023071
5.523431 	 7.179230 	 -0.000011 	 0.022827
5.478566 	 7.188446 	 0.000618 	 0.020844
5.434154 	 7.199677 	 -0.001268 	 0.021851
5.383397 	 7.195282 	 -0.000138 	 0.021515
5.338078 	 7.199585 	 -0.000692 	 0.022858
5.291853 	 7.188080 	 0.000767 	 0.023315
5.246988 	 7.191681 	 0.000096 	 0.024780
5.199403 	 7.188446 	 0.001172 	 0.024963
5.156804 	 7.200348 	 0.000245 	 0.024353
5.107860 	 7.188568 	 -0.000128 	 0.024017
5.062088 	 7.191040 	 0.000213 	 0.022644
5.014957 	 7.199036 	 -0.000224 	 0.024414
4.967825 	 7.184998 	 -0.000735 	 0.021973
4.919334 	 7.197113 	 -0.000607 	 0.022461
4.875829 	 7.187592 	 0.000053 	 0.022491
4.829150 	 7.190186 	 -0.000181 	 0.022888
4.779300 	 7.187408 	 -0.000085 	 0.024475
4.734435 	 7.194702 	 0.000085 	 0.021606
4.688210 	 7.199158 	 -0.000597 	 0.023285
4.642891 	 7.184418 	 -0.001268 	 0.021332
4.598026 	 7.187439 	 -0.000064 	 0.022278
4.550894 	 7.196106 	 0.000543 	 0.020752
4.502856 	 7.197296 	 0.000064 	 0.023956
4.456178 	 7.180176 	 0.000128 	 0.023804
4.412219 	 7.187225 	 -0.000330 	 0.024292
4.362822 	 7.189911 	 0.000021 	 0.023743
4.318863 	 7.203125 	 -0.000842 	 0.022736
4.276717 	 7.204132 	 0.000543 	 0.024292
4.221881 	 7.187592 	 0.000202 	 0.023895
4.178375 	 7.184998 	 -0.000607 	 0.023743
4.133510 	 7.184326 	 0.000107 	 0.022827
4.088191 	 7.189240 	 -0.000511 	 0.023407
4.039247 	 7.194122 	 0.000629 	 0.023285
3.995288 	 7.196136 	 -0.000096 	 0.023865
3.947250 	 7.197266 	 0.000554 	 0.023743
3.899213 	 7.191284 	 0.001768 	 0.027130
3.853441 	 7.193024 	 0.000181 	 0.025818
3.808122 	 7.190125 	 0.001001 	 0.026672
3.758725 	 7.192169 	 -0.000245 	 0.024384
3.713406 	 7.191376 	 0.000511 	 0.024628
3.670807 	 7.180237 	 0.000043 	 0.024811
3.622769 	 7.185272 	 0.000277 	 0.023987
3.574278 	 7.193420 	 -0.001630 	 0.023682
3.528960 	 7.203156 	 -0.000107 	 0.022980
3.485001 	 7.188080 	 -0.000181 	 0.022827
3.437416 	 7.193359 	 -0.001044 	 0.023407
3.391191 	 7.193207 	 0.000735 	 0.023254
3.345419 	 7.180023 	 0.000085 	 0.025208
3.296928 	 7.196381 	 -0.001150 	 0.022003
3.249797 	 7.134308 	 0.008032 	 0.030670
3.204478 	 7.110168 	 0.010780 	 0.040771
3.162785 	 7.114136 	 0.011622 	 0.046509
3.111122 	 7.107178 	 0.011792 	 0.052612
3.065804 	 7.109467 	 0.012197 	 0.054413
3.019125 	 7.100098 	 0.012346 	 0.055298
2.974260 	 7.106079 	 0.011643 	 0.055359
2.928035 	 7.097351 	 0.011952 	 0.055969
2.877731 	 7.098480 	 0.010972 	 0.053375
2.833319 	 7.100067 	 0.012538 	 0.056915
2.786188 	 7.094543 	 0.013039 	 0.056610
2.743588 	 7.093231 	 0.011025 	 0.056335
2.693738 	 7.093903 	 0.011824 	 0.054626
2.645700 	 7.084259 	 0.012282 	 0.056458
2.600835 	 7.099060 	 0.011846 	 0.055573
2.555969 	 7.071320 	 0.013795 	 0.056244
2.506572 	 7.062195 	 0.014978 	 0.061066
2.459441 	 7.072571 	 0.014030 	 0.061035
2.416388 	 7.077057 	 0.012751 	 0.060974
2.369257 	 7.065216 	 0.014125 	 0.059418
2.325298 	 7.069183 	 0.014307 	 0.062347
2.275447 	 7.064331 	 0.014275 	 0.061005
2.228316 	 7.055206 	 0.016874 	 0.065430
2.180278 	 7.067383 	 0.013593 	 0.063293
2.137225 	 7.055145 	 0.015681 	 0.063080
2.091000 	 7.058716 	 0.014828 	 0.063141
2.043416 	 7.053253 	 0.015244 	 0.063324
1.996738 	 7.062653 	 0.016458 	 0.064728
1.949606 	 7.064911 	 0.014562 	 0.062714
1.906100 	 7.052246 	 0.017140 	 0.065826
1.858969 	 7.046173 	 0.015500 	 0.065247
1.814104 	 7.056152 	 0.014520 	 0.065216
1.768785 	 7.043304 	 0.014285 	 0.063141
1.717575 	 7.041931 	 0.014552 	 0.063293
1.674976 	 7.042053 	 0.016064 	 0.066345
1.630563 	 7.045197 	 0.013433 	 0.062469
1.581166 	 7.019440 	 0.015361 	 0.063568
1.534035 	 7.034943 	 0.016331 	 0.067383
1.486450 	 7.033752 	 0.018120 	 0.067963
1.440225 	 7.002075 	 0.020453 	 0.074371
1.394907 	 7.021179 	 0.018685 	 0.073151
1.350494 	 7.001221 	 0.019175 	 0.074738
1.301097 	 6.992187 	 0.017971 	 0.073853
1.257138 	 6.998322 	 0.022445 	 0.076294
1.212726 	 6.990112 	 0.023138 	 0.080963
1.161063 	 6.958099 	 0.022797 	 0.081970
1.117104 	 6.947479 	 0.027953 	 0.089508
1.069519 	 6.935181 	 0.026131 	 0.090973
1.022841 	 6.916595 	 0.028656 	 0.095184
0.976163 	 6.897461 	 0.026557 	 0.094849
0.928125 	 6.845886 	 0.029210 	 0.097656
0.883713 	 6.804138 	 0.030083 	 0.100372
0.839301 	 6.764099 	 0.035665 	 0.107147
0.791716 	 6.702148 	 0.036539 	 0.113770
0.742772 	 6.647064 	 0.043037 	 0.124390
0.698360 	 6.501923 	 0.052379 	 0.140717
0.650775 	 6.496979 	 0.051388 	 0.150085
0.605910 	 6.363983 	 0.063096 	 0.167999
0.560591 	 6.232788 	 0.070009 	 0.185455
0.511194 	 5.937897 	 0.096918 	 0.225067
0.467235 	 5.746277 	 0.129238 	 0.288483
0.418744 	 5.670990 	 0.131368 	 0.333008
0.370706 	 5.403839 	 0.168344 	 0.389832
0.326747 	 5.297180 	 0.167673 	 0.432617
0.284601 	 5.224609 	 0.176781 	 0.459473
0.235204 	 4.735992 	 0.243179 	 0.545807
0.187619 	 4.670654 	 0.265592 	 0.634369
0.144566 	 4.374512 	 0.333321 	 0.754028
0.094263 	 4.082275 	 0.376347 	 0.880035
0.049850 	 3.663177 	 0.500451 	 1.082825
0.000000 	 3.497131 	 0.563972 	 1.289825
0.048944 	 3.637115 	 0.519593 	 1.361786
0.094716 	 3.927734 	 0.447049 	 1.301697
0.141847 	 4.111237 	 0.389503 	 1.186554
0.188072 	 4.154541 	 0.380310 	 1.104370
0.233391 	 4.549683 	 0.283595 	 0.962524
0.283694 	 4.689606 	 0.284607 	 0.861389
0.325841 	 4.861328 	 0.243424 	 0.773468
0.372972 	 5.239594 	 0.169026 	 0.637756
0.420103 	 5.518829 	 0.142500 	 0.521271
0.464516 	 5.747925 	 0.108273 	 0.422943
0.511194 	 5.973938 	 0.081131 	 0.334991
0.557419 	 6.127045 	 0.065024 	 0.269440
0.606363 	 6.240723 	 0.063181 	 0.229370
0.652588 	 6.259491 	 0.062297 	 0.211365
0.698360 	 6.446991 	 0.056843 	 0.196777
0.744585 	 6.568237 	 0.048118 	 0.177368
0.791263 	 6.671021 	 0.039202 	 0.154572
0.835222 	 6.704224 	 0.036592 	 0.140198
0.881900 	 6.788361 	 0.031702 	 0.126404
0.931750 	 6.785706 	 0.032363 	 0.119019
0.977975 	 6.832001 	 0.030349 	 0.113129
1.021481 	 6.859131 	 0.027537 	 0.106750
1.068159 	 6.909973 	 0.029977 	 0.103088
1.115744 	 6.867554 	 0.031457 	 0.106018
1.162422 	 6.920227 	 0.025194 	 0.101013
1.210460 	 6.957764 	 0.026312 	 0.099396
1.256685 	 6.957031 	 0.025524 	 0.096985
1.301097 	 6.977295 	 0.031830 	 0.101288
1.347322 	 6.980164 	 0.024693 	 0.098633
1.395360 	 7.002869 	 0.024629 	 0.093781
1.442944 	 6.995392 	 0.024064 	 0.092102
1.488716 	 7.005402 	 0.023223 	 0.088165
1.534035 	 7.002350 	 0.023681 	 0.088806
1.580260 	 7.009521 	 0.025960 	 0.088776
1.629657 	 7.018433 	 0.023819 	 0.090485
1.670444 	 7.017212 	 0.022690 	 0.086426
1.720294 	 7.035065 	 0.023106 	 0.086884
1.766066 	 7.033478 	 0.020602 	 0.083435
1.810478 	 7.019531 	 0.021295 	 0.082214
1.859422 	 7.029144 	 0.025737 	 0.086884
1.908366 	 7.039276 	 0.023233 	 0.085785
1.951872 	 7.024750 	 0.023063 	 0.086670
1.999457 	 7.043915 	 0.021646 	 0.084045
2.045229 	 7.043121 	 0.021667 	 0.082550
2.091454 	 7.046265 	 0.015468 	 0.077271
2.136772 	 7.057648 	 0.018014 	 0.072510
2.182997 	 7.056122 	 0.020506 	 0.076874
2.233754 	 7.054047 	 0.016597 	 0.071930
2.277260 	 7.049133 	 0.018184 	 0.073364
2.322125 	 7.050201 	 0.023809 	 0.077332
2.367897 	 7.048187 	 0.017044 	 0.077454
2.415482 	 7.053162 	 0.018717 	 0.076416
2.463519 	 7.057922 	 0.016533 	 0.071930
2.507932 	 7.069489 	 0.017822 	 0.071991
2.555063 	 7.051178 	 0.018365 	 0.071686
2.601288 	 7.056000 	 0.019516 	 0.075348
2.647060 	 7.058685 	 0.022765 	 0.079193
2.692378 	 7.053436 	 0.019984 	 0.078583
2.740869 	 7.063324 	 0.017843 	 0.076782
2.786188 	 7.060211 	 0.019771 	 0.074677
2.836038 	 7.064240 	 0.021177 	 0.079132
2.879544 	 7.071564 	 0.015990 	 0.075134
2.928941 	 7.078308 	 0.018919 	 0.073059
2.974260 	 7.077271 	 0.017332 	 0.074341
3.019579 	 7.085205 	 0.019175 	 0.072693
3.063538 	 7.089294 	 0.016501 	 0.071991
3.110669 	 7.071228 	 0.016373 	 0.069275
3.159160 	 7.085205 	 0.016480 	 0.068573
3.202213 	 7.088440 	 0.018323 	 0.070312
3.249797 	 7.073303 	 0.017662 	 0.070465
3.296928 	 7.079590 	 0.015745 	 0.069550
3.343607 	 7.078949 	 0.016757 	 0.068420
3.388925 	 7.083282 	 0.016554 	 0.068390
3.436057 	 7.097351 	 0.018280 	 0.069641
3.480469 	 7.098328 	 0.016799 	 0.070160
3.530319 	 7.110168 	 0.015574 	 0.068390
3.574278 	 7.105530 	 0.016299 	 0.065979
3.623222 	 7.123016 	 0.014860 	 0.066589
3.668541 	 7.111572 	 0.015276 	 0.065643
3.716125 	 7.099854 	 0.014509 	 0.064789
3.762350 	 7.110229 	 0.016245 	 0.065948
3.806763 	 7.107147 	 0.015777 	 0.064117
3.854347 	 7.113037 	 0.015212 	 0.064911
3.900119 	 7.117126 	 0.013912 	 0.062225
3.948157 	 7.127441 	 0.016171 	 0.064423
3.993475 	 7.112671 	 0.014573 	 0.063171
4.041966 	 7.120605 	 0.014988 	 0.063477
4.088191 	 7.117981 	 0.014754 	 0.063751
4.135323 	 7.124390 	 0.014381 	 0.063507
4.179735 	 7.129333 	 0.015883 	 0.063538
4.225960 	 7.129517 	 0.013135 	 0.061554
4.269919 	 7.132172 	 0.012368 	 0.060089
4.317503 	 7.138397 	 0.012868 	 0.058289
4.364635 	 7.133301 	 0.011867 	 0.058319
4.411313 	 7.132416 	 0.010504 	 0.051544
4.456178 	 7.149445 	 0.011281 	 0.053833
4.504216 	 7.127808 	 0.015670 	 0.058289
4.548175 	 7.144379 	 0.010408 	 0.056671
4.597572 	 7.143646 	 0.011313 	 0.054932
4.641531 	 7.148193 	 0.012293 	 0.054718
4.691382 	 7.136444 	 0.010205 	 0.052734
4.734888 	 7.144257 	 0.012187 	 0.053162
4.782472 	 7.162231 	 0.012741 	 0.056488
4.828244 	 7.156403 	 0.010812 	 0.055634
4.872656 	 7.157257 	 0.011132 	 0.053772
4.920241 	 7.149475 	 0.010067 	 0.052338
4.967825 	 7.159515 	 0.009555 	 0.051483
5.015863 	 7.162170 	 0.010887 	 0.052155
5.062088 	 7.158081 	 0.012219 	 0.053802
5.108313 	 7.183105 	 0.001662 	 0.045837
5.157257 	 7.184326 	 0.000469 	 0.034882
5.200310 	 7.195526 	 0.000810 	 0.030548
5.246082 	 7.188538 	 -0.001854 	 0.023285
5.292760 	 7.184479 	 0.000479 	 0.022980
5.338985 	 7.198334 	 0.000639 	 0.025208
5.386116 	 7.192963 	 -0.000181 	 0.022797
5.432341 	 7.187195 	 0.000543 	 0.023224
5.479926 	 7.188568 	 -0.000586 	 0.023773
5.523885 	 7.181458 	 -0.000362 	 0.022491
5.569656 	 7.194305 	 -0.000075 	 0.023743
5.619960 	 7.194000 	 0.000671 	 0.021301
5.665732 	 7.193054 	 0.001119 	 0.025940
5.710597 	 7.196991 	 -0.000767 	 0.025330
5.755916 	 7.185944 	 0.001044 	 0.024689
5.806673 	 7.195496 	 0.001694 	 0.027649
5.849725 	 7.188629 	 -0.000671 	 0.024628
5.896857 	 7.194214 	 0.001065 	 0.025970
5.943082 	 7.182159 	 0.001268 	 0.027252
5.989760 	 7.197205 	 -0.000277 	 0.024414
6.039610 	 7.197266 	 0.000138 	 0.024780
6.084023 	 7.192383 	 -0.000341 	 0.022583
6.127075 	 7.182129 	 -0.000213 	 0.024078
6.176926 	 7.185089 	 0.000660 	 0.024506
6.221791 	 7.190216 	 0.000096 	 0.027863
6.269829 	 7.199097 	 -0.000575 	 0.023773
6.313335 	 7.188690 	 0.001427 	 0.024628
6.362279 	 7.182220 	 0.000128 	 0.027466
6.409410 	 7.186035 	 -0.001257 	 0.025330
6.451556 	 7.188538 	 -0.000714 	 0.025330
6.500047 	 7.200409 	 0.000937 	 0.024841
6.546725 	 7.180298 	 0.000234 	 0.024353
6.592044 	 7.187286 	 0.002152 	 0.027374
6.640535 	 7.184143 	 0.000085 	 0.025238
6.683588 	 7.189362 	 0.000852 	 0.025177
6.732985 	 7.190216 	 0.000639 	 0.026703
6.779210 	 7.185211 	 0.000213 	 0.025116
6.826341 	 7.197083 	 0.000501 	 0.023560
6.873019 	 7.199127 	 0.001001 	 0.024719
6.917432 	 7.190186 	 0.000138 	 0.024323
6.964563 	 7.188354 	 0.000874 	 0.026581
7.012148 	 7.188446 	 0.000874 	 0.026001
7.058826 	 7.190338 	 0.001001 	 0.026062
7.102785 	 7.193237 	 0.000533 	 0.026306
7.149010 	 7.197998 	 0.000032 	 0.024628
7.197954 	 7.192383 	 -0.001140 	 0.022552
7.244179 	 7.188416 	 0.001257 	 0.026031
7.290404 	 7.193054 	 -0.000202 	 0.024689
7.335269 	 7.179901 	 0.000309 	 0.024994
7.383307 	 7.188690 	 -0.000256 	 0.024017
7.427719 	 7.190155 	 -0.001332 	 0.022827
7.477570 	 7.191193 	 0.000341 	 0.024170
7.519716 	 7.194061 	 0.000256 	 0.024384
7.565034 	 7.190643 	 0.000597 	 0.025574
7.618057 	 7.181122 	 0.000959 	 0.026764
7.663376 	 7.190216 	 0.000128 	 0.024841
7.706882 	 7.184418 	 0.000916 	 0.026062
7.753107 	 7.181305 	 -0.000181 	 0.024353
7.803410 	 7.190125 	 0.000980 	 0.026825
7.848276 	 7.186035 	 -0.000746 	 0.023132
7.892235 	 7.183075 	 0.000629 	 0.024414
7.939819 	 7.185852 	 0.000746 	 0.024689
7.987857 	 7.190216 	 0.000245 	 0.023743
8.031816 	 7.191193 	 -0.000224 	 0.024597
8.078947 	 7.198578 	 0.000948 	 0.024628
8.124266 	 7.200653 	 0.000479 	 0.024170
8.171851 	 7.179108 	 0.000309 	 0.025696
8.218076 	 7.197327 	 -0.000298 	 0.023437
8.263847 	 7.190155 	 -0.000224 	 0.023865
8.312338 	 7.191284 	 -0.000330 	 0.022766
8.357204 	 7.186981 	 -0.000682 	 0.023193
8.404335 	 7.191498 	 -0.000660 	 0.020996
8.454185 	 7.184204 	 -0.000288 	 0.021545
8.496785 	 7.177032 	 -0.000362 	 0.021454
8.545729 	 7.190521 	 -0.000842 	 0.022339
8.589235 	 7.182861 	 0.000266 	 0.021912
8.637726 	 7.177795 	 -0.000011 	 0.022888
8.684404 	 7.187378 	 0.000479 	 0.024231
8.729269 	 7.194153 	 0.000032 	 0.023834
8.775041 	 7.188202 	 0.000170 	 0.024384
8.822173 	 7.194061 	 0.000746 	 0.024872
8.869304 	 7.207123 	 0.000000 	 0.023254
8.917795 	 7.187469 	 0.000160 	 0.024536
8.964020 	 7.200226 	 0.000479 	 0.024597
9.007072 	 7.184235 	 0.000810 	 0.026459
9.055110 	 7.189056 	 0.000991 	 0.026947
9.100429 	 7.184784 	 0.000277 	 0.027222
9.148466 	 7.188293 	 0.001385 	 0.026001
9.195145 	 7.194519 	 -0.000298 	 0.026031
9.239104 	 7.196167 	 -0.000405 	 0.023712
9.288954 	 7.190399 	 -0.000320 	 0.023468
9.332913 	 7.187378 	 -0.000330 	 0.024536
9.382310 	 7.182831 	 -0.000863 	 0.022034
9.427629 	 7.197144 	 -0.000490 	 0.022369
9.473401 	 7.185059 	 0.000948 	 0.023407
9.517360 	 7.190247 	 0.001939 	 0.027954
9.565851 	 7.186157 	 -0.000352 	 0.026245
9.612982 	 7.202789 	 0.000138 	 0.024384
9.659207 	 7.189545 	 0.000160 	 0.026398
9.705885 	 7.186218 	 -0.000288 	 0.024017
9.750751 	 7.184387 	 0.001619 	 0.026398
9.797882 	 7.180237 	 -0.000671 	 0.028778
9.844560 	 7.184509 	 -0.001513 	 0.023529
9.891238 	 7.188660 	 -0.000373 	 0.021851
9.939729 	 7.195831 	 0.000096 	 0.023163
9.982329 	 7.199890 	 0.000874 	 0.023285
10.030367 	 7.194244 	 -0.000969 	 0.023163
10.078404 	 7.191803 	 0.000852 	 0.025696
10.123723 	 7.197266 	 0.000788 	 0.024475
10.169948 	 7.195892 	 -0.002173 	 0.021881
10.216173 	 7.194122 	 0.001033 	 0.022278
10.260132 	 7.191437 	 0.000533 	 0.023865
10.307716 	 7.199738 	 0.000820 	 0.026001
10.353035 	 7.189819 	 0.000842 	 0.025635
10.402432 	 7.183197 	 0.000586 	 0.026428
10.450923 	 7.184387 	 0.000905 	 0.026428
10.494429 	 7.191071 	 0.000032 	 0.025024
10.538841 	 7.200958 	 0.000117 	 0.023315
10.589598 	 7.193848 	 0.001651 	 0.024689
10.632198 	 7.188202 	 0.000937 	 0.026184
10.678876 	 7.190094 	 0.001427 	 0.026184
10.730539 	 7.178894 	 0.000746 	 0.025665
10.775404 	 7.186279 	 0.000352 	 0.025269
10.818910 	 7.197083 	 0.000288 	 0.024994
10.865135 	 7.195984 	 -0.000362 	 0.022797
10.914079 	 7.184967 	 0.000202 	 0.024811
10.958945 	 7.187988 	 -0.000746 	 0.023468
11.004716 	 7.193268 	 -0.000362 	 0.023560
11.051395 	 7.179871 	 0.001257 	 0.024261
11.098073 	 7.195435 	 -0.000021 	 0.023804
11.146111 	 7.188538 	 0.000181 	 0.025177
11.194601 	 7.203979 	 -0.000533 	 0.023956
11.240826 	 7.185333 	 0.000426 	 0.023346
11.283879 	 7.188995 	 0.000011 	 0.024506
11.331464 	 7.195984 	 0.000383 	 0.023468
11.378595 	 7.205261 	 -0.000170 	 0.022278
11.423914 	 7.179718 	 0.000799 	 0.024261
11.470592 	 7.190979 	 -0.000149 	 0.024261
11.519989 	 7.190918 	 0.000011 	 0.023651
11.563948 	 7.191528 	 0.001097 	 0.024933
11.610173 	 7.200104 	 0.000149 	 0.026062
11.658664 	 7.186951 	 0.000735 	 0.025177
11.704436 	 7.196808 	 -0.000618 	 0.023651
11.747942 	 7.189270 	 0.000170 	 0.024445
11.795526 	 7.196869 	 0.000224 	 0.025238
11.839485 	 7.191284 	 -0.000170 	 0.025116
11.886163 	 7.188446 	 0.000927 	 0.026031
11.935107 	 7.192047 	 0.000075 	 0.025024
11.981786 	 7.184662 	 -0.000490 	 0.024597
12.027557 	 7.200775 	 -0.000778 	 0.022552
12.073782 	 7.191528 	 0.000490 	 0.023987
12.119101 	 7.190918 	 0.000320 	 0.024261
12.161700 	 7.193481 	 0.000107 	 0.024719
12.211551 	 7.199066 	 -0.001321 	 0.022797
12.255963 	 7.180115 	 -0.000799 	 0.022125
12.301282 	 7.196045 	 -0.000916 	 0.021942
12.352492 	 7.195831 	 -0.000682 	 0.021820
12.394638 	 7.196350 	 -0.000490 	 0.020966
12.442223 	 7.182953 	 -0.000341 	 0.019409
12.488448 	 7.186859 	 0.000756 	 0.022003
12.539204 	 7.185120 	 -0.000064 	 0.024017
12.584070 	 7.199615 	 0.000895 	 0.024078
12.629842 	 7.197113 	 -0.000011 	 0.023254
12.673347 	 7.192902 	 0.000810 	 0.026093
12.722292 	 7.190735 	 -0.000650 	 0.024597
12.769423 	 7.181732 	 -0.000192 	 0.023621
12.814742 	 7.184875 	 0.000543 	 0.024109
12.861420 	 7.182037 	 0.000980 	 0.025848
12.907191 	 7.183136 	 0.000522 	 0.024689
12.952057 	 7.184784 	 0.001023 	 0.025024
13.001907 	 7.197174 	 0.000575 	 0.022522
13.046773 	 7.190125 	 0.000490 	 0.023621
13.092545 	 7.186951 	 0.000618 	 0.025116
13.138316 	 7.191315 	 0.001129 	 0.024567
13.183182 	 7.200043 	 0.001119 	 0.026398
13.232126 	 7.188568 	 0.000863 	 0.026581
13.280617 	 7.191162 	 -0.000799 	 0.023773
13.325935 	 7.183594 	 -0.001438 	 0.022888
13.368535 	 7.195984 	 -0.001385 	 0.020142
13.414760 	 7.211090 	 0.000799 	 0.024567
13.465063 	 7.197937 	 0.000117 	 0.024475
13.508569 	 7.181885 	 -0.000213 	 0.024689
13.553435 	 7.193146 	 0.000639 	 0.024658
13.604192 	 7.194397 	 -0.000277 	 0.024841
13.649963 	 7.180939 	 -0.001161 	 0.021881
13.694376 	 7.193115 	 0.000692 	 0.024384
13.743320 	 7.192902 	 0.000043 	 0.024933
13.788638 	 7.204193 	 -0.001694 	 0.022003
13.832144 	 7.183807 	 -0.001033 	 0.021271
13.882448 	 7.190430 	 0.000703 	 0.024719
13.926860 	 7.182983 	 -0.000458 	 0.023437
13.974898 	 7.188690 	 0.000969 	 0.026154
14.019763 	 7.181061 	 -0.000107 	 0.024506
14.067348 	 7.200226 	 -0.000458 	 0.024414
14.112213 	 7.184723 	 0.000629 	 0.025024
14.159798 	 7.189941 	 -0.000224 	 0.023895
14.207382 	 7.183624 	 0.001566 	 0.025818
14.250435 	 7.193085 	 -0.000671 	 0.023193
14.300285 	 7.196564 	 0.001406 	 0.025177
14.343791 	 7.198944 	 0.000618 	 0.026093
14.391376 	 7.190887 	 0.000288 	 0.034760
14.438507 	 7.193207 	 0.000266 	 0.030518
14.486545 	 7.195801 	 -0.000352 	 0.026123
14.530957 	 7.182800 	 0.000426 	 0.024719
14.578542 	 7.180054 	 0.000767 	 0.025208
14.622954 	 7.194153 	 0.000948 	 0.025665
14.669179 	 7.186157 	 0.000618 	 0.026031
14.716763 	 7.200409 	 0.000692 	 0.026306
14.764348 	 7.206055 	 0.000053 	 0.026062
14.807401 	 7.191406 	 -0.001300 	 0.022675
14.857704 	 7.191193 	 0.000256 	 0.023407
14.903023 	 7.195953 	 -0.001193 	 0.022217
14.946075 	 7.184174 	 0.000511 	 0.023743
14.991847 	 7.191223 	 0.000288 	 0.024384
15.041245 	 7.192871 	 -0.000447 	 0.023193
15.087469 	 7.193939 	 -0.000032 	 0.023193
15.133694 	 7.195923 	 0.001641 	 0.025574
15.181279 	 7.193054 	 -0.001321 	 0.022644
15.223878 	 7.195496 	 -0.000415 	 0.022980
15.272369 	 7.183044 	 -0.000575 	 0.021332
15.317235 	 7.190460 	 -0.002120 	 0.019409
15.363460 	 7.197540 	 -0.000192 	 0.020844
15.413310 	 7.184998 	 0.000256 	 0.023315
15.461348 	 7.182007 	 0.001097 	 0.025452
15.503494 	 7.194092 	 -0.000671 	 0.024109
15.548360 	 7.190491 	 -0.000277 	 0.023224
15.598210 	 7.203156 	 -0.000117 	 0.022949
15.646248 	 7.192780 	 0.000224 	 0.024780
15.692020 	 7.190643 	 0.000714 	 0.025543
15.733260 	 7.183838 	 0.000202 	 0.024384
15.783110 	 7.188232 	 0.000298 	 0.023956
15.830241 	 7.194885 	 0.000192 	 0.022583
15.877373 	 7.184784 	 -0.001204 	 0.021667
15.920425 	 7.200653 	 0.000256 	 0.024078
15.968916 	 7.189117 	 0.000692 	 0.024658
16.012875 	 7.195312 	 -0.000565 	 0.024261
16.063632 	 7.196899 	 -0.000565 	 0.024475
16.105325 	 7.196106 	 -0.000522 	 0.022888
16.156535 	 7.185303 	 0.001140 	 0.024597
16.201854 	 7.187378 	 -0.000383 	 0.024536
16.251704 	 7.189270 	 -0.000128 	 0.022736
16.292944 	 7.194275 	 0.001470 	 0.025452
16.337810 	 7.188965 	 -0.000778 	 0.024384
16.387207 	 7.199158 	 -0.000501 	 0.023254
16.431166 	 7.183319 	 0.000117 	 0.022705
16.479204 	 7.180542 	 0.000298 	 0.024872
16.524522 	 7.193054 	 0.000554 	 0.024475
16.570747 	 7.184906 	 -0.000011 	 0.025482
16.618785 	 7.188568 	 0.001055 	 0.024750
16.664557 	 7.195923 	 0.000618 	 0.025360
16.710782 	 7.195740 	 0.002631 	 0.028137
16.758820 	 7.183044 	 0.000021 	 0.026276
16.804591 	 7.190063 	 -0.000629 	 0.024353
16.848550 	 7.192932 	 0.001609 	 0.026001
16.897041 	 7.192108 	 0.000266 	 0.024963
16.937375 	 7.182648 	 0.000320 	 0.025391
16.990398 	 7.190125 	 0.001917 	 0.026672
17.035716 	 7.187439 	 0.000288 	 0.025665
17.077863 	 7.184723 	 -0.000266 	 0.025635
17.124994 	 7.188232 	 0.000937 	 0.025177
17.174844 	 7.193909 	 0.001065 	 0.025696
17.220616 	 7.200073 	 -0.000096 	 0.025360
17.266841 	 7.187744 	 -0.000234 	 0.021729
17.313066 	 7.193115 	 0.000735 	 0.023621
17.360651 	 7.190552 	 0.000607 	 0.024597
17.406422 	 7.180328 	 -0.001459 	 0.022156
17.454913 	 7.185181 	 0.000096 	 0.023254
17.502498 	 7.198883 	 0.000149 	 0.023743
17.544191 	 7.197083 	 0.001630 	 0.024261
17.592682 	 7.184631 	 0.000650 	 0.026642
17.637094 	 7.191925 	 0.000650 	 0.025574
17.686038 	 7.185730 	 -0.000842 	 0.023621
17.733170 	 7.181488 	 -0.000565 	 0.023743
17.779395 	 7.196045 	 0.000117 	 0.023193
17.824260 	 7.191193 	 0.001758 	 0.026520
17.870032 	 7.190399 	 0.000991 	 0.027100
17.917163 	 7.187286 	 0.001172 	 0.025818
17.963388 	 7.199860 	 0.000810 	 0.025757
18.012332 	 7.177887 	 -0.000682 	 0.024170
18.055385 	 7.209290 	 -0.000266 	 0.023499
18.103423 	 7.191254 	 -0.000149 	 0.023956
18.145569 	 7.194183 	 0.001491 	 0.025146
18.195419 	 7.181366 	 0.001704 	 0.026154
18.241191 	 7.183167 	 -0.000288 	 0.026337
18.286963 	 7.195801 	 -0.000831 	 0.022400
18.334094 	 7.187134 	 0.001907 	 0.025269
18.382132 	 7.183258 	 0.000053 	 0.024414
18.428810 	 7.186981 	 0.000107 	 0.024597
18.472316 	 7.188324 	 -0.000618 	 0.024200
18.520354 	 7.196442 	 0.000128 	 0.024109
18.564766 	 7.202454 	 0.000586 	 0.024597
18.616429 	 7.185425 	 0.001087 	 0.026581
18.659029 	 7.177704 	 0.000756 	 0.025055
18.708426 	 7.177429 	 -0.000405 	 0.025513
18.752385 	 7.188721 	 0.000096 	 0.023926
18.797704 	 7.184204 	 0.001161 	 0.024261
18.849367 	 7.180389 	 0.000213 	 0.025146
18.888794 	 7.182495 	 0.001108 	 0.024628
18.941364 	 7.190735 	 0.000916 	 0.026001
18.985323 	 7.184265 	 -0.000405 	 0.025543
19.032001 	 7.192352 	 -0.000618 	 0.022705
19.080038 	 7.188538 	 0.001214 	 0.025513
19.124904 	 7.189209 	 0.001012 	 0.025452
19.171129 	 7.179413 	 0.001374 	 0.027008
19.213275 	 7.182281 	 0.001907 	 0.028320
19.263126 	 7.199310 	 0.000426 	 0.027557
19.311617 	 7.184357 	 0.001161 	 0.027283
19.356935 	 7.201050 	 0.000138 	 0.028076
19.406332 	 7.193176 	 0.000117 	 0.026184
19.448026 	 7.188568 	 -0.000543 	 0.023315
19.495157 	 7.184875 	 0.000895 	 0.023804
19.541382 	 7.188477 	 0.000586 	 0.025635
19.586700 	 7.184845 	 -0.000895 	 0.022919
19.634738 	 7.186249 	 0.000756 	 0.024536
19.680510 	 7.186188 	 0.000810 	 0.025665
19.726735 	 7.187073 	 -0.000341 	 0.022430
19.773866 	 7.197510 	 -0.000916 	 0.022736
19.820544 	 7.186157 	 0.000469 	 0.022888
19.867223 	 7.192139 	 0.000394 	 0.025726
19.912994 	 7.200378 	 -0.000362 	 0.025177
19.958766 	 7.203064 	 -0.000916 	 0.021088
20.004538 	 7.191345 	 0.000288 	 0.022491
20.051216 	 7.189240 	 0.000405 	 0.023895
20.097441 	 7.190521 	 -0.000213 	 0.022339
20.145479 	 7.188293 	 0.000170 	 0.023956
20.191704 	 7.180511 	 0.001204 	 0.025299
20.232944 	 7.191528 	 0.000128 	 0.024567
20.282794 	 7.185089 	 0.001087 	 0.026062
20.331285 	 7.191315 	 0.000969 	 0.025574
20.376604 	 7.180450 	 -0.000234 	 0.024414
20.421469 	 7.188202 	 0.000863 	 0.024750
20.464975 	 7.184357 	 -0.000522 	 0.024719
20.515732 	 7.175964 	 0.000714 	 0.025818
20.561504 	 7.194366 	 0.000288 	 0.025238
20.608182 	 7.202637 	 -0.000277 	 0.023926
20.655313 	 7.198853 	 0.000096 	 0.023895
20.699725 	 7.193878 	 0.000533 	 0.023407
20.747310 	 7.192383 	 0.000543 	 0.025146
20.795348 	 7.178131 	 0.000075 	 0.025391
20.837041 	 7.186218 	 -0.000554 	 0.023346
20.884625 	 7.199158 	 0.000362 	 0.023041
20.931303 	 7.199249 	 0.000916 	 0.025269
20.979341 	 7.187744 	 0.000980 	 0.024963
21.026472 	 7.193176 	 0.000948 	 0.025360
21.071338 	 7.205322 	 0.000234 	 0.023743
21.118922 	 7.196960 	 0.000618 	 0.025543
21.166960 	 7.197205 	 -0.000692 	 0.023102
21.210919 	 7.198883 	 0.000714 	 0.024719
21.252612 	 7.197357 	 -0.000458 	 0.024933
21.302463 	 7.181610 	 0.000980 	 0.024841
21.354579 	 7.210297 	 -0.001342 	 0.022888
21.397179 	 7.191467 	 0.000085 	 0.023285
21.442044 	 7.192047 	 -0.000330 	 0.022491
21.487816 	 7.185303 	 -0.000277 	 0.022003
21.537213 	 7.181244 	 0.001704 	 0.026733
21.582532 	 7.192200 	 -0.000330 	 0.024841
21.629663 	 7.194397 	 0.000692 	 0.024323
21.678607 	 7.179108 	 -0.000075 	 0.024017
21.720753 	 7.205963 	 -0.001364 	 0.023499
21.769244 	 7.198853 	 0.002067 	 0.023804
21.815923 	 7.192139 	 0.001044 	 0.025421
21.859428 	 7.191376 	 -0.000117 	 0.025208
21.907013 	 7.188965 	 0.000181 	 0.024719
21.952785 	 7.203644 	 0.000000 	 0.024841
22.000369 	 7.203613 	 0.000554 	 0.026581
22.047047 	 7.195648 	 -0.001406 	 0.019440
22.093272 	 7.194244 	 0.000128 	 0.021698
22.139951 	 7.185272 	 -0.000277 	 0.023437
22.187535 	 7.192230 	 -0.001278 	 0.023071
22.231494 	 7.188538 	 -0.001321 	 0.022552
22.277266 	 7.194336 	 0.000352 	 0.023437
22.325304 	 7.189087 	 0.001939 	 0.026550
22.370169 	 7.199341 	 -0.000256 	 0.025146
22.419566 	 7.196075 	 0.000149 	 0.024994
22.463525 	 7.197418 	 0.000405 	 0.026306
22.510657 	 7.194366 	 0.001055 	 0.027252
22.557788 	 7.198975 	 -0.000181 	 0.025146
22.603107 	 7.191742 	 0.001044 	 0.026489
22.650238 	 7.190460 	 0.000618 	 0.025604
22.696463 	 7.188385 	 0.000202 	 0.024933
22.742235 	 7.191345 	 -0.000682 	 0.024170
22.787553 	 7.186096 	 -0.000330 	 0.022583
22.835591 	 7.184540 	 0.000309 	 0.024231
22.880910 	 7.188599 	 0.000096 	 0.022644
22.927135 	 7.189423 	 0.000586 	 0.024445
22.973813 	 7.198547 	 0.000724 	 0.022003
23.020944 	 7.190491 	 0.002131 	 0.025543
23.067169 	 7.183411 	 0.000245 	 0.026276
23.113394 	 7.192017 	 -0.000320 	 0.023773
23.157806 	 7.182190 	 0.000554 	 0.024445
23.209016 	 7.184479 	 0.000149 	 0.025482
23.251616 	 7.185150 	 0.000969 	 0.025146
23.300107 	 7.191345 	 0.002056 	 0.026520
23.344972 	 7.192810 	 0.000980 	 0.027588
23.391650 	 7.188751 	 0.001470 	 0.027374
23.436969 	 7.191315 	 0.000788 	 0.026154
23.485007 	 7.183197 	 0.000383 	 0.026672
23.528966 	 7.187500 	 0.001182 	 0.025574
23.577910 	 7.186005 	 0.001044 	 0.027100
23.628214 	 7.195953 	 0.001683 	 0.026642
23.670813 	 7.187408 	 -0.000107 	 0.023956
23.717944 	 7.193329 	 0.001204 	 0.024780
23.764622 	 7.189972 	 0.000511 	 0.023987
23.809035 	 7.198669 	 -0.000586 	 0.023346
23.854353 	 7.196381 	 -0.001129 	 0.021027
23.904204 	 7.183197 	 -0.001598 	 0.019928
23.950429 	 7.184753 	 0.000714 	 0.022888
23.998466 	 7.188324 	 0.001449 	 0.025421
24.042879 	 7.187469 	 -0.000256 	 0.025421
24.090010 	 7.187927 	 0.000213 	 0.024261
24.134422 	 7.194336 	 -0.000788 	 0.023437
24.180647 	 7.184418 	 -0.001449 	 0.021790
24.228685 	 7.191498 	 0.000362 	 0.022583
24.274910 	 7.191101 	 0.000756 	 0.026611
24.322041 	 7.185455 	 -0.000298 	 0.025146
24.367360 	 7.184967 	 -0.000160 	 0.023529
24.414491 	 7.197388 	 0.000426 	 0.024597
24.461169 	 7.182831 	 0.001726 	 0.025940
24.508301 	 7.189178 	 0.000288 	 0.025848
24.554073 	 7.192932 	 0.000149 	 0.025848
24.600298 	 7.202454 	 -0.001619 	 0.021545
24.645616 	 7.193085 	 -0.000117 	 0.023224
24.690482 	 7.192017 	 0.001651 	 0.024963
24.738519 	 7.190216 	 0.000192 	 0.025757
24.787917 	 7.187225 	 0.001736 	 0.026062
24.831422 	 7.192047 	 0.000352 	 0.027466
24.875381 	 7.201508 	 0.001204 	 0.027191
24.924326 	 7.192749 	 0.001087 	 0.026215
24.970097 	 7.197174 	 0.000426 	 0.026276
25.020401 	 7.187439 	 0.001225 	 0.025574
25.063907 	 7.193085 	 0.000075 	 0.025635
25.111038 	 7.191528 	 -0.000298 	 0.024323
25.154091 	 7.193756 	 -0.001001 	 0.021790
25.204848 	 7.191986 	 0.000565 	 0.024689
25.247900 	 7.185028 	 0.001150 	 0.025757
25.297298 	 7.201233 	 0.001619 	 0.027252
25.342616 	 7.195251 	 0.000554 	 0.025665
25.389294 	 7.198181 	 0.000597 	 0.025726
25.433707 	 7.190338 	 0.000852 	 0.026917
25.482198 	 7.193146 	 -0.000852 	 0.024323
25.529329 	 7.189636 	 -0.000660 	 0.024017
25.574194 	 7.191437 	 0.000522 	 0.024597
25.620872 	 7.181488 	 -0.000842 	 0.023224
25.667097 	 7.187256 	 0.000788 	 0.025238
25.714229 	 7.184052 	 0.000554 	 0.024811
25.759547 	 7.189026 	 0.000309 	 0.024017
25.807585 	 7.184692 	 -0.000181 	 0.023132
25.852904 	 7.199310 	 -0.000064 	 0.022949
25.898676 	 7.175385 	 0.000650 	 0.023163
25.946260 	 7.204041 	 0.001236 	 0.027435
25.993391 	 7.193329 	 0.000128 	 0.025482
26.040523 	 7.195679 	 0.000575 	 0.027435
26.085388 	 7.194275 	 -0.000181 	 0.025146
26.130254 	 7.197418 	 0.001619 	 0.025330
26.177838 	 7.204071 	 0.000671 	 0.027161
26.227235 	 7.183380 	 0.000266 	 0.025696
26.268929 	 7.177582 	 0.000245 	 0.024475
26.315154 	 7.184967 	 -0.001097 	 0.024109
26.364551 	 7.181885 	 -0.000277 	 0.022858
26.412589 	 7.181305 	 0.000245 	 0.023743
26.454282 	 7.200134 	 0.000905 	 0.026459
26.500960 	 7.207458 	 -0.000629 	 0.024078
26.548091 	 7.196167 	 -0.000341 	 0.024506
26.593410 	 7.196045 	 0.000053 	 0.023041
26.640994 	 7.190338 	 -0.000767 	 0.022614
26.689485 	 7.177246 	 0.000650 	 0.024567
26.733444 	 7.188141 	 0.000554 	 0.024445
26.782388 	 7.188721 	 0.001459 	 0.026489
26.826801 	 7.199097 	 0.000149 	 0.026672
26.874838 	 7.197235 	 -0.000671 	 0.022552
26.919704 	 7.184357 	 0.000916 	 0.024109
26.968195 	 7.208954 	 0.000256 	 0.024384
27.013966 	 7.195282 	 -0.000117 	 0.023376
27.062004 	 7.187347 	 0.000053 	 0.025238
27.106870 	 7.187317 	 0.000618 	 0.025696
27.152188 	 7.206970 	 -0.000820 	 0.023560
27.201585 	 7.196106 	 0.000107 	 0.022797
27.246904 	 7.203369 	 0.000437 	 0.024841
27.291769 	 7.194427 	 -0.000597 	 0.022247
27.344792 	 7.196136 	 0.000831 	 0.023804
27.385579 	 7.201599 	 -0.001715 	 0.022247
27.429538 	 7.194366 	 -0.000298 	 0.021149
27.478029 	 7.178101 	 0.000639 	 0.023071
27.525160 	 7.197327 	 -0.002194 	 0.019806
27.568666 	 7.192993 	 0.001555 	 0.022644
27.616704 	 7.197357 	 -0.000415 	 0.024780
27.659756 	 7.196167 	 0.000714 	 0.024567
27.710060 	 7.185181 	 0.000959 	 0.027740
27.756738 	 7.187347 	 -0.000330 	 0.025665
27.802510 	 7.189026 	 0.001481 	 0.025665
27.849641 	 7.193176 	 0.000011 	 0.024994
27.894960 	 7.203339 	 0.000905 	 0.025452
27.942998 	 7.194519 	 0.000373 	 0.024353
27.989676 	 7.190582 	 0.000671 	 0.025909
28.035448 	 7.192047 	 0.000085 	 0.024261
28.079407 	 7.190338 	 0.000138 	 0.024048
28.127444 	 7.194153 	 -0.000149 	 0.023407
28.172310 	 7.180573 	 0.001129 	 0.025024
28.218082 	 7.187317 	 0.000202 	 0.025024
28.264760 	 7.188599 	 0.000043 	 0.024536
28.309625 	 7.194244 	 0.000160 	 0.025635
28.361742 	 7.182953 	 0.001119 	 0.026001
28.405701 	 7.181610 	 0.000107 	 0.025513
28.453285 	 7.188171 	 -0.001587 	 0.023010
28.497697 	 7.195892 	 0.000671 	 0.022491
28.544829 	 7.192108 	 -0.000714 	 0.021332
28.588335 	 7.190338 	 -0.000373 	 0.022278
28.638638 	 7.186310 	 0.001960 	 0.024628
28.681691 	 7.184326 	 0.000660 	 0.026093
28.729729 	 7.184479 	 -0.001385 	 0.022491
28.775954 	 7.191345 	 -0.000181 	 0.022888
28.825351 	 7.200012 	 0.001214 	 0.025085
28.870216 	 7.201324 	 -0.000128 	 0.023651
28.915082 	 7.191406 	 -0.000192 	 0.023987
28.962666 	 7.196136 	 0.001459 	 0.025452
29.007532 	 7.200165 	 0.000501 	 0.025604
29.056929 	 7.208954 	 0.000234 	 0.025024
29.103607 	 7.188812 	 0.000714 	 0.026031
29.149832 	 7.200165 	 0.001065 	 0.025391
29.194698 	 7.197174 	 0.001459 	 0.025665
29.241829 	 7.198700 	 0.000256 	 0.025909
29.290320 	 7.181122 	 -0.000597 	 0.022888
29.335638 	 7.189240 	 0.000320 	 0.024078
29.384583 	 7.190094 	 0.000043 	 0.024475
29.428088 	 7.193207 	 -0.000639 	 0.023468
29.474313 	 7.195984 	 0.000959 	 0.025543
29.521445 	 7.182800 	 0.001854 	 0.026703
29.568123 	 7.195404 	 0.000692 	 0.026917
29.612988 	 7.202148 	 0.000916 	 0.026489
29.660573 	 7.181183 	 0.000692 	 0.026611
29.703625 	 7.183167 	 -0.000703 	 0.023712
29.750757 	 7.184479 	 0.001097 	 0.025024
29.800154 	 7.184845 	 -0.000298 	 0.023560
29.845926 	 7.179169 	 0.000874 	 0.025543
29.888979 	 7.197205 	 0.000256 	 0.022980
29.942001 	 7.198883 	 0.000202 	 0.024109
29.985507 	 7.207153 	 0.000937 	 0.024445
30.031732 	 7.193970 	 0.000714 	 0.025879
30.076144 	 7.193115 	 0.000021 	 0.024445
30.123276 	 7.181305 	 -0.000756 	 0.025269
30.169954 	 7.187500 	 0.000650 	 0.024323
30.215726 	 7.187347 	 0.000160 	 0.023346
30.261497 	 7.189087 	 0.000852 	 0.023712
30.312254 	 7.188019 	 0.000309 	 0.023987
30.358026 	 7.190643 	 0.000245 	 0.024292
30.401985 	 7.198639 	 0.000842 	 0.024200
30.451382 	 7.195435 	 0.000586 	 0.025574
30.498967 	 7.190277 	 0.000202 	 0.025055
30.539754 	 7.178223 	 -0.000352 	 0.024109
30.587791 	 7.188171 	 -0.000362 	 0.024902
30.630844 	 7.181580 	 0.000884 	 0.024994
30.682054 	 7.184937 	 0.000032 	 0.025787
30.726466 	 7.193329 	 0.001150 	 0.026459
30.771785 	 7.186798 	 0.001438 	 0.025757
30.821635 	 7.183990 	 0.000884 	 0.023651
30.864688 	 7.185059 	 -0.000224 	 0.023224
30.912726 	 7.188232 	 -0.000192 	 0.022675
30.958498 	 7.192993 	 0.000138 	 0.022705
31.006082 	 7.196075 	 0.000192 	 0.022888
31.049588 	 7.194061 	 0.000181 	 0.026062
31.099438 	 7.184418 	 -0.000756 	 0.023773
31.146570 	 7.195465 	 0.000288 	 0.025177
31.188716 	 7.206177 	 -0.001108 	 0.024017
31.235394 	 7.188446 	 0.000096 	 0.021545
31.284338 	 7.190063 	 0.000852 	 0.026550
31.330110 	 7.195953 	 0.000213 	 0.024109
31.374522 	 7.198944 	 0.000650 	 0.024780
31.423013 	 7.187225 	 0.000980 	 0.025574
31.470598 	 7.199097 	 -0.000341 	 0.025574
31.515916 	 7.191284 	 0.001502 	 0.026245
31.561688 	 7.184814 	 0.000575 	 0.026062
31.604741 	 7.196075 	 0.000021 	 0.023865
31.652325 	 7.194214 	 0.000597 	 0.025848
31.703535 	 7.204834 	 0.000874 	 0.024841
31.748854 	 7.197296 	 0.002237 	 0.028259
31.795532 	 7.188660 	 0.000905 	 0.027740
31.843117 	 7.189148 	 -0.000352 	 0.023987
31.885263 	 7.186310 	 0.001470 	 0.023895
31.935567 	 7.191315 	 0.000980 	 0.023804
31.979979 	 7.194122 	 0.001119 	 0.025299
32.022578 	 7.177521 	 0.001854 	 0.025208
32.073335 	 7.187378 	 0.000586 	 0.026398
32.121826 	 7.198883 	 0.000245 	 0.025238
32.165332 	 7.190002 	 -0.001193 	 0.023468
32.212010 	 7.186249 	 0.000053 	 0.023590
32.257329 	 7.188385 	 -0.000170 	 0.021942
32.304913 	 7.192841 	 0.000597 	 0.024231
32.351591 	 7.188263 	 -0.000778 	 0.022125
32.399629 	 7.189331 	 0.001087 	 0.024170
32.442682 	 7.193298 	 0.000607 	 0.022980
32.490720 	 7.187439 	 0.000948 	 0.025146
32.535132 	 7.188171 	 -0.000895 	 0.024872
32.581357 	 7.186096 	 0.000575 	 0.023315
32.632567 	 7.192200 	 -0.001406 	 0.022339
32.679245 	 7.191406 	 -0.000469 	 0.023560
32.724110 	 7.190460 	 0.000980 	 0.024231
32.768523 	 7.184967 	 -0.000213 	 0.025208
32.812482 	 7.187225 	 0.002067 	 0.026306
32.862785 	 7.195129 	 0.001182 	 0.026672
32.909464 	 7.197083 	 0.001140 	 0.026672
32.956595 	 7.200134 	 -0.001001 	 0.022827
33.000554 	 7.195221 	 -0.000874 	 0.024292
33.047685 	 7.193512 	 -0.001246 	 0.022797
33.095270 	 7.202637 	 -0.000160 	 0.021057
33.139229 	 7.193909 	 0.000075 	 0.022217
33.189079 	 7.191437 	 -0.001161 	 0.021698
33.232132 	 7.197113 	 -0.000565 	 0.022614
33.280170 	 7.197205 	 -0.000927 	 0.021210
33.328661 	 7.188385 	 0.001150 	 0.023560
33.373073 	 7.184662 	 0.000650 	 0.024933
33.421564 	 7.197113 	 -0.001150 	 0.022949
33.466882 	 7.185425 	 0.000213 	 0.022522
33.513107 	 7.181519 	 -0.000341 	 0.023499
33.558879 	 7.188324 	 -0.000341 	 0.022034
33.608276 	 7.200287 	 0.000415 	 0.023895
33.653595 	 7.196228 	 0.001715 	 0.025391
33.697554 	 7.200195 	 -0.000714 	 0.023254
33.741966 	 7.196350 	 0.000266 	 0.023682
33.791817 	 7.199066 	 -0.000234 	 0.020660
33.839854 	 7.187195 	 0.000075 	 0.023773
33.882907 	 7.209625 	 -0.000107 	 0.022919
33.931851 	 7.193146 	 -0.000224 	 0.023163
33.975357 	 7.196136 	 -0.000916 	 0.021698
34.022035 	 7.179810 	 -0.000671 	 0.022064
34.069167 	 7.190918 	 -0.000426 	 0.022339
34.116751 	 7.186951 	 -0.000991 	 0.022034
34.164789 	 7.197235 	 0.000682 	 0.023254
34.208295 	 7.194092 	 0.000597 	 0.023407
34.254520 	 7.186096 	 -0.000810 	 0.027557
34.299838 	 7.200287 	 -0.000107 	 0.023468
34.346970 	 7.196381 	 0.001513 	 0.023560
34.394554 	 7.201141 	 0.000053 	 0.024078
34.442592 	 7.184967 	 -0.000671 	 0.022339
34.486551 	 7.189941 	 0.000948 	 0.024414
34.535495 	 7.191284 	 0.000043 	 0.026001
34.582626 	 7.194366 	 -0.000309 	 0.024170
34.627492 	 7.195526 	 -0.000895 	 0.024719
34.673264 	 7.198914 	 -0.001150 	 0.023437
34.719489 	 7.191162 	 0.000884 	 0.024384
34.769339 	 7.195892 	 0.000565 	 0.027466
34.813298 	 7.192535 	 0.000490 	 0.026123
34.857257 	 7.205261 	 0.000288 	 0.023895
34.905295 	 7.195862 	 -0.001055 	 0.023865
34.953786 	 7.197388 	 -0.001278 	 0.020691
34.995479 	 7.188232 	 0.000011 	 0.021118
35.043517 	 7.188934 	 -0.000874 	 0.022614
35.092007 	 7.201904 	 -0.000852 	 0.021271
35.136873 	 7.198639 	 0.000543 	 0.019409
35.184457 	 7.204071 	 -0.000863 	 0.021606
35.227963 	 7.188171 	 0.001193 	 0.022888
35.276454 	 7.176666 	 -0.000107 	 0.024323
35.324945 	 7.196106 	 -0.000362 	 0.023621
35.371170 	 7.193787 	 -0.000735 	 0.021393
35.416489 	 7.190948 	 -0.000969 	 0.021606
35.463620 	 7.191986 	 0.000011 	 0.020966
35.510298 	 7.188904 	 0.000096 	 0.021912
35.556976 	 7.183960 	 0.000107 	 0.023621
35.601842 	 7.184052 	 0.002024 	 0.025726
35.646254 	 7.194092 	 0.000788 	 0.026672
35.693385 	 7.200043 	 0.000842 	 0.027252
35.742329 	 7.179962 	 0.001513 	 0.026215
35.788101 	 7.181213 	 0.000533 	 0.023743
35.836139 	 7.190155 	 0.000256 	 0.024048
35.883723 	 7.189789 	 -0.000138 	 0.022278
35.924510 	 7.195282 	 -0.000032 	 0.023926
35.973454 	 7.185822 	 -0.000799 	 0.022644
36.019226 	 7.184235 	 0.001992 	 0.023254
36.066357 	 7.191833 	 -0.001300 	 0.022827
36.114395 	 7.201385 	 0.000533 	 0.022888
36.157901 	 7.181091 	 0.000724 	 0.025116
36.209564 	 7.185211 	 0.000863 	 0.026855
36.253976 	 7.192108 	 0.000639 	 0.025116
36.298389 	 7.194336 	 -0.001800 	 0.023193
36.345520 	 7.190002 	 -0.000032 	 0.022491
36.389932 	 7.195221 	 0.000980 	 0.023010
36.437517 	 7.195068 	 -0.001257 	 0.023132
36.483289 	 7.195923 	 -0.001523 	 0.022675
36.531779 	 7.192108 	 -0.000245 	 0.021149
36.574832 	 7.190948 	 0.000554 	 0.024658
36.623323 	 7.178772 	 0.000447 	 0.021332
36.670454 	 7.193848 	 -0.000543 	 0.023468
36.717586 	 7.184174 	 0.000767 	 0.023193
36.763358 	 7.189972 	 0.000128 	 0.024323
36.810489 	 7.191742 	 0.000490 	 0.023926
36.854901 	 7.188232 	 -0.000352 	 0.023743
36.900220 	 7.183990 	 0.002706 	 0.028748
36.946898 	 7.191803 	 0.000671 	 0.029602
36.994482 	 7.189911 	 -0.001278 	 0.026672
37.040707 	 7.195984 	 0.001076 	 0.026733
37.086479 	 7.192993 	 0.000330 	 0.025909
37.134970 	 7.190948 	 0.000075 	 0.023712
37.178476 	 7.189880 	 -0.000437 	 0.024231
37.229686 	 7.191864 	 -0.001843 	 0.021057
37.274098 	 7.199799 	 0.000383 	 0.023315
37.320776 	 7.196014 	 -0.000490 	 0.024139
37.367908 	 7.194000 	 0.000107 	 0.024292
37.410507 	 7.190826 	 0.000810 	 0.023743
37.459451 	 7.190063 	 -0.000181 	 0.024902
37.503864 	 7.198486 	 0.000618 	 0.025482
37.551901 	 7.184540 	 0.000522 	 0.024139
37.597220 	 7.195953 	 0.000788 	 0.024567
37.645711 	 7.187836 	 0.000629 	 0.023956
37.689670 	 7.181030 	 0.000692 	 0.023956
37.739973 	 7.177124 	 0.002077 	 0.026428
37.779854 	 7.188690 	 0.000969 	 0.026794
37.831517 	 7.191956 	 -0.000352 	 0.024506
37.875476 	 7.187958 	 -0.000799 	 0.020752
37.921248 	 7.187195 	 -0.000277 	 0.023376
37.967020 	 7.195740 	 0.000128 	 0.022583
38.017323 	 7.189209 	 -0.000884 	 0.023346
38.061282 	 7.187073 	 0.000767 	 0.024902
38.109320 	 7.188446 	 0.002045 	 0.027252
38.152826 	 7.192535 	 0.000043 	 0.025604
38.199504 	 7.197479 	 -0.000650 	 0.023254
38.247089 	 7.182983 	 -0.000383 	 0.023529
38.294220 	 7.179108 	 -0.000352 	 0.023224
38.340898 	 7.198029 	 -0.000969 	 0.022583
38.389389 	 7.188232 	 -0.000277 	 0.022430
38.433801 	 7.194183 	 -0.001694 	 0.020477
38.479120 	 7.193878 	 -0.000756 	 0.021088
38.526704 	 7.188324 	 0.000064 	 0.021667
38.572929 	 7.192108 	 -0.000394 	 0.022491
38.619608 	 7.200287 	 -0.000692 	 0.021393
38.666739 	 7.195923 	 -0.001406 	 0.020111
38.712057 	 7.190887 	 -0.000362 	 0.021362
38.759189 	 7.189941 	 0.000000 	 0.021667
38.805867 	 7.178986 	 -0.000352 	 0.022247
38.849373 	 7.187256 	 -0.000181 	 0.023285
38.896504 	 7.188202 	 0.000053 	 0.022736
38.941823 	 7.188538 	 0.000565 	 0.024750
38.987595 	 7.202759 	 -0.000234 	 0.023804
39.038805 	 7.177765 	 -0.000618 	 0.023041
39.081857 	 7.191772 	 -0.000011 	 0.023590
39.128535 	 7.188019 	 -0.000149 	 0.022430
39.174307 	 7.200317 	 -0.001108 	 0.021515
39.222798 	 7.191284 	 0.000064 	 0.022003
39.271289 	 7.190308 	 -0.000778 	 0.020233
39.316608 	 7.183289 	 0.000437 	 0.021851
39.362833 	 7.195557 	 -0.001779 	 0.020752
39.406792 	 7.183411 	 -0.000607 	 0.019165
39.454829 	 7.188477 	 -0.000117 	 0.020752
39.501508 	 7.194031 	 0.000181 	 0.021332
39.546373 	 7.188538 	 -0.000266 	 0.022400
39.591238 	 7.195709 	 0.000905 	 0.023468
39.641089 	 7.169067 	 0.001289 	 0.026428
39.683235 	 7.190552 	 -0.000021 	 0.025970
39.731726 	 7.188354 	 0.000469 	 0.025085
39.776591 	 7.182709 	 0.000788 	 0.025543
39.826442 	 7.182312 	 0.001001 	 0.025330
39.873573 	 7.203278 	 0.000629 	 0.023621
39.915720 	 7.190125 	 -0.001864 	 0.022919
39.962851 	 7.184875 	 -0.000341 	 0.020508
40.009076 	 7.187195 	 -0.000266 	 0.022247
40.056207 	 7.185089 	 -0.001300 	 0.019958
40.102432 	 7.184174 	 -0.000511 	 0.018494
40.151376 	 7.183136 	 0.000671 	 0.023437
40.192163 	 7.193115 	 0.000884 	 0.023163
40.239748 	 7.191254 	 0.000341 	 0.025848
40.285519 	 7.190430 	 0.001545 	 0.024963
40.334917 	 7.190247 	 -0.000256 	 0.024872
40.382954 	 7.190186 	 0.000170 	 0.026489
40.427820 	 7.187012 	 0.001449 	 0.026733
40.474498 	 7.190125 	 -0.000288 	 0.024323
40.520723 	 7.193115 	 -0.001236 	 0.023346
40.568761 	 7.201233 	 -0.000639 	 0.020721
40.615892 	 7.186859 	 -0.001182 	 0.022217
40.662117 	 7.187164 	 -0.000458 	 0.021881
40.705623 	 7.194183 	 -0.000160 	 0.022034
40.754114 	 7.176514 	 0.001193 	 0.025116
40.798526 	 7.192657 	 -0.000511 	 0.023682
40.844751 	 7.198059 	 0.000277 	 0.022522
40.890976 	 7.195862 	 -0.001087 	 0.022736
40.935388 	 7.199402 	 0.000682 	 0.023376
40.983426 	 7.191040 	 -0.000320 	 0.022675
41.029651 	 7.199951 	 -0.000288 	 0.023132
41.075423 	 7.192169 	 0.000085 	 0.022705
41.122101 	 7.185272 	 -0.000756 	 0.023041
41.170139 	 7.196014 	 -0.000810 	 0.022888
41.216364 	 7.189240 	 -0.001395 	 0.021179
41.261682 	 7.184814 	 -0.000213 	 0.022095
41.311986 	 7.184937 	 0.000948 	 0.023407
41.354585 	 7.183105 	 0.000362 	 0.024628
41.402623 	 7.192810 	 -0.000213 	 0.023651
41.450661 	 7.198822 	 0.000000 	 0.022217
41.494620 	 7.188873 	 -0.001065 	 0.022156
41.539485 	 7.191742 	 0.000288 	 0.022125
41.587523 	 7.199158 	 0.000032 	 0.024780
41.632388 	 7.187256 	 0.000469 	 0.023102
41.684505 	 7.184937 	 0.000064 	 0.024323
41.724838 	 7.191315 	 0.000096 	 0.024017
41.773329 	 7.192780 	 -0.000629 	 0.021515
41.820914 	 7.191833 	 0.000075 	 0.023468
41.863513 	 7.187286 	 0.001012 	 0.023926
41.911098 	 7.187286 	 0.001502 	 0.025208
41.959135 	 7.198914 	 -0.000043 	 0.026062
42.004001 	 7.185699 	 0.000224 	 0.024292
42.052039 	 7.193085 	 0.000874 	 0.025330
42.095091 	 7.196014 	 -0.001150 	 0.024017
42.144035 	 7.191925 	 -0.000234 	 0.022522
42.189354 	 7.190033 	 0.000043 	 0.022125
42.240564 	 7.193878 	 0.000746 	 0.024811
42.283163 	 7.195404 	 0.000000 	 0.024902
42.331201 	 7.191833 	 -0.001108 	 0.023682
42.377426 	 7.191803 	 -0.000021 	 0.024536
42.423651 	 7.197144 	 -0.001172 	 0.021027
42.468063 	 7.174194 	 -0.001747 	 0.019318
42.514742 	 7.178833 	 -0.000021 	 0.020142
42.557341 	 7.185333 	 0.000383 	 0.022034
42.606738 	 7.192871 	 0.001012 	 0.022949
42.654776 	 7.205383 	 0.000554 	 0.022583
42.701001 	 7.192932 	 -0.000266 	 0.023132
42.747679 	 7.185791 	 -0.001917 	 0.020172
42.793904 	 7.188568 	 -0.000192 	 0.021179
42.841489 	 7.198730 	 0.002056 	 0.025085
42.886354 	 7.193878 	 -0.001641 	 0.022369
42.934392 	 7.202118 	 -0.000639 	 0.022034
42.977444 	 7.200409 	 0.000639 	 0.022675
43.027748 	 7.182983 	 0.001321 	 0.025299
43.072160 	 7.187195 	 0.000469 	 0.025208
43.118839 	 7.187531 	 0.000597 	 0.024933
43.164157 	 7.185181 	 0.000170 	 0.025513
43.209929 	 7.199097 	 0.000096 	 0.024719
43.257060 	 7.189972 	 -0.000149 	 0.023010
43.306911 	 7.195984 	 0.000980 	 0.024872
43.351776 	 7.185791 	 0.000501 	 0.025299
43.398001 	 7.193268 	 -0.000149 	 0.024689
43.443773 	 7.197266 	 0.000575 	 0.025757
43.489998 	 7.187927 	 0.000000 	 0.024292
43.534410 	 7.194214 	 -0.000192 	 0.023773
43.582448 	 7.194946 	 -0.000394 	 0.022186
43.631845 	 7.190369 	 -0.000650 	 0.022919
43.678523 	 7.184265 	 0.000629 	 0.023590
43.721576 	 7.184357 	 -0.000138 	 0.023621
43.769614 	 7.191193 	 0.000320 	 0.024261
43.814932 	 7.204315 	 -0.000980 	 0.023193
43.861157 	 7.188904 	 0.000032 	 0.022186
43.907382 	 7.184601 	 0.001534 	 0.024750
43.956326 	 7.203217 	 0.000053 	 0.025391
44.003458 	 7.193085 	 -0.000724 	 0.021606
44.046964 	 7.200928 	 0.001108 	 0.024048
44.095454 	 7.196136 	 -0.001257 	 0.022614
44.138054 	 7.196808 	 0.000501 	 0.023926
44.183372 	 7.190918 	 -0.000810 	 0.023102
44.232770 	 7.190979 	 0.000298 	 0.022919
44.280354 	 7.192413 	 -0.000245 	 0.023804
44.326579 	 7.190369 	 -0.000352 	 0.023346
44.370085 	 7.196106 	 0.000224 	 0.022583
44.419029 	 7.189789 	 -0.000213 	 0.023712
44.465707 	 7.191498 	 0.001001 	 0.023102
44.509213 	 7.198853 	 -0.001150 	 0.022675
44.555891 	 7.194580 	 -0.000724 	 0.023102
44.602116 	 7.182892 	 -0.000043 	 0.022369
44.649248 	 7.202942 	 0.000948 	 0.023804
44.696832 	 7.197144 	 0.000117 	 0.025177
44.745323 	 7.202484 	 0.000714 	 0.024414
44.787016 	 7.193207 	 -0.000075 	 0.024780
44.835507 	 7.185120 	 -0.000767 	 0.021606
44.880373 	 7.195435 	 -0.001779 	 0.020691
44.927051 	 7.178223 	 -0.000735 	 0.021362
44.974635 	 7.188629 	 0.000288 	 0.021667
45.022220 	 7.176941 	 -0.000383 	 0.022552
45.069351 	 7.199158 	 -0.000810 	 0.021332
45.113310 	 7.189056 	 -0.001246 	 0.020569
45.159535 	 7.189911 	 0.000554 	 0.023376
45.205760 	 7.197357 	 -0.001534 	 0.022003
45.252438 	 7.184265 	 0.000160 	 0.022888
45.302289 	 7.185974 	 0.000309 	 0.022522
45.347607 	 7.191498 	 -0.001278 	 0.022034
45.393832 	 7.192566 	 -0.001172 	 0.019836
45.440964 	 7.191284 	 0.000032 	 0.020996
45.487642 	 7.203125 	 -0.000192 	 0.022949
45.532507 	 7.185974 	 -0.001172 	 0.020966
45.576466 	 7.196106 	 -0.001459 	 0.022919
45.625864 	 7.201721 	 0.000554 	 0.024811
45.670729 	 7.192078 	 -0.000202 	 0.023376
45.717407 	 7.191467 	 0.001257 	 0.023834
45.763179 	 7.195831 	 0.001587 	 0.023254
45.809404 	 7.194489 	 0.000277 	 0.024902
45.855176 	 7.185211 	 -0.001449 	 0.023437
45.904120 	 7.188416 	 0.001012 	 0.023407
45.951704 	 7.196381 	 -0.000032 	 0.025848
45.997476 	 7.184418 	 -0.000362 	 0.023865
46.039622 	 7.191193 	 -0.000597 	 0.023560
46.087660 	 7.190399 	 0.000671 	 0.024109
46.134338 	 7.183014 	 -0.000053 	 0.023163
46.182829 	 7.196381 	 0.000096 	 0.023193
46.229054 	 7.191406 	 0.000724 	 0.024200
46.275732 	 7.183075 	 0.001715 	 0.025055
46.325130 	 7.191895 	 0.000927 	 0.026428
46.368636 	 7.200470 	 -0.000799 	 0.022675
46.411235 	 7.200409 	 -0.000288 	 0.023254
46.460632 	 7.194824 	 0.000724 	 0.023468
46.505498 	 7.191406 	 0.000383 	 0.024536
46.549004 	 7.200317 	 -0.000064 	 0.023285
46.597495 	 7.185120 	 -0.000341 	 0.024048
46.641907 	 7.185028 	 -0.000597 	 0.022034
46.688585 	 7.196136 	 0.000937 	 0.024109
46.737529 	 7.182343 	 -0.000181 	 0.024109
46.786473 	 7.183960 	 0.000234 	 0.023743
46.831792 	 7.195892 	 -0.001246 	 0.022522
46.875751 	 7.199036 	 -0.000778 	 0.020325
46.922882 	 7.183289 	 0.000437 	 0.021942
46.967747 	 7.181396 	 0.000096 	 0.024414
47.014879 	 7.191010 	 0.000692 	 0.024353
47.067448 	 7.190094 	 -0.001417 	 0.022278
47.109595 	 7.204224 	 -0.001459 	 0.020355
47.154460 	 7.185211 	 0.000117 	 0.021301
47.204311 	 7.193146 	 -0.000117 	 0.023865
47.246910 	 7.180573 	 -0.000075 	 0.023712
47.293135 	 7.196106 	 -0.000298 	 0.023254
47.342532 	 7.175812 	 0.000234 	 0.024994
47.388757 	 7.180420 	 -0.000383 	 0.023163
47.434982 	 7.187073 	 0.002035 	 0.024994
47.480754 	 7.188782 	 0.001150 	 0.027069
47.525620 	 7.201416 	 -0.001641 	 0.023132
47.573657 	 7.200317 	 -0.001129 	 0.021027
47.622148 	 7.176056 	 0.002024 	 0.025177
47.664748 	 7.188721 	 0.000064 	 0.024780
47.712332 	 7.192200 	 -0.001342 	 0.022095
47.763542 	 7.191193 	 -0.000224 	 0.022339
47.805688 	 7.181366 	 -0.000224 	 0.020966
47.852367 	 7.184021 	 0.000053 	 0.022583
47.897232 	 7.193207 	 -0.001182 	 0.021454
47.943457 	 7.190277 	 0.001033 	 0.022858
47.990588 	 7.196869 	 0.000586 	 0.028625
48.040439 	 7.191376 	 0.000714 	 0.026245
48.085304 	 7.200165 	 0.000948 	 0.025940
48.131982 	 7.192230 	 0.001523 	 0.026398
48.175941 	 7.191437 	 -0.000266 	 0.024353
48.222620 	 7.186829 	 0.001555 	 0.026245
48.272470 	 7.193298 	 -0.000362 	 0.023499
48.316429 	 7.196045 	 0.000021 	 0.023651
48.364014 	 7.192139 	 -0.001406 	 0.021942
48.408426 	 7.194244 	 -0.000778 	 0.021271
48.454198 	 7.187469 	 -0.000373 	 0.021667
48.501782 	 7.192841 	 0.000607 	 0.024078
48.550273 	 7.192841 	 0.000660 	 0.025085
48.592873 	 7.190186 	 0.001033 	 0.024933
48.641817 	 7.187378 	 -0.000160 	 0.025238
48.688948 	 7.192932 	 -0.000575 	 0.022980
48.734720 	 7.188812 	 -0.000767 	 0.022705
48.783664 	 7.184265 	 0.000511 	 0.024109
48.826717 	 7.194122 	 0.000053 	 0.023315
48.875661 	 7.191528 	 0.001023 	 0.026123
48.918713 	 7.188751 	 -0.000629 	 0.025848
48.965392 	 7.187988 	 -0.000213 	 0.025208
49.013429 	 7.191132 	 -0.000064 	 0.023468
49.058748 	 7.185913 	 -0.000383 	 0.023682
49.101347 	 7.184204 	 0.000543 	 0.023987
49.146666 	 7.184509 	 -0.001204 	 0.021881
49.191531 	 7.191193 	 0.000565 	 0.023193
49.240929 	 7.198242 	 0.000394 	 0.023071
49.284888 	 7.186066 	 0.000298 	 0.023621
49.330659 	 7.196411 	 0.001023 	 0.024872
49.379604 	 7.185516 	 -0.000426 	 0.022614
49.427641 	 7.202789 	 -0.000288 	 0.022217
49.471600 	 7.184692 	 -0.000692 	 0.020905
49.516013 	 7.201202 	 0.000714 	 0.022400
49.566316 	 7.187439 	 -0.000383 	 0.023285
49.610728 	 7.202911 	 0.001055 	 0.023865
49.657407 	 7.188660 	 0.000362 	 0.024933
49.704085 	 7.191071 	 -0.002088 	 0.021820
49.751669 	 7.189972 	 0.000469 	 0.021362
49.796535 	 7.190033 	 -0.001076 	 0.022186
49.843666 	 7.190369 	 0.000937 	 0.023743
49.887625 	 7.192780 	 0.001598 	 0.024261
49.936569 	 7.194122 	 -0.000629 	 0.024475
49.982794 	 7.193787 	 -0.000905 	 0.020355
50.034004 	 7.186920 	 0.000075 	 0.022736
50.076151 	 7.191010 	 -0.002993 	 0.020966
50.120563 	 7.192047 	 -0.000586 	 0.019623
50.167694 	 7.193390 	 -0.000234 	 0.022156
50.213013 	 7.197571 	 0.000820 	 0.024353
50.261050 	 7.186157 	 0.000085 	 0.026672
50.309541 	 7.195923 	 0.000053 	 0.024750
50.355313 	 7.197144 	 0.000298 	 0.024658
50.400632 	 7.192963 	 0.000213 	 0.024719
50.447310 	 7.175415 	 0.000852 	 0.023651
50.495801 	 7.192871 	 0.000575 	 0.024109
50.538400 	 7.187347 	 0.000565 	 0.024780
50.587798 	 7.189453 	 -0.000288 	 0.022217
50.634476 	 7.202209 	 -0.000085 	 0.023254
50.677528 	 7.202606 	 -0.000277 	 0.023590
50.726926 	 7.197144 	 -0.000937 	 0.021362
50.774057 	 7.184296 	 0.000905 	 0.023895
50.821188 	 7.200409 	 -0.000724 	 0.023407
50.865601 	 7.195831 	 -0.001214 	 0.022827
50.908200 	 7.189636 	 0.000107 	 0.022644
50.958957 	 7.192871 	 -0.000703 	 0.022827
51.005635 	 7.193237 	 -0.000075 	 0.023651
51.050500 	 7.177704 	 0.000852 	 0.023407
51.098085 	 7.179230 	 -0.000554 	 0.024200
51.143404 	 7.195435 	 -0.000703 	 0.023376
51.186909 	 7.201630 	 -0.001779 	 0.021606
51.236760 	 7.194366 	 0.000192 	 0.022522
51.282532 	 7.193970 	 0.000192 	 0.023285
51.329663 	 7.188385 	 -0.001832 	 0.021393
51.378607 	 7.192932 	 -0.000959 	 0.022125
51.418941 	 7.190247 	 -0.000075 	 0.021301
51.469244 	 7.186340 	 0.000224 	 0.023041
51.512297 	 7.187408 	 -0.001150 	 0.022888
51.558069 	 7.185059 	 0.000948 	 0.022034
51.606560 	 7.191223 	 0.001832 	 0.025055
51.655504 	 7.199280 	 0.001044 	 0.026428
51.700369 	 7.185730 	 0.000660 	 0.024902
51.746594 	 7.188507 	 0.000895 	 0.027252
51.791460 	 7.193451 	 0.000181 	 0.024841
51.838591 	 7.176392 	 0.001065 	 0.021027
51.883910 	 7.191406 	 -0.001374 	 0.022797
51.931494 	 7.190552 	 -0.000490 	 0.021057
51.979532 	 7.190094 	 -0.000128 	 0.023224
52.025757 	 7.194305 	 -0.000895 	 0.022186
52.072888 	 7.189972 	 -0.000341 	 0.021912
52.117300 	 7.198090 	 -0.001928 	 0.020020
52.163525 	 7.185272 	 -0.000394 	 0.020813
52.211110 	 7.185150 	 0.000746 	 0.023621
52.255069 	 7.191376 	 0.000224 	 0.026398
52.304466 	 7.188507 	 0.001055 	 0.024750
52.349785 	 7.192902 	 0.000692 	 0.025116
52.400089 	 7.187592 	 0.001715 	 0.025330
52.444954 	 7.197083 	 -0.000607 	 0.024933
52.491179 	 7.186005 	 0.000788 	 0.024780
52.535591 	 7.184479 	 0.000874 	 0.024902
52.580003 	 7.193237 	 0.001055 	 0.026855
52.628494 	 7.190338 	 0.000479 	 0.025543
52.676079 	 7.181732 	 0.000607 	 0.025421
52.723210 	 7.191528 	 0.000096 	 0.024292
52.772607 	 7.203156 	 0.000575 	 0.025543
52.815207 	 7.203400 	 -0.000128 	 0.022888
52.860072 	 7.183075 	 0.000064 	 0.024109
52.907657 	 7.193115 	 -0.001108 	 0.021790
52.951163 	 7.190887 	 0.000234 	 0.022430
52.999654 	 7.199005 	 -0.000128 	 0.021912
53.044972 	 7.196350 	 0.000874 	 0.025208
53.092557 	 7.184692 	 -0.002727 	 0.022614
53.139235 	 7.184845 	 -0.001257 	 0.019257
53.186366 	 7.194458 	 -0.001438 	 0.020935
53.231685 	 7.190125 	 0.001523 	 0.023132
53.279269 	 7.188232 	 0.000053 	 0.023956
53.325948 	 7.205017 	 -0.001491 	 0.022339
53.369453 	 7.189026 	 0.000224 	 0.022919
53.417944 	 7.191223 	 -0.000927 	 0.021851
53.464169 	 7.190247 	 0.000831 	 0.023529
53.508128 	 7.196167 	 -0.000096 	 0.023956
53.554353 	 7.190369 	 -0.000788 	 0.023834
53.605563 	 7.184418 	 0.001150 	 0.025543
53.648616 	 7.183319 	 -0.001140 	 0.023407
53.697107 	 7.191406 	 -0.000330 	 0.022797
53.741519 	 7.190491 	 0.000309 	 0.022461
53.788197 	 7.185059 	 0.000629 	 0.023468
53.837141 	 7.199036 	 0.001672 	 0.022156
53.880647 	 7.199036 	 -0.000746 	 0.021698
53.928685 	 7.194458 	 -0.000373 	 0.023743
53.973097 	 7.184174 	 0.000874 	 0.023376
54.021588 	 7.193298 	 0.000224 	 0.025024
54.066454 	 7.199097 	 -0.002237 	 0.019989
54.112679 	 7.194397 	 -0.001140 	 0.018005
54.158904 	 7.196045 	 0.001289 	 0.023163
54.208301 	 7.195435 	 0.001545 	 0.025452
54.252260 	 7.197144 	 -0.001193 	 0.024078
54.302110 	 7.187195 	 -0.000298 	 0.022644
54.345163 	 7.188416 	 -0.000288 	 0.021942
54.392747 	 7.187256 	 0.000298 	 0.025574
54.438519 	 7.190491 	 0.001214 	 0.026947
54.481572 	 7.196075 	 0.000053 	 0.025360
54.530969 	 7.193848 	 -0.000298 	 0.025421
54.579913 	 7.184387 	 -0.000096 	 0.022980
54.623872 	 7.173279 	 0.000895 	 0.027588
54.669644 	 7.194275 	 0.000586 	 0.027313
54.717682 	 7.198212 	 0.000085 	 0.023560
54.758469 	 7.191406 	 0.000107 	 0.023468
54.812398 	 7.195770 	 0.001087 	 0.022949
54.854997 	 7.193237 	 -0.001651 	 0.022736
54.903488 	 7.188995 	 0.000969 	 0.023254
54.950620 	 7.185333 	 -0.000639 	 0.023834
54.998204 	 7.187317 	 0.000032 	 0.024414
55.043069 	 7.195679 	 0.000021 	 0.023376
55.091107 	 7.202454 	 0.000149 	 0.025024
55.134160 	 7.191406 	 -0.001172 	 0.023041
55.180838 	 7.186066 	 -0.000799 	 0.021576
55.227063 	 7.197083 	 -0.000565 	 0.022705
55.275101 	 7.193481 	 0.000660 	 0.022491
55.319513 	 7.194305 	 0.000256 	 0.024414
55.367551 	 7.187500 	 0.000192 	 0.024139
55.412869 	 7.197052 	 -0.000309 	 0.023956
55.459094 	 7.199219 	 0.000597 	 0.024872
55.509398 	 7.196014 	 0.000202 	 0.023651
55.551997 	 7.184906 	 0.002099 	 0.026672
55.600488 	 7.193268 	 0.002354 	 0.028534
55.647620 	 7.191986 	 0.001150 	 0.025726
55.693391 	 7.195862 	 0.000618 	 0.024170
55.739616 	 7.191833 	 -0.000021 	 0.023437
55.784029 	 7.196136 	 -0.000256 	 0.023621
55.832066 	 7.198425 	 -0.000202 	 0.022583
55.878745 	 7.190704 	 0.000192 	 0.026886
55.924969 	 7.190247 	 0.000905 	 0.026001
55.968022 	 7.191437 	 0.000352 	 0.025909
56.019232 	 7.184998 	 0.001119 	 0.029358
56.063644 	 7.198822 	 0.001257 	 0.028625
56.108963 	 7.183197 	 0.000458 	 0.026459
56.156094 	 7.200043 	 0.000682 	 0.025421
56.201866 	 7.195526 	 -0.000650 	 0.022125
56.250357 	 7.186432 	 0.000969 	 0.023865
56.293410 	 7.198029 	 -0.001481 	 0.022705
56.343260 	 7.192902 	 0.000810 	 0.024109
56.390392 	 7.191498 	 0.000341 	 0.024109
56.432085 	 7.191406 	 -0.000266 	 0.024414
56.481029 	 7.184204 	 -0.000650 	 0.022675
56.526347 	 7.202911 	 -0.000362 	 0.023041
56.573479 	 7.187256 	 -0.000149 	 0.022217
56.621516 	 7.195984 	 0.000703 	 0.024689
56.668195 	 7.191376 	 0.000756 	 0.024689
56.715326 	 7.197388 	 -0.001459 	 0.023041
56.760645 	 7.200165 	 -0.000298 	 0.022736
56.808229 	 7.183044 	 -0.001087 	 0.021515
56.850829 	 7.189087 	 -0.000522 	 0.021545
56.897507 	 7.196136 	 -0.001193 	 0.020447
56.945544 	 7.195312 	 0.001087 	 0.020996
56.991316 	 7.194458 	 0.000842 	 0.024261
57.036635 	 7.204254 	 0.000192 	 0.024567
57.085579 	 7.193329 	 0.000138 	 0.023132
57.132257 	 7.201721 	 0.000021 	 0.023285
57.181201 	 7.181061 	 0.000746 	 0.025635
57.224707 	 7.186005 	 -0.000256 	 0.023499
57.270932 	 7.176208 	 -0.000352 	 0.023926
57.318517 	 7.198212 	 -0.000788 	 0.022858
57.361116 	 7.191956 	 -0.000586 	 0.024292
57.407794 	 7.190979 	 -0.000021 	 0.025970
57.459911 	 7.192749 	 -0.000107 	 0.024841
57.501604 	 7.187714 	 0.000469 	 0.026001
57.546016 	 7.195953 	 0.000075 	 0.024170
57.596320 	 7.186310 	 -0.000021 	 0.023773
57.641185 	 7.207123 	 -0.001310 	 0.020935
57.688770 	 7.188293 	 -0.000170 	 0.021881
57.734541 	 7.202576 	 0.000011 	 0.022217
57.781219 	 7.202240 	 -0.000714 	 0.019562
57.827898 	 7.198578 	 -0.000927 	 0.019318
57.877295 	 7.196136 	 -0.000234 	 0.021790
57.919441 	 7.204132 	 -0.001193 	 0.020477
57.966573 	 7.188446 	 -0.000160 	 0.021759
58.013251 	 7.192047 	 -0.000064 	 0.021790
58.058569 	 7.197388 	 0.001129 	 0.022949
58.106607 	 7.193024 	 -0.000160 	 0.025024
58.153738 	 7.183075 	 -0.001161 	 0.023163
58.199963 	 7.190979 	 0.001449 	 0.024231
58.244376 	 7.203156 	 0.000597 	 0.025635
58.292413 	 7.193146 	 0.000927 	 0.025452
58.338185 	 7.206299 	 0.000160 	 0.025024
58.384863 	 7.190094 	 -0.001768 	 0.022644
58.428822 	 7.169220 	 0.000128 	 0.023407
58.480486 	 7.187164 	 0.000181 	 0.024780
58.520819 	 7.184967 	 -0.000117 	 0.025024
58.570216 	 7.198853 	 0.001055 	 0.024170
58.618254 	 7.189880 	 0.000639 	 0.026001
58.663573 	 7.184113 	 -0.000096 	 0.024902
58.708891 	 7.188293 	 0.000895 	 0.022614
58.753757 	 7.191223 	 0.001214 	 0.023743
58.802701 	 7.203003 	 -0.001353 	 0.022736
58.850285 	 7.188416 	 -0.000128 	 0.022522
58.896510 	 7.191406 	 -0.000373 	 0.021576
58.945454 	 7.197205 	 -0.000149 	 0.022003
58.987601 	 7.193909 	 0.000586 	 0.024048
59.033372 	 7.195190 	 -0.000362 	 0.023285
59.081410 	 7.197113 	 0.000320 	 0.024200
59.124463 	 7.191803 	 -0.000128 	 0.023132
59.172047 	 7.190094 	 0.000575 	 0.023682
59.218726 	 7.202332 	 0.000575 	 0.025146
59.264044 	 7.198120 	 0.000075 	 0.024719
59.313441 	 7.208984 	 0.000192 	 0.025482
59.359666 	 7.188110 	 0.001193 	 0.026215
59.407704 	 7.185181 	 0.000660 	 0.026886
59.451663 	 7.193787 	 -0.000064 	 0.023529
59.497435 	 7.200073 	 0.000309 	 0.023926
59.545926 	 7.195648 	 -0.000575 	 0.023987
59.590791 	 7.187225 	 -0.000352 	 0.022125
59.639735 	 7.200043 	 -0.000415 	 0.023071
59.683694 	 7.184845 	 -0.000383 	 0.022308
59.730826 	 7.198151 	 0.001076 	 0.024414
59.777504 	 7.196136 	 0.000160 	 0.025391
59.825542 	 7.192230 	 0.000479 	 0.023376
59.871313 	 7.175995 	 0.000735 	 0.024597
59.917992 	 7.201080 	 0.000916 	 0.025513
59.962857 	 7.181183 	 0.000788 	 0.023224
60.006816 	 7.188202 	 0.000107 	 0.024658
60.054401 	 7.197388 	 -0.000405 	 0.025299
60.102892 	 7.194977 	 0.001001 	 0.024445
60.150023 	 7.196075 	 -0.000810 	 0.023865
60.195341 	 7.183197 	 0.000320 	 0.024231
60.239301 	 7.197418 	 0.000032 	 0.023560
60.289151 	 7.190247 	 0.000554 	 0.023102
60.336282 	 7.194092 	 0.000064 	 0.023804
60.380241 	 7.188141 	 -0.000170 	 0.023071
60.426920 	 7.187073 	 0.000138 	 0.024597
60.474504 	 7.178345 	 0.000075 	 0.022797
60.517557 	 7.188324 	 0.000490 	 0.024139
60.568314 	 7.190186 	 0.001001 	 0.025085
60.611819 	 7.181854 	 0.000277 	 0.024139
60.657591 	 7.191376 	 -0.000011 	 0.024872
60.705176 	 7.194458 	 -0.001342 	 0.021820
60.750494 	 7.191254 	 0.001012 	 0.023315
60.801704 	 7.189911 	 -0.000799 	 0.022705
60.845663 	 7.184875 	 0.001214 	 0.025146
60.889622 	 7.184906 	 0.001321 	 0.026031
60.935394 	 7.185944 	 0.002152 	 0.026611
60.984792 	 7.188660 	 0.000458 	 0.027313
61.031017 	 7.190216 	 0.000863 	 0.025696
61.074522 	 7.197327 	 -0.000330 	 0.024292
61.123466 	 7.191925 	 -0.000277 	 0.024445
61.172864 	 7.187134 	 0.000202 	 0.024109
61.215916 	 7.194153 	 -0.000181 	 0.023621
61.264407 	 7.182007 	 -0.000597 	 0.023651
61.310632 	 7.186066 	 -0.000714 	 0.023254
61.354591 	 7.188324 	 0.000980 	 0.022766
61.402629 	 7.182983 	 -0.000170 	 0.024323
61.448854 	 7.190887 	 0.001182 	 0.024719
61.493719 	 7.191132 	 0.001150 	 0.026123
61.538585 	 7.207397 	 -0.000458 	 0.024231
61.587982 	 7.194275 	 -0.000373 	 0.022705
61.632394 	 7.202301 	 -0.000629 	 0.022095
61.681339 	 7.183289 	 -0.001278 	 0.020966
61.727110 	 7.190979 	 -0.000341 	 0.022247
61.773788 	 7.186218 	 0.000128 	 0.023041
61.821826 	 7.198364 	 0.000149 	 0.023560
61.864879 	 7.189209 	 -0.000096 	 0.021973
61.915636 	 7.195618 	 -0.000884 	 0.020447
61.957782 	 7.184845 	 -0.000181 	 0.021973
62.004913 	 7.195160 	 0.000469 	 0.022034
62.052498 	 7.187866 	 0.000937 	 0.025208
62.098270 	 7.192200 	 0.000522 	 0.025085
62.144041 	 7.202362 	 0.001033 	 0.024658
62.191173 	 7.209076 	 -0.000692 	 0.024384
62.239664 	 7.204315 	 0.000320 	 0.023346
62.285889 	 7.196808 	 0.000266 	 0.024048
62.328488 	 7.193329 	 -0.001225 	 0.021362
62.378339 	 7.187897 	 0.000735 	 0.021820
62.422298 	 7.202026 	 0.000895 	 0.022827
62.472601 	 7.206055 	 0.000000 	 0.024811
62.516560 	 7.197906 	 -0.000192 	 0.023987
62.560066 	 7.198669 	 -0.000213 	 0.022614
62.611729 	 7.188873 	 -0.000245 	 0.023865
62.655688 	 7.188934 	 -0.000607 	 0.022736
62.701007 	 7.193237 	 0.001023 	 0.024750
62.747232 	 7.200531 	 -0.000842 	 0.022247
62.796176 	 7.195282 	 0.000607 	 0.024536
62.841042 	 7.195923 	 0.000362 	 0.024139
62.889986 	 7.200989 	 0.000107 	 0.022369
62.932132 	 7.191132 	 -0.000256 	 0.023468
62.978810 	 7.191162 	 -0.000735 	 0.022095
63.025941 	 7.195374 	 -0.000831 	 0.021576
63.071713 	 7.195709 	 -0.000085 	 0.021515
63.118391 	 7.189087 	 -0.000650 	 0.021820
63.165523 	 7.184906 	 -0.001342 	 0.023712
63.214467 	 7.195343 	 -0.000170 	 0.023712
63.258426 	 7.190094 	 0.000501 	 0.023437
63.306917 	 7.191681 	 -0.001236 	 0.022644
63.355861 	 7.195129 	 0.000352 	 0.023254
63.397554 	 7.196991 	 -0.000874 	 0.022125
63.444685 	 7.195709 	 0.000533 	 0.024139
63.491364 	 7.190308 	 -0.000554 	 0.021301
63.535776 	 7.194122 	 0.001555 	 0.022522
63.586533 	 7.194153 	 -0.000682 	 0.022308
63.630492 	 7.195892 	 -0.000330 	 0.021515
63.677623 	 7.186005 	 0.000181 	 0.014099
63.720676 	 7.184174 	 -0.001406 	 0.018372
63.768713 	 7.200043 	 -0.001332 	 0.018555
63.816751 	 7.181488 	 -0.001236 	 0.019897
63.861617 	 7.196991 	 0.000043 	 0.021393
63.910561 	 7.190338 	 -0.000213 	 0.022766
63.953160 	 7.188477 	 0.000128 	 0.023926
64.002104 	 7.181580 	 0.000575 	 0.023437
64.047876 	 7.184998 	 0.000138 	 0.025330
64.095461 	 7.184906 	 0.000266 	 0.024872
64.141232 	 7.187469 	 0.000565 	 0.025726
64.187910 	 7.193909 	 -0.000288 	 0.023529
64.235042 	 7.180115 	 0.000149 	 0.023987
64.279907 	 7.199005 	 0.000778 	 0.024384
64.326132 	 7.190308 	 -0.001172 	 0.022278
64.375076 	 7.181213 	 0.001129 	 0.024445
64.417223 	 7.184296 	 0.001150 	 0.024170
64.465260 	 7.192963 	 0.000607 	 0.025909
64.508766 	 7.196747 	 0.001140 	 0.027557
64.557710 	 7.177063 	 -0.000234 	 0.024506
64.606201 	 7.188507 	 -0.000224 	 0.024719
64.652879 	 7.195312 	 0.000064 	 0.023712
64.695026 	 7.191803 	 0.000405 	 0.023743
64.744423 	 7.191345 	 0.000874 	 0.025879
64.791101 	 7.197784 	 0.000043 	 0.026367
64.837779 	 7.193146 	 0.000959 	 0.028259
64.882645 	 7.198761 	 0.000309 	 0.027313
64.927057 	 7.187408 	 -0.000341 	 0.024689
64.975095 	 7.189880 	 0.000117 	 0.024933
65.022679 	 7.204193 	 -0.000746 	 0.021332
65.067091 	 7.195404 	 -0.001449 	 0.021851
65.116035 	 7.189026 	 0.001076 	 0.021149
65.159995 	 7.185242 	 -0.000842 	 0.021454
65.210298 	 7.180084 	 -0.000884 	 0.020935
65.255164 	 7.181702 	 0.000522 	 0.021301
65.299576 	 7.185944 	 0.001694 	 0.025177
65.348973 	 7.200165 	 -0.000895 	 0.023193
65.395198 	 7.187408 	 -0.000724 	 0.022552
65.438704 	 7.193970 	 -0.000330 	 0.021484
65.485835 	 7.187500 	 -0.000692 	 0.023346
65.532967 	 7.196564 	 -0.000383 	 0.020508
65.583723 	 7.191101 	 -0.000884 	 0.022003
65.627682 	 7.193939 	 0.000905 	 0.022919
65.670735 	 7.195953 	 0.001289 	 0.024994
65.719679 	 7.196228 	 0.000011 	 0.023926
65.765451 	 7.190125 	 0.000053 	 0.022858
65.812129 	 7.188232 	 0.000565 	 0.023865
65.857448 	 7.190460 	 0.000160 	 0.022797
65.905486 	 7.190002 	 -0.000373 	 0.023895
65.949445 	 7.184021 	 0.001736 	 0.024811
65.995216 	 7.198059 	 0.000447 	 0.025238
66.045520 	 7.201141 	 -0.001470 	 0.023010
66.092198 	 7.188416 	 0.000011 	 0.021423
66.135251 	 7.184875 	 -0.000767 	 0.021912
66.181476 	 7.186981 	 0.000117 	 0.021057
66.231779 	 7.191711 	 0.001992 	 0.024597
66.275739 	 7.186951 	 0.000469 	 0.026245
66.324229 	 7.194366 	 -0.001449 	 0.023132
66.368188 	 7.195618 	 0.000075 	 0.023193
66.413960 	 7.191223 	 0.000852 	 0.023285
66.462904 	 7.196075 	 -0.000874 	 0.022919
66.508676 	 7.191284 	 -0.000309 	 0.021576
66.553995 	 7.203674 	 0.000043 	 0.022095
66.601126 	 7.172913 	 0.000586 	 0.024841
66.646445 	 7.195679 	 -0.001502 	 0.023682
66.693576 	 7.183960 	 -0.000959 	 0.021942
66.741161 	 7.197083 	 0.001385 	 0.024475
66.787386 	 7.191925 	 -0.000202 	 0.025238
66.833611 	 7.194153 	 0.000607 	 0.023773
66.878476 	 7.192627 	 -0.000650 	 0.023254
66.927873 	 7.195831 	 0.001502 	 0.026001
66.972285 	 7.188232 	 -0.000490 	 0.024597
67.018057 	 7.188446 	 -0.000341 	 0.023926
67.063376 	 7.186798 	 -0.001225 	 0.022491
67.110507 	 7.200043 	 -0.000682 	 0.021820
67.160811 	 7.191071 	 -0.000671 	 0.022339
67.202957 	 7.194275 	 0.000629 	 0.023102
67.249635 	 7.194092 	 0.001012 	 0.025391
67.295860 	 7.200195 	 0.001545 	 0.026764
67.341632 	 7.198364 	 -0.001033 	 0.025879
67.387857 	 7.191040 	 -0.001822 	 0.021423
67.437254 	 7.199219 	 0.000597 	 0.023071
67.479854 	 7.197815 	 -0.000277 	 0.023437
67.533783 	 7.192902 	 0.000128 	 0.023193
67.574570 	 7.185974 	 -0.000192 	 0.024170
67.618529 	 7.198792 	 0.000085 	 0.024628
67.665660 	 7.203918 	 0.000607 	 0.023987
67.713245 	 7.196930 	 -0.000458 	 0.024384
67.760829 	 7.189606 	 0.001246 	 0.024567
67.804788 	 7.187164 	 0.001012 	 0.024567
67.849200 	 7.192078 	 0.000341 	 0.025269
67.895879 	 7.205200 	 0.001172 	 0.025970
67.943463 	 7.193970 	 -0.001236 	 0.023132
67.989235 	 7.188293 	 0.000117 	 0.023437
68.034554 	 7.199127 	 0.000256 	 0.022125
68.085764 	 7.194122 	 0.000799 	 0.022858
68.133348 	 7.196198 	 0.000256 	 0.024811
68.177760 	 7.197174 	 -0.000330 	 0.022308
68.224438 	 7.188538 	 0.000597 	 0.023346
68.273383 	 7.202789 	 -0.000032 	 0.023590
68.320061 	 7.194366 	 0.000927 	 0.023315
68.365379 	 7.195007 	 -0.000629 	 0.024139
68.410245 	 7.194031 	 0.000671 	 0.024261
68.455563 	 7.196594 	 0.000011 	 0.023468
68.503148 	 7.208954 	 -0.000415 	 0.022125
68.548013 	 7.187286 	 -0.001108 	 0.021454
68.595598 	 7.183014 	 -0.000160 	 0.021362
68.641370 	 7.184723 	 -0.000011 	 0.022766
68.686235 	 7.184204 	 -0.001044 	 0.022217
68.733820 	 7.200256 	 0.000170 	 0.021332
68.780498 	 7.185272 	 0.000000 	 0.022949
68.826723 	 7.193237 	 -0.000778 	 0.020111
68.874307 	 7.189819 	 0.000447 	 0.022095
68.920079 	 7.195435 	 0.000064 	 0.023254
68.968117 	 7.200226 	 0.000575 	 0.023712
69.013435 	 7.195801 	 -0.000202 	 0.024750
69.058301 	 7.189941 	 0.000703 	 0.016479
69.104073 	 7.184967 	 -0.000383 	 0.020966
69.155736 	 7.199005 	 0.000128 	 0.023071
69.197429 	 7.190002 	 0.000650 	 0.024536
69.242747 	 7.190704 	 -0.001193 	 0.024597
69.291238 	 7.196320 	 0.001736 	 0.023956
69.334744 	 7.178986 	 0.001129 	 0.026154
69.388220 	 7.190216 	 0.000884 	 0.025330
69.430367 	 7.197357 	 -0.000341 	 0.024353
69.476591 	 7.208893 	 -0.000277 	 0.023865
69.524629 	 7.200134 	 0.000107 	 0.022186
69.568588 	 7.188477 	 -0.001310 	 0.023376
69.617986 	 7.193390 	 -0.001150 	 0.022919
69.661491 	 7.181335 	 0.000394 	 0.022491
69.709529 	 7.197388 	 -0.000373 	 0.023376
69.757114 	 7.198181 	 0.000011 	 0.022583
69.801526 	 7.201172 	 0.000724 	 0.024933
69.847751 	 7.194214 	 -0.001182 	 0.023010
69.894429 	 7.185028 	 -0.000533 	 0.022003
69.941560 	 7.188354 	 0.001076 	 0.024384
69.985973 	 7.189087 	 0.001470 	 0.025208
70.035370 	 7.202332 	 0.000852 	 0.026886
70.078876 	 7.200226 	 0.001417 	 0.026672
70.124194 	 7.191528 	 0.000969 	 0.025970
70.175858 	 7.194336 	 -0.000650 	 0.026306
70.218457 	 7.193268 	 -0.000170 	 0.026886
70.265588 	 7.191833 	 0.000160 	 0.023712
70.314986 	 7.185120 	 0.000543 	 0.024719
70.358945 	 7.182892 	 0.000138 	 0.024353
70.405623 	 7.193237 	 -0.000692 	 0.023987
70.450035 	 7.187164 	 0.000863 	 0.024872
70.498979 	 7.187225 	 0.000383 	 0.024841
70.547017 	 7.192810 	 -0.000437 	 0.024536
70.590070 	 7.190552 	 0.000021 	 0.022736
70.637201 	 7.183289 	 0.000650 	 0.023437
70.685692 	 7.195862 	 -0.000383 	 0.023560
70.730104 	 7.187347 	 0.000170 	 0.023621
70.776329 	 7.191437 	 0.001087 	 0.026245
70.824820 	 7.195343 	 0.000149 	 0.025574
70.870592 	 7.193024 	 0.000565 	 0.026703
70.915004 	 7.190155 	 0.000160 	 0.024445
70.964401 	 7.188690 	 -0.001172 	 0.023804
71.007907 	 7.191345 	 -0.000607 	 0.021454
71.055038 	 7.189056 	 0.000181 	 0.023102
71.098997 	 7.199005 	 0.001364 	 0.024841
71.147942 	 7.184937 	 -0.000639 	 0.023407
71.196432 	 7.193909 	 -0.000671 	 0.022766
71.239485 	 7.197021 	 0.000543 	 0.022339
71.286163 	 7.195129 	 0.000160 	 0.022644
71.334201 	 7.195984 	 -0.000064 	 0.022705
71.382692 	 7.200134 	 -0.000170 	 0.021606
71.424838 	 7.184845 	 0.001246 	 0.023743
71.474236 	 7.191650 	 -0.000437 	 0.024292
71.519101 	 7.205902 	 -0.000405 	 0.022705
71.564873 	 7.185150 	 -0.000170 	 0.022949
71.611098 	 7.180023 	 0.001364 	 0.024384
71.658682 	 7.192383 	 0.000107 	 0.024261
71.707173 	 7.193115 	 0.000085 	 0.024811
71.756117 	 7.192963 	 0.000959 	 0.024323
71.794638 	 7.190125 	 0.000202 	 0.024353
71.844035 	 7.197174 	 0.000714 	 0.024658
71.891167 	 7.187256 	 0.000107 	 0.024750
71.938298 	 7.187164 	 -0.000447 	 0.023987
71.981804 	 7.201324 	 0.000277 	 0.022827
72.032561 	 7.192963 	 -0.000490 	 0.023254
72.076520 	 7.194092 	 0.000618 	 0.022858
72.124104 	 7.199127 	 -0.001630 	 0.018890
72.171689 	 7.191864 	 0.000660 	 0.022400
72.213835 	 7.191193 	 0.000256 	 0.022827
72.262326 	 7.184296 	 -0.000192 	 0.022919
72.309457 	 7.199036 	 -0.000767 	 0.021301
72.357042 	 7.187134 	 0.001438 	 0.023529
72.401454 	 7.197388 	 0.001427 	 0.026520
72.447226 	 7.187195 	 -0.000533 	 0.021729
72.492998 	 7.188873 	 -0.000341 	 0.020996
72.543755 	 7.192810 	 0.000692 	 0.023499
72.587260 	 7.188110 	 -0.000927 	 0.022125
72.633939 	 7.196075 	 0.001119 	 0.023651
72.680617 	 7.192017 	 -0.000352 	 0.022888
72.728654 	 7.184174 	 -0.000469 	 0.021027
72.771254 	 7.184784 	 0.000256 	 0.023712
72.816573 	 7.202911 	 -0.000767 	 0.021332
72.865970 	 7.191193 	 0.000202 	 0.022308
72.909023 	 7.184235 	 -0.000277 	 0.022095
72.957060 	 7.184540 	 0.000671 	 0.023682
73.003738 	 7.194153 	 0.000522 	 0.024933
73.049963 	 7.187012 	 -0.000192 	 0.023712
73.100720 	 7.188019 	 0.001672 	 0.023529
73.145132 	 7.194214 	 0.000266 	 0.024536
73.189998 	 7.194214 	 -0.001864 	 0.020813
73.240302 	 7.192932 	 0.000000 	 0.022430
73.281995 	 7.191895 	 -0.000320 	 0.020111
73.331392 	 7.187103 	 0.000458 	 0.023010
73.375351 	 7.199066 	 0.000682 	 0.023712
73.420670 	 7.189850 	 0.000895 	 0.023712
73.468707 	 7.196075 	 0.000192 	 0.024597
73.516292 	 7.193085 	 0.000415 	 0.024231
73.562517 	 7.190063 	 0.000128 	 0.025787
73.609195 	 7.195648 	 0.001097 	 0.024261
73.653607 	 7.188385 	 0.000703 	 0.025085
73.701192 	 7.181030 	 0.000181 	 0.024170
73.745604 	 7.179993 	 0.000447 	 0.023743
73.790469 	 7.203949 	 0.000181 	 0.022797
73.836241 	 7.183960 	 -0.001129 	 0.024567
73.886545 	 7.193573 	 -0.000671 	 0.022400
73.931863 	 7.198364 	 -0.000107 	 0.022430
73.977635 	 7.184509 	 -0.000107 	 0.021759
74.022954 	 7.190369 	 0.000277 	 0.023285
74.070538 	 7.188538 	 0.000831 	 0.025391
74.117670 	 7.187195 	 0.000192 	 0.025085
74.162535 	 7.190063 	 -0.000543 	 0.024109
74.211932 	 7.199310 	 -0.000288 	 0.025085
74.254532 	 7.191223 	 -0.000607 	 0.023712
74.302116 	 7.186951 	 -0.000703 	 0.021729
74.350154 	 7.184998 	 0.001332 	 0.025360
74.396379 	 7.186249 	 -0.001097 	 0.022888
74.442604 	 7.198608 	 0.001268 	 0.023499
74.490642 	 7.187927 	 0.000373 	 0.025146
74.534601 	 7.180481 	 0.000181 	 0.022430
74.581279 	 7.186890 	 -0.000458 	 0.021362
74.628864 	 7.177307 	 0.000170 	 0.023376
74.677808 	 7.190460 	 0.000586 	 0.023560
74.720860 	 7.185547 	 -0.000021 	 0.024414
74.768445 	 7.194122 	 -0.000820 	 0.024261
74.815123 	 7.191650 	 0.000895 	 0.023132
74.859988 	 7.190552 	 0.002099 	 0.025757
74.905760 	 7.188416 	 0.000053 	 0.025513
74.953798 	 7.182953 	 0.000256 	 0.022583
74.998663 	 7.190186 	 0.001033 	 0.025452
75.046701 	 7.186066 	 -0.000565 	 0.023224
75.092473 	 7.194397 	 -0.000266 	 0.023621
75.138245 	 7.187164 	 0.000554 	 0.023682
75.186282 	 7.196136 	 -0.000128 	 0.023590
75.231601 	 7.201569 	 -0.000149 	 0.022980
75.278279 	 7.188202 	 0.000735 	 0.023407
75.322691 	 7.187378 	 0.000905 	 0.025482
75.368010 	 7.188568 	 0.000639 	 0.024109
75.418767 	 7.197174 	 -0.000234 	 0.024994
75.460007 	 7.195312 	 0.002045 	 0.025146
75.509857 	 7.195404 	 -0.000586 	 0.025269
75.556082 	 7.202301 	 -0.000554 	 0.022614
75.603214 	 7.191223 	 0.000629 	 0.022766
75.648985 	 7.183289 	 0.001523 	 0.024017
75.695663 	 7.194366 	 0.000234 	 0.025757
75.743248 	 7.199310 	 0.001108 	 0.025116
75.789020 	 7.197052 	 -0.001395 	 0.025055
75.833432 	 7.189362 	 0.000597 	 0.025452
75.881470 	 7.190063 	 0.000692 	 0.024048
75.927695 	 7.203156 	 0.000895 	 0.026276
75.976186 	 7.183136 	 0.000021 	 0.025513
76.020598 	 7.183258 	 0.000575 	 0.026825
76.067729 	 7.184235 	 0.000991 	 0.030060
76.115314 	 7.185211 	 -0.000309 	 0.026306
76.159726 	 7.190155 	 0.001641 	 0.025299
76.204138 	 7.189056 	 0.000863 	 0.026672
76.255348 	 7.189514 	 0.000767 	 0.023773
76.298401 	 7.207397 	 0.001395 	 0.025696
76.345532 	 7.207214 	 0.001917 	 0.028198
76.390851 	 7.198303 	 0.000533 	 0.026398
76.437076 	 7.195923 	 0.000671 	 0.026489
76.485114 	 7.203400 	 0.000469 	 0.025574
76.531339 	 7.200195 	 0.001076 	 0.024567
76.578017 	 7.194916 	 -0.000330 	 0.024261
76.621523 	 7.193176 	 0.000096 	 0.023163
76.673186 	 7.200226 	 -0.001268 	 0.021881
76.714426 	 7.191498 	 0.000597 	 0.022797
76.764276 	 7.187317 	 0.001587 	 0.023529
76.810048 	 7.184143 	 0.000085 	 0.025543
76.851741 	 7.188477 	 0.000820 	 0.024384
76.898419 	 7.184692 	 0.000671 	 0.025116
76.948270 	 7.191193 	 -0.001779 	 0.022186
76.996761 	 7.200684 	 0.000426 	 0.023651
77.039360 	 7.191162 	 0.000128 	 0.024261
77.089664 	 7.200165 	 -0.001182 	 0.022125
77.132263 	 7.200256 	 -0.001555 	 0.021454
77.178488 	 7.193207 	 0.000863 	 0.021454
77.227432 	 7.192108 	 -0.000660 	 0.021637
77.274564 	 7.200165 	 -0.002088 	 0.020264
77.319429 	 7.189697 	 0.000011 	 0.020569
77.365201 	 7.198883 	 -0.000927 	 0.020691
77.410066 	 7.190063 	 0.000714 	 0.024109
77.457198 	 7.187134 	 -0.000916 	 0.023621
77.503423 	 7.183228 	 0.000256 	 0.022644
77.550554 	 7.184998 	 0.001385 	 0.025208
77.598138 	 7.196198 	 -0.001321 	 0.024078
77.643004 	 7.187012 	 0.001001 	 0.023712
77.686057 	 7.188293 	 0.001555 	 0.026031
77.736360 	 7.184692 	 0.001140 	 0.028503
77.780772 	 7.202362 	 0.000565 	 0.027374
77.831076 	 7.183258 	 -0.000149 	 0.026337
77.875941 	 7.191559 	 -0.000288 	 0.023926
77.922166 	 7.187164 	 -0.000618 	 0.021484
77.968391 	 7.191101 	 -0.001672 	 0.021179
78.014163 	 7.191498 	 -0.001758 	 0.020203
78.059029 	 7.191620 	 0.000660 	 0.021149
78.110239 	 7.200867 	 0.000831 	 0.023804
78.154651 	 7.188873 	 -0.000138 	 0.023376
78.202689 	 7.191345 	 -0.000383 	 0.022919
78.248914 	 7.200134 	 -0.000607 	 0.023315
78.294232 	 7.188354 	 0.000937 	 0.023621
78.340004 	 7.196289 	 0.000352 	 0.024323
78.390308 	 7.187531 	 0.001491 	 0.026276
78.434267 	 7.188232 	 0.001470 	 0.025360
78.480945 	 7.188446 	 0.001033 	 0.027008
78.525810 	 7.194031 	 0.000447 	 0.025665
78.572942 	 7.188629 	 0.001758 	 0.025391
78.620073 	 7.201508 	 0.001140 	 0.027618
78.664938 	 7.194305 	 0.000714 	 0.026184
78.712976 	 7.191467 	 0.000256 	 0.026306
78.758295 	 7.191254 	 0.000831 	 0.026245
78.803613 	 7.191406 	 -0.000277 	 0.025330
78.853464 	 7.177307 	 0.000160 	 0.023895
78.897876 	 7.191986 	 0.000703 	 0.025360
78.941382 	 7.191376 	 -0.000277 	 0.025330
78.987154 	 7.190277 	 -0.000788 	 0.022095
79.035645 	 7.186188 	 0.000607 	 0.025238
79.084135 	 7.202454 	 0.000320 	 0.025024
79.129001 	 7.202637 	 0.000469 	 0.026215
79.176585 	 7.175201 	 0.000618 	 0.024658
79.223264 	 7.187592 	 0.001598 	 0.027283
79.267223 	 7.188477 	 0.000746 	 0.026215
79.317979 	 7.194305 	 0.001076 	 0.026947
79.358313 	 7.198486 	 -0.001278 	 0.023193
79.407710 	 7.198700 	 -0.000607 	 0.022186
79.453482 	 7.188873 	 0.000202 	 0.022217
79.501520 	 7.195190 	 -0.000245 	 0.021637
79.550011 	 7.189758 	 0.001140 	 0.022827
79.594876 	 7.191254 	 0.000565 	 0.025238
79.641554 	 7.201324 	 -0.000085 	 0.023315
79.687779 	 7.198822 	 0.000682 	 0.023499
79.734457 	 7.193268 	 0.000554 	 0.025940
79.778416 	 7.203125 	 -0.000096 	 0.024139
79.826454 	 7.201569 	 -0.000607 	 0.023682
79.870866 	 7.185791 	 0.000607 	 0.023834
79.915732 	 7.190552 	 0.000937 	 0.024963
79.964676 	 7.199097 	 0.000202 	 0.025360
80.007275 	 7.193054 	 0.000788 	 0.024689
80.056673 	 7.191345 	 -0.000842 	 0.022308
80.103804 	 7.196228 	 -0.001033 	 0.021240
80.150482 	 7.200226 	 0.000533 	 0.022461
80.196254 	 7.191315 	 0.000245 	 0.024475
80.244292 	 7.184296 	 0.000959 	 0.024261
80.290517 	 7.185150 	 0.001012 	 0.025269
80.337195 	 7.198975 	 0.000959 	 0.024780
80.382513 	 7.196228 	 0.001502 	 0.027740
80.428738 	 7.195831 	 0.000597 	 0.027100
80.477682 	 7.197357 	 -0.001300 	 0.023376
80.523454 	 7.186310 	 -0.000128 	 0.023346
80.568773 	 7.189087 	 0.000852 	 0.023834
80.613638 	 7.190399 	 -0.001182 	 0.024292
80.661676 	 7.193390 	 0.001832 	 0.025177
80.710167 	 7.202972 	 0.001459 	 0.027954
80.754579 	 7.189301 	 0.000575 	 0.027435
80.801257 	 7.193024 	 0.000117 	 0.026825
80.848389 	 7.185425 	 -0.000288 	 0.023407
80.890082 	 7.189392 	 0.000085 	 0.023895
80.940385 	 7.187439 	 0.000096 	 0.022491
80.986157 	 7.197327 	 0.000671 	 0.023773
81.031476 	 7.206146 	 0.001001 	 0.026184
81.078607 	 7.192047 	 0.000501 	 0.025543
81.125285 	 7.179962 	 0.000298 	 0.026184
81.172417 	 7.191284 	 -0.001726 	 0.021362
81.220454 	 7.198944 	 0.000032 	 0.021820
81.264867 	 7.184723 	 -0.000213 	 0.021149
81.309732 	 7.190369 	 0.001406 	 0.023224
81.355051 	 7.187958 	 -0.000735 	 0.024750
81.400822 	 7.189911 	 0.000011 	 0.023621
81.452939 	 7.189056 	 0.002290 	 0.024719
81.498711 	 7.197235 	 0.000096 	 0.026215
81.539951 	 7.184540 	 0.001502 	 0.025787
81.588441 	 7.194336 	 -0.000320 	 0.023529
81.635120 	 7.184113 	 0.000554 	 0.025574
81.681798 	 7.199097 	 0.000565 	 0.024017
81.728929 	 7.188110 	 -0.001246 	 0.022186
81.775154 	 7.200256 	 -0.001119 	 0.020630
81.824098 	 7.201019 	 0.000234 	 0.022369
81.870776 	 7.185150 	 0.000298 	 0.023804
81.914735 	 7.187195 	 -0.000373 	 0.020996
81.960507 	 7.197144 	 -0.000138 	 0.021729
82.007639 	 7.201447 	 0.000234 	 0.023926
82.054317 	 7.193115 	 -0.001055 	 0.022186
82.097369 	 7.180084 	 0.001193 	 0.022858
82.149486 	 7.193359 	 -0.000149 	 0.024078
82.194351 	 7.198608 	 0.001182 	 0.022247
82.236497 	 7.197357 	 0.000511 	 0.021637
82.287254 	 7.197571 	 0.000778 	 0.022400
82.332573 	 7.194183 	 -0.000309 	 0.023499
82.376985 	 7.184906 	 -0.000075 	 0.021729
82.425476 	 7.193451 	 0.000874 	 0.024017
82.468076 	 7.196625 	 0.000288 	 0.022064
82.517020 	 7.193115 	 -0.000117 	 0.022644
82.563698 	 7.191284 	 -0.000852 	 0.022614
82.608110 	 7.185089 	 0.000874 	 0.023712
82.652975 	 7.191101 	 0.000905 	 0.026245
82.705545 	 7.182983 	 0.000320 	 0.025421
82.750864 	 7.195526 	 0.000682 	 0.024811
82.799355 	 7.193939 	 0.001694 	 0.024780
82.840594 	 7.195282 	 0.000916 	 0.024750
82.889992 	 7.187500 	 0.002120 	 0.027649
82.935764 	 7.192902 	 0.003057 	 0.029144
82.983348 	 7.188324 	 0.000181 	 0.028046
83.028214 	 7.201324 	 -0.000341 	 0.024963
83.075345 	 7.195526 	 -0.000053 	 0.024414
83.121570 	 7.192108 	 0.000703 	 0.025391
83.165076 	 7.195953 	 0.001097 	 0.025085
83.213113 	 7.188446 	 -0.000170 	 0.024231
83.259792 	 7.190430 	 -0.000192 	 0.022614
83.306923 	 7.193512 	 -0.000224 	 0.021149
83.357227 	 7.194244 	 -0.000618 	 0.021515
83.401639 	 7.193207 	 0.000852 	 0.022095
83.447864 	 7.190247 	 -0.000735 	 0.023010
83.491823 	 7.184845 	 0.000639 	 0.023407
83.538954 	 7.190369 	 0.001555 	 0.024750
83.585632 	 7.203308 	 0.000181 	 0.025330
83.631857 	 7.184540 	 0.001278 	 0.023499
83.678082 	 7.200348 	 -0.000288 	 0.023743
83.723854 	 7.199036 	 0.000991 	 0.025024
83.771439 	 7.199188 	 0.000266 	 0.024200
83.814491 	 7.200134 	 0.000149 	 0.026367
83.865248 	 7.185028 	 0.000980 	 0.027710
83.909660 	 7.185181 	 0.000543 	 0.025909
83.954979 	 7.200165 	 -0.000192 	 0.024750
84.003470 	 7.188477 	 0.000181 	 0.023560
84.051508 	 7.188934 	 0.000288 	 0.023529
84.094560 	 7.200226 	 -0.000256 	 0.021149
84.140332 	 7.191833 	 0.001044 	 0.023804
84.187010 	 7.185028 	 0.000948 	 0.025360
84.234595 	 7.199066 	 0.000373 	 0.025604
84.283992 	 7.190277 	 0.001491 	 0.026611
84.328857 	 7.192993 	 0.000426 	 0.024963
84.374176 	 7.188263 	 0.000575 	 0.026123
84.419948 	 7.200226 	 0.000522 	 0.024384
84.466173 	 7.200287 	 -0.000245 	 0.022797
84.511491 	 7.196320 	 -0.000245 	 0.021393
84.563608 	 7.191528 	 -0.001289 	 0.019928
84.604395 	 7.190125 	 -0.000053 	 0.021515
84.656058 	 7.197327 	 0.001662 	 0.024200
84.701830 	 7.191010 	 0.000916 	 0.025238
84.744429 	 7.183197 	 -0.000501 	 0.023224
84.792920 	 7.205292 	 -0.000703 	 0.022217
84.838239 	 7.191406 	 0.001097 	 0.024139
84.884010 	 7.194244 	 -0.000288 	 0.022705
84.929782 	 7.191437 	 -0.000991 	 0.021851
84.977367 	 7.184204 	 -0.000011 	 0.022736
85.024498 	 7.184998 	 0.000256 	 0.024414
85.072536 	 7.191223 	 0.000117 	 0.023376
85.119214 	 7.194153 	 0.001108 	 0.025208
85.164986 	 7.198395 	 -0.000639 	 0.023285
85.206679 	 7.188538 	 0.001012 	 0.024445
85.258342 	 7.188629 	 0.000682 	 0.022736
85.304114 	 7.199432 	 -0.001193 	 0.022339
85.350792 	 7.191803 	 -0.001758 	 0.021301
85.394751 	 7.194489 	 0.000895 	 0.023804
85.440976 	 7.198975 	 -0.001321 	 0.022552
85.487201 	 7.188354 	 -0.000181 	 0.021576
85.534785 	 7.166870 	 0.001683 	 0.025116
85.583276 	 7.180176 	 -0.000288 	 0.023865
85.628142 	 7.187378 	 0.001395 	 0.026489
85.676180 	 7.190063 	 0.000671 	 0.026367
85.722404 	 7.195984 	 0.000107 	 0.023834
85.766364 	 7.187347 	 0.000948 	 0.025421
85.817120 	 7.185974 	 -0.000426 	 0.024139
85.858360 	 7.191803 	 0.001012 	 0.026672
85.905038 	 7.201447 	 -0.000575 	 0.024292
85.952623 	 7.188538 	 0.000394 	 0.024200
85.999754 	 7.185089 	 -0.000245 	 0.023346
86.045073 	 7.191315 	 0.000245 	 0.024445
86.093564 	 7.192688 	 0.000937 	 0.024384
86.137070 	 7.200195 	 0.003036 	 0.023621
86.185107 	 7.194427 	 0.001427 	 0.026886
86.229520 	 7.181366 	 0.001790 	 0.026154
86.276651 	 7.190369 	 0.000948 	 0.027435
86.325142 	 7.194305 	 0.001545 	 0.026367
86.368195 	 7.199097 	 0.000202 	 0.024445
86.417139 	 7.197266 	 0.000905 	 0.025391
86.462910 	 7.187836 	 0.000192 	 0.023254
86.507776 	 7.203186 	 -0.000234 	 0.023804
86.554454 	 7.194366 	 0.000437 	 0.025024
86.602492 	 7.195923 	 0.000671 	 0.025208
86.646904 	 7.195740 	 0.000682 	 0.024780
86.691316 	 7.194122 	 0.000192 	 0.024139
86.740260 	 7.204102 	 0.000660 	 0.024414
86.786032 	 7.190094 	 0.002162 	 0.024994
86.833163 	 7.184601 	 0.000533 	 0.026001
86.878935 	 7.205353 	 -0.000021 	 0.025177
86.925160 	 7.196045 	 -0.000607 	 0.022339
86.973198 	 7.188385 	 0.001033 	 0.023163
87.017610 	 7.192200 	 -0.001662 	 0.020386
87.062929 	 7.191772 	 0.001023 	 0.022888
87.109154 	 7.187469 	 -0.000352 	 0.023285
87.158098 	 7.187408 	 0.000330 	 0.024689
87.205229 	 7.193054 	 0.000735 	 0.024475
87.246922 	 7.185333 	 0.000980 	 0.025146
87.296773 	 7.181396 	 -0.000053 	 0.025024
87.341638 	 7.194061 	 0.000639 	 0.024780
87.387863 	 7.193268 	 -0.000043 	 0.025177
87.432729 	 7.195129 	 -0.000117 	 0.024414
87.479407 	 7.208954 	 -0.000639 	 0.022491
87.530164 	 7.193848 	 0.000096 	 0.022949
87.576389 	 7.192383 	 0.000298 	 0.022278
87.621254 	 7.191956 	 -0.000107 	 0.023254
87.671104 	 7.186310 	 0.000405 	 0.024872
87.712798 	 7.185181 	 -0.000224 	 0.022766
87.763554 	 7.200287 	 0.001225 	 0.023651
87.807513 	 7.196991 	 -0.000117 	 0.022003
87.854192 	 7.199219 	 -0.000288 	 0.021332
87.901323 	 7.207550 	 0.000170 	 0.021332
87.943469 	 7.203308 	 -0.000234 	 0.022919
87.992413 	 7.196350 	 -0.000692 	 0.020874
88.038185 	 7.185181 	 0.001001 	 0.024200
88.086223 	 7.193329 	 -0.000032 	 0.025085
88.131541 	 7.191864 	 -0.000202 	 0.023254
88.178220 	 7.183289 	 0.000629 	 0.024963
88.226711 	 7.193085 	 0.001065 	 0.024994
88.272029 	 7.196930 	 0.001193 	 0.025665
88.316441 	 7.186310 	 0.000884 	 0.026062
88.361307 	 7.193207 	 0.000224 	 0.023407
88.409798 	 7.196198 	 -0.000586 	 0.020935
88.456929 	 7.198151 	 -0.000692 	 0.019989
88.505873 	 7.199066 	 0.000991 	 0.024231
88.552551 	 7.190063 	 0.001651 	 0.025116
88.599229 	 7.196106 	 0.000170 	 0.025299
88.644095 	 7.188263 	 0.000288 	 0.023163
88.689867 	 7.184906 	 -0.000170 	 0.023834
88.735638 	 7.191467 	 0.000735 	 0.024841
88.781863 	 7.189331 	 0.000565 	 0.025055
88.828995 	 7.194427 	 0.000916 	 0.026031
88.873407 	 7.190247 	 -0.000703 	 0.024872
88.922804 	 7.181824 	 0.000426 	 0.026642
88.968123 	 7.184265 	 0.000735 	 0.025757
89.014801 	 7.197449 	 0.001161 	 0.026276
89.060120 	 7.188568 	 -0.000810 	 0.023468
89.107704 	 7.195679 	 -0.000660 	 0.021301
89.152116 	 7.195557 	 0.000597 	 0.023651
89.197435 	 7.194458 	 0.000692 	 0.022858
89.248192 	 7.198700 	 0.000320 	 0.024445
89.293964 	 7.193329 	 0.000735 	 0.023529
89.338829 	 7.195129 	 0.000490 	 0.024231
89.387320 	 7.196228 	 0.000107 	 0.024292
89.430826 	 7.197510 	 0.001119 	 0.025696
89.479770 	 7.194214 	 -0.001513 	 0.024628
89.524635 	 7.192505 	 0.001065 	 0.024109
89.572220 	 7.193115 	 0.000202 	 0.023437
89.615726 	 7.186615 	 0.000096 	 0.024506
89.665576 	 7.190277 	 0.000543 	 0.025116
89.709082 	 7.203064 	 0.000937 	 0.026245
89.758026 	 7.184357 	 0.001630 	 0.026947
89.801985 	 7.191650 	 0.000671 	 0.025635
89.851382 	 7.191284 	 0.000320 	 0.023682
89.894888 	 7.188141 	 0.000948 	 0.024414
89.944286 	 7.194641 	 -0.000692 	 0.023499
89.988698 	 7.201141 	 0.000820 	 0.024750
90.034470 	 7.191406 	 -0.000309 	 0.023621
90.082961 	 7.191589 	 0.000128 	 0.024628
90.128279 	 7.205811 	 0.000522 	 0.022522
90.173598 	 7.201660 	 -0.000383 	 0.021637
90.218916 	 7.202332 	 0.001385 	 0.023926
90.267860 	 7.202515 	 -0.000320 	 0.022491
90.314992 	 7.199158 	 -0.000746 	 0.021851
90.358044 	 7.173157 	 0.000842 	 0.024841
90.408348 	 7.196259 	 -0.000660 	 0.021454
90.453667 	 7.198547 	 -0.000011 	 0.022827
90.498985 	 7.183594 	 -0.000756 	 0.022217
90.546117 	 7.190186 	 -0.000160 	 0.021301
90.592795 	 7.200165 	 0.000128 	 0.021606
90.637207 	 7.189148 	 -0.000650 	 0.022278
90.683432 	 7.209045 	 0.001087 	 0.022308
90.730563 	 7.197083 	 0.001694 	 0.026428
90.778601 	 7.197113 	 0.000245 	 0.024475
90.825279 	 7.199341 	 0.001214 	 0.022705
90.871504 	 7.200378 	 0.000341 	 0.024048
90.915463 	 7.193970 	 0.001023 	 0.023590
90.965767 	 7.193115 	 0.000597 	 0.025238
91.008366 	 7.194244 	 0.001129 	 0.025482
91.055045 	 7.204010 	 0.000927 	 0.026184
91.104442 	 7.211304 	 0.000490 	 0.026245
91.149307 	 7.189087 	 -0.000650 	 0.024048
91.193719 	 7.195251 	 0.000128 	 0.025452
91.240398 	 7.192841 	 -0.000202 	 0.022736
91.285716 	 7.184235 	 0.000948 	 0.024994
91.333301 	 7.191589 	 0.000213 	 0.024506
91.380885 	 7.187561 	 0.000884 	 0.025757
91.425751 	 7.199188 	 0.000756 	 0.025452
91.469257 	 7.190521 	 0.001140 	 0.024536
91.519107 	 7.189117 	 -0.001768 	 0.023102
91.568958 	 7.205444 	 0.000234 	 0.021423
91.612917 	 7.202118 	 -0.000863 	 0.022400
91.658235 	 7.184204 	 0.001119 	 0.024261
91.704460 	 7.188385 	 0.000277 	 0.025024
91.751591 	 7.187408 	 0.001119 	 0.025696
91.798270 	 7.199005 	 0.000202 	 0.024109
91.846761 	 7.200592 	 -0.000607 	 0.023834
91.892986 	 7.194489 	 -0.000149 	 0.022339
91.940117 	 7.184967 	 -0.000820 	 0.021667
91.984982 	 7.193237 	 0.001001 	 0.024780
92.029395 	 7.196167 	 0.000916 	 0.024475

 Z Turning Point (V) = 3.304657 
 Turning Time Delay (ms) = 0 
 SEN (V) =  
 App. Driving Voltage (mVrms) = 0.300000 
 App. Vias. Voltage (V) = 0.000000 
 App. Del Z (Bit) = -10 
 App. Delay Time (ms) = 1000 
 App. Velocity (nm/s) = -0.045319 
 Ret. Driving Voltage (mVrms) = 0.300000 
 Ret. Vias. Voltage (V) = 0.000000 
 Ret. Del Z (Bit) = -10 
 Ret. Delay Time (ms) = 1000 
 Ret. Velocity (nm/s) = -0.045319 
  
 Data Array Size = 2264 
 Frequency (Hz) = sen.
 
