3.623676 	 7.207794 	 0.001044 	 0.028107
3.575638 	 7.208649 	 -0.000362 	 0.025055
3.529413 	 7.214569 	 0.000565 	 0.025146
3.483188 	 7.209564 	 0.001566 	 0.026215
3.436510 	 7.212708 	 0.001577 	 0.028076
3.392097 	 7.212677 	 0.001587 	 0.027252
3.343607 	 7.217346 	 0.002045 	 0.028778
3.298741 	 7.210083 	 0.000895 	 0.027985
3.252063 	 7.213287 	 0.002067 	 0.028046
3.208557 	 7.209473 	 0.001896 	 0.028748
3.161426 	 7.227631 	 0.001214 	 0.028717
3.113388 	 7.218414 	 0.002280 	 0.029755
3.065350 	 7.220184 	 -0.000266 	 0.027252
3.018672 	 7.223450 	 0.003143 	 0.028290
2.975166 	 7.213135 	 0.001353 	 0.028320
2.925316 	 7.202698 	 0.002312 	 0.028107
2.877731 	 7.214508 	 0.000927 	 0.028229
2.831506 	 7.207520 	 0.000629 	 0.028076
2.785281 	 7.215546 	 0.001907 	 0.029205
2.739056 	 7.213684 	 0.003537 	 0.030609
2.694644 	 7.205841 	 0.001619 	 0.031189
2.647060 	 7.221863 	 0.000884 	 0.031128
2.601741 	 7.222961 	 0.003313 	 0.029358
2.556422 	 7.208344 	 0.000991 	 0.029205
2.507478 	 7.213562 	 0.002120 	 0.029694
2.460347 	 7.214844 	 0.001651 	 0.027740
2.412762 	 7.216644 	 0.001651 	 0.028625
2.370163 	 7.218719 	 0.002674 	 0.028900
2.321219 	 7.212921 	 0.001076 	 0.027435
2.274541 	 7.212830 	 0.002844 	 0.028015
2.229675 	 7.220154 	 0.002642 	 0.030334
2.184357 	 7.220520 	 0.001278 	 0.028320
2.135866 	 7.215759 	 0.001619 	 0.030212
2.087828 	 7.205719 	 0.001960 	 0.031494
2.042056 	 7.217377 	 0.002109 	 0.031342
1.999004 	 7.206482 	 0.002109 	 0.030151
1.954591 	 7.216339 	 0.001598 	 0.030914
1.903835 	 7.206207 	 0.000991 	 0.025208
1.857156 	 7.207916 	 0.002706 	 0.026489
1.809572 	 7.208801 	 0.000639 	 0.026154
1.764706 	 7.201996 	 0.003601 	 0.030304
1.717575 	 7.213654 	 0.004091 	 0.033356
1.673163 	 7.208740 	 0.002248 	 0.031921
1.624672 	 7.208771 	 0.002748 	 0.031982
1.580713 	 7.216492 	 0.003462 	 0.032471
1.532675 	 7.210632 	 0.002919 	 0.033203
1.489622 	 7.218750 	 0.001917 	 0.032623
1.441132 	 7.209137 	 0.003451 	 0.032471
1.392641 	 7.207672 	 0.002748 	 0.032532
1.348228 	 7.212921 	 0.004208 	 0.032776
1.302910 	 7.209412 	 0.004048 	 0.035522
1.254872 	 7.053864 	 0.031713 	 0.062775
1.206834 	 7.036560 	 0.031979 	 0.088379
1.162875 	 7.020264 	 0.034014 	 0.102081
1.115291 	 6.992004 	 0.037029 	 0.111176
1.066347 	 6.979706 	 0.040832 	 0.121887
1.023294 	 6.983307 	 0.043548 	 0.130554
0.974350 	 6.968750 	 0.046360 	 0.138184
0.931750 	 6.941528 	 0.044166 	 0.141144
0.881447 	 6.938751 	 0.045327 	 0.142639
0.837488 	 6.950958 	 0.051026 	 0.148468
0.786278 	 6.940918 	 0.047820 	 0.152313
0.744131 	 6.929779 	 0.051346 	 0.155029
0.697906 	 6.933777 	 0.051143 	 0.158905
0.651682 	 6.909393 	 0.046403 	 0.153198
0.605457 	 6.912506 	 0.050035 	 0.154053
0.559232 	 6.902771 	 0.050920 	 0.156494
0.511194 	 6.890564 	 0.049982 	 0.156525
0.464516 	 6.869629 	 0.043889 	 0.150482
0.421010 	 6.805267 	 0.043559 	 0.143768
0.374332 	 6.807281 	 0.050877 	 0.149292
0.325841 	 6.713562 	 0.061114 	 0.166168
0.278709 	 6.620911 	 0.069572 	 0.184448
0.233391 	 6.573425 	 0.068230 	 0.196808
0.191245 	 6.524353 	 0.074995 	 0.206146
0.144566 	 6.393524 	 0.072907 	 0.212250
0.091090 	 6.194794 	 0.086180 	 0.227417
0.048038 	 6.065216 	 0.092358 	 0.247711
0.000000 	 5.255951 	 0.158607 	 0.329132
0.048491 	 5.976288 	 0.099890 	 0.330170
0.094716 	 6.167816 	 0.092422 	 0.298645
0.140034 	 6.311371 	 0.080385 	 0.269043
0.186259 	 6.413452 	 0.079937 	 0.251648
0.231578 	 6.539917 	 0.069136 	 0.231903
0.280522 	 6.608124 	 0.065354 	 0.213928
0.327654 	 6.688843 	 0.062126 	 0.200500
0.371613 	 6.723724 	 0.059825 	 0.191498
0.420103 	 6.764587 	 0.051932 	 0.179321
0.465875 	 6.815277 	 0.050888 	 0.167908
0.513007 	 6.864502 	 0.047532 	 0.160889
0.559685 	 6.871735 	 0.043367 	 0.151428
0.605003 	 6.888336 	 0.043644 	 0.144562
0.650322 	 6.895447 	 0.047766 	 0.144928
0.697453 	 6.917511 	 0.048853 	 0.148773
0.743225 	 6.913788 	 0.046712 	 0.150299
0.792622 	 6.928436 	 0.048331 	 0.149933
0.839301 	 6.934937 	 0.050408 	 0.152161
0.883260 	 6.938446 	 0.051569 	 0.156372
0.930844 	 6.933777 	 0.047458 	 0.154663
0.971178 	 6.950775 	 0.048810 	 0.153534
1.021481 	 6.947693 	 0.046797 	 0.151947
1.069066 	 6.969177 	 0.052422 	 0.156708
1.117557 	 6.948242 	 0.048438 	 0.155640
1.159250 	 6.959320 	 0.047852 	 0.152435
1.209554 	 6.982697 	 0.045316 	 0.151031
1.254872 	 6.992859 	 0.040650 	 0.142639
1.299738 	 6.994415 	 0.044091 	 0.140076
1.345056 	 7.003510 	 0.042067 	 0.139557
1.393547 	 7.012634 	 0.035804 	 0.129822
1.438866 	 7.028473 	 0.032054 	 0.120026
1.487810 	 7.039764 	 0.031990 	 0.115448
1.532222 	 7.049774 	 0.037614 	 0.116394
1.580260 	 7.044708 	 0.037050 	 0.119995
1.626485 	 7.064941 	 0.041354 	 0.125305
1.672710 	 7.059570 	 0.041939 	 0.130402
1.720294 	 7.058472 	 0.039862 	 0.133301
1.767879 	 7.052643 	 0.035058 	 0.128998
1.809119 	 7.074371 	 0.032299 	 0.119629
1.859422 	 7.076508 	 0.033716 	 0.116608
1.903381 	 7.055389 	 0.031095 	 0.112061
1.951419 	 7.064880 	 0.032938 	 0.111450
1.995831 	 7.060669 	 0.031564 	 0.110260
2.042509 	 7.064117 	 0.033364 	 0.110413
2.091000 	 7.065002 	 0.028293 	 0.105438
2.137225 	 7.081696 	 0.029753 	 0.104645
2.182091 	 7.098938 	 0.028666 	 0.102570
2.232394 	 7.100311 	 0.026642 	 0.100311
2.276807 	 7.108795 	 0.027207 	 0.097748
2.321219 	 7.110565 	 0.027708 	 0.097900
2.370163 	 7.114349 	 0.024427 	 0.095337
2.414575 	 7.203827 	 0.004037 	 0.072144
2.461707 	 7.212860 	 0.002684 	 0.050293
2.507932 	 7.218750 	 0.003515 	 0.041504
2.554610 	 7.219818 	 0.001566 	 0.034912
2.602194 	 7.206512 	 0.002184 	 0.033020
2.647966 	 7.216644 	 0.001023 	 0.030548
2.695097 	 7.219788 	 0.001076 	 0.029053
2.738603 	 7.209595 	 0.000053 	 0.028290
2.788000 	 7.214996 	 0.001598 	 0.027283
2.833772 	 7.213654 	 0.002013 	 0.028015
2.879544 	 7.215790 	 0.002056 	 0.029388
2.928941 	 7.218750 	 -0.000181 	 0.027740
2.972900 	 7.216522 	 0.001044 	 0.026093
3.016406 	 7.216400 	 0.000597 	 0.027710
3.066710 	 7.216614 	 0.003270 	 0.028931
3.112935 	 7.212524 	 0.002461 	 0.030945
3.156441 	 7.225647 	 0.002621 	 0.029480
3.205385 	 7.215607 	 0.001033 	 0.028015
3.251157 	 7.209442 	 0.002376 	 0.028290
3.297835 	 7.213654 	 0.001097 	 0.028168
3.339981 	 7.213074 	 0.000490 	 0.026520
3.390738 	 7.217590 	 0.001172 	 0.027802
3.435150 	 7.228455 	 0.003515 	 0.027527
3.481828 	 7.213074 	 0.001108 	 0.031372
3.528960 	 7.219788 	 0.001886 	 0.031128
3.573825 	 7.199738 	 0.001726 	 0.030640
3.620956 	 7.213348 	 0.003047 	 0.031586
3.672166 	 7.217621 	 0.001108 	 0.028748
3.713860 	 7.215179 	 0.000277 	 0.027802
3.759631 	 7.209808 	 0.002940 	 0.030121
3.807669 	 7.208679 	 0.001598 	 0.030975
3.853894 	 7.215912 	 0.001140 	 0.028381
3.899213 	 7.228851 	 0.001119 	 0.027954
3.946797 	 7.210663 	 0.000937 	 0.027710
3.990756 	 7.204559 	 0.001236 	 0.026459
4.038341 	 7.223633 	 0.001172 	 0.029114
4.086832 	 7.223633 	 0.002067 	 0.028931
4.131244 	 7.227081 	 0.001012 	 0.028931
4.175203 	 7.220581 	 0.000884 	 0.025909
4.224147 	 7.201782 	 0.002162 	 0.028229

 Z Turning Point (V) = 4.656128 
 Turning Time Delay (ms) = 0 
 SEN (V) =  
 App. Driving Voltage (mVrms) = 0.307000 
 App. Vias. Voltage (V) = 0.000000 
 App. Del Z (Bit) = -10 
 App. Delay Time (ms) = 500 
 App. Velocity (nm/s) = -0.090639 
 Ret. Driving Voltage (mVrms) = 0.307000 
 Ret. Vias. Voltage (V) = 0.000000 
 Ret. Del Z (Bit) = -10 
 Ret. Delay Time (ms) = 500 
 Ret. Velocity (nm/s) = -0.090639 
  
 Data Array Size = 170 
 Frequency (Hz) = sen.
 
