6.448384 	 7.210541 	 0.001896 	 0.031494
6.398080 	 7.215729 	 0.002237 	 0.031769
6.355934 	 7.212402 	 0.002961 	 0.031189
6.311522 	 7.210693 	 0.002514 	 0.032104
6.264391 	 7.221649 	 0.002546 	 0.031769
6.217259 	 7.201599 	 0.001332 	 0.030640
6.169221 	 7.221375 	 0.001225 	 0.029694
6.125262 	 7.209015 	 0.001119 	 0.028015
6.076772 	 7.211426 	 0.002503 	 0.030426
6.031906 	 7.214539 	 0.001939 	 0.030487
5.984322 	 7.206421 	 0.002578 	 0.027740
5.938097 	 7.214478 	 0.002503 	 0.031128
5.891418 	 7.212891 	 0.002099 	 0.030731
5.844740 	 7.225555 	 0.002972 	 0.030334
5.798969 	 7.218750 	 0.002354 	 0.030731
5.753650 	 7.209503 	 0.002290 	 0.030182
5.702893 	 7.216278 	 0.002567 	 0.033539
5.659387 	 7.217529 	 0.000927 	 0.031555
5.613162 	 7.226685 	 0.002461 	 0.029144
5.564671 	 7.216187 	 0.001598 	 0.027740
5.520259 	 7.209290 	 0.001023 	 0.027985
5.474487 	 7.208679 	 0.003441 	 0.029419
5.423730 	 7.223053 	 0.002972 	 0.031586
5.382491 	 7.224701 	 0.002205 	 0.029755
5.334000 	 7.214691 	 0.001023 	 0.029968
5.285056 	 7.212799 	 0.002397 	 0.028961
5.241096 	 7.216217 	 0.002450 	 0.030975
5.197591 	 7.208771 	 0.003792 	 0.031311
5.147287 	 7.218384 	 0.001545 	 0.030518
5.098796 	 7.212830 	 0.003952 	 0.032043
5.053024 	 7.215881 	 0.003473 	 0.031738
5.009972 	 7.204559 	 0.000874 	 0.028381
4.962840 	 7.219635 	 0.001896 	 0.028076
4.919788 	 7.225403 	 0.003111 	 0.029449
4.872656 	 7.218689 	 0.003814 	 0.033173
4.820993 	 7.208221 	 0.001108 	 0.030029
4.775674 	 7.211548 	 0.001886 	 0.029205
4.732622 	 7.219543 	 0.002109 	 0.029053
4.685944 	 7.212524 	 0.001939 	 0.037354
4.640625 	 7.214600 	 0.003143 	 0.033783
4.593494 	 7.212494 	 0.001609 	 0.031525
4.545003 	 7.218506 	 0.003206 	 0.032562
4.497871 	 7.205536 	 0.002205 	 0.031616
4.454366 	 7.215424 	 0.002535 	 0.031433
4.407687 	 7.221375 	 0.003217 	 0.031738
4.358743 	 7.210388 	 0.002642 	 0.031342
4.317503 	 7.204590 	 0.002951 	 0.033569
4.266293 	 7.205322 	 0.002354 	 0.031860
4.222334 	 7.220276 	 0.004176 	 0.033661
4.177469 	 7.218689 	 0.001545 	 0.031433
4.130338 	 7.224854 	 0.003334 	 0.031403
4.080940 	 7.219452 	 0.002269 	 0.031525
4.038341 	 7.209351 	 0.002748 	 0.030182
3.988943 	 7.219818 	 0.002503 	 0.031403
3.944078 	 7.219513 	 0.002631 	 0.027100
3.900572 	 7.208527 	 0.005145 	 0.032104
3.852081 	 7.207611 	 0.002738 	 0.029388
3.802684 	 7.209015 	 0.003068 	 0.031250
3.758272 	 7.204437 	 0.002908 	 0.032501
3.712047 	 7.210571 	 0.002727 	 0.032013
3.667635 	 7.211609 	 0.002993 	 0.031921
3.619597 	 7.213654 	 0.002194 	 0.032959
3.575638 	 7.219391 	 0.002929 	 0.032837
3.527147 	 7.217712 	 0.002993 	 0.031738
3.481375 	 7.220337 	 0.003803 	 0.034363
3.437869 	 7.214600 	 0.002961 	 0.031769
3.388472 	 7.219727 	 0.003846 	 0.032715
3.342247 	 7.210205 	 0.004400 	 0.034790
3.292397 	 7.207550 	 0.003878 	 0.034576
3.249344 	 7.208710 	 0.003931 	 0.035248
3.202213 	 7.217621 	 0.003601 	 0.033478
3.154175 	 7.218567 	 0.001406 	 0.032043
3.110216 	 7.212738 	 0.003281 	 0.031769
3.063538 	 7.203705 	 0.004059 	 0.033295
3.018219 	 7.213776 	 0.002898 	 0.030579
2.970181 	 7.207428 	 0.001992 	 0.029388
2.924863 	 7.206299 	 0.003483 	 0.031403
2.874106 	 7.215363 	 0.003100 	 0.031708
2.831960 	 7.220612 	 0.002184 	 0.031647
2.783015 	 7.211914 	 0.003238 	 0.030762
2.737697 	 7.209412 	 0.003430 	 0.033020
2.690565 	 7.213531 	 0.001907 	 0.030396
2.642981 	 7.210937 	 0.005348 	 0.034332
2.598116 	 7.199432 	 0.003004 	 0.034332
2.552344 	 7.221710 	 0.003494 	 0.033264
2.509291 	 7.205597 	 0.005401 	 0.036224
2.459894 	 7.213470 	 0.003121 	 0.033173
2.412762 	 7.219788 	 0.004442 	 0.034302
2.367444 	 7.212952 	 0.004506 	 0.035675
2.318500 	 7.208313 	 0.005582 	 0.036926
2.273634 	 7.218536 	 0.002589 	 0.036102
2.225143 	 7.226807 	 0.004453 	 0.037170
2.177559 	 7.209503 	 0.004133 	 0.034851
2.134959 	 7.210388 	 0.002418 	 0.032959
2.086015 	 7.208832 	 0.004442 	 0.033783
2.042056 	 7.208740 	 0.004027 	 0.035248
1.994925 	 7.219147 	 0.003015 	 0.033081
1.947794 	 7.189331 	 0.004133 	 0.034424
1.900209 	 7.209412 	 0.004442 	 0.034424
1.855797 	 7.212585 	 0.004016 	 0.034058
1.809572 	 7.204041 	 0.005209 	 0.035889
1.758362 	 7.207520 	 0.003047 	 0.035217
1.715309 	 7.212738 	 0.004400 	 0.035614
1.670444 	 7.198456 	 0.003121 	 0.037231
1.625125 	 7.207458 	 0.004826 	 0.036011
1.577087 	 7.203217 	 0.005444 	 0.036591
1.530862 	 7.212830 	 0.005795 	 0.037292
1.484637 	 7.209381 	 0.004719 	 0.037048
1.438866 	 7.211456 	 0.003238 	 0.035431
1.392641 	 7.044159 	 0.041588 	 0.073792
1.345056 	 7.038361 	 0.040331 	 0.106354
1.296112 	 7.047485 	 0.039532 	 0.120117
1.252153 	 7.031372 	 0.039511 	 0.123749
1.205928 	 7.023346 	 0.034685 	 0.121429
1.160156 	 7.012390 	 0.032033 	 0.115692
1.109853 	 7.002380 	 0.031873 	 0.110718
1.069066 	 6.997467 	 0.033034 	 0.109741
1.018762 	 6.991638 	 0.035953 	 0.113464
0.974803 	 6.993073 	 0.037764 	 0.120300
0.929485 	 6.982025 	 0.036432 	 0.120026
0.882353 	 6.972198 	 0.040342 	 0.122803
0.832956 	 6.973389 	 0.042621 	 0.127655
0.789903 	 6.948242 	 0.037071 	 0.127045
0.741866 	 6.941650 	 0.045476 	 0.133545
0.696547 	 6.914459 	 0.044379 	 0.137817
0.648509 	 6.905243 	 0.051229 	 0.147461
0.602737 	 6.880341 	 0.050834 	 0.152557
0.554700 	 6.855347 	 0.051655 	 0.156921
0.508475 	 6.844208 	 0.057588 	 0.165771
0.461797 	 6.787170 	 0.059538 	 0.172760
0.416025 	 6.730591 	 0.061008 	 0.179810
0.373878 	 6.686523 	 0.061253 	 0.184235
0.324481 	 6.614410 	 0.065663 	 0.190674
0.277803 	 6.421600 	 0.070989 	 0.200439
0.230219 	 6.234222 	 0.082398 	 0.217896
0.185353 	 6.243286 	 0.078372 	 0.227692
0.135503 	 6.117889 	 0.080875 	 0.231018
0.092903 	 5.813232 	 0.105280 	 0.261536
0.043959 	 5.774017 	 0.105983 	 0.282104
0.000000 	 5.353088 	 0.139347 	 0.329895
0.044412 	 5.321411 	 0.154623 	 0.379944
0.090184 	 5.701874 	 0.110489 	 0.362946
0.138222 	 5.829163 	 0.105973 	 0.332031
0.184900 	 6.075928 	 0.093253 	 0.303711
0.227953 	 6.367126 	 0.078233 	 0.269196
0.276897 	 6.564972 	 0.068955 	 0.238861
0.322668 	 6.567810 	 0.067218 	 0.219269
0.372066 	 6.649261 	 0.065066 	 0.208282
0.416025 	 6.713928 	 0.064768 	 0.202026
0.463156 	 6.743713 	 0.057801 	 0.192688
0.506209 	 6.793182 	 0.056107 	 0.182434
0.555153 	 6.804565 	 0.055916 	 0.177490
0.603191 	 6.861877 	 0.051910 	 0.171112
0.647603 	 6.870300 	 0.056161 	 0.169678
0.693375 	 6.874451 	 0.051506 	 0.167664
0.738693 	 6.886322 	 0.052081 	 0.164978
0.787184 	 6.892395 	 0.051165 	 0.161926
0.834769 	 6.939667 	 0.047788 	 0.157288
0.880087 	 6.955353 	 0.045348 	 0.153168
0.925406 	 6.958191 	 0.045689 	 0.149536
0.973897 	 6.972473 	 0.043985 	 0.146606
1.020575 	 6.959503 	 0.047532 	 0.147675
1.066800 	 6.974609 	 0.042461 	 0.142700
1.112119 	 6.969299 	 0.041844 	 0.138641
1.158797 	 6.986237 	 0.040129 	 0.135590
1.205928 	 6.988739 	 0.039319 	 0.132996
1.252606 	 6.992523 	 0.041077 	 0.132660
1.297018 	 6.988922 	 0.038350 	 0.129028
1.341431 	 7.004730 	 0.035069 	 0.127991
1.389015 	 7.013367 	 0.034270 	 0.120758
1.437053 	 7.033051 	 0.035154 	 0.119324
1.482372 	 7.042450 	 0.037977 	 0.120789
1.530409 	 7.037231 	 0.038563 	 0.124054
1.575275 	 7.033997 	 0.037923 	 0.125824
1.623312 	 7.039276 	 0.039266 	 0.125671
1.669084 	 7.047638 	 0.041524 	 0.129456
1.715309 	 7.056091 	 0.044283 	 0.133728
1.760628 	 7.056824 	 0.038030 	 0.132629
1.809119 	 7.076202 	 0.036070 	 0.126740
1.857156 	 7.080139 	 0.037433 	 0.124268
1.897943 	 7.060425 	 0.038254 	 0.126801
1.947794 	 7.069366 	 0.037391 	 0.126251
1.990393 	 7.072418 	 0.039330 	 0.126099
2.038431 	 7.075409 	 0.036549 	 0.125580
2.084203 	 7.076141 	 0.034749 	 0.119751
2.133600 	 7.074707 	 0.030871 	 0.114471
2.178012 	 7.085907 	 0.029028 	 0.107666
2.226050 	 7.085541 	 0.030030 	 0.105469
2.269556 	 7.091522 	 0.024682 	 0.098572
2.319859 	 7.086212 	 0.024522 	 0.093658
2.364272 	 7.101654 	 0.026738 	 0.093628
2.408684 	 7.105652 	 0.029273 	 0.096069
2.457628 	 7.115601 	 0.026035 	 0.097534
2.504306 	 7.120758 	 0.023734 	 0.093262
2.550984 	 7.124481 	 0.019537 	 0.085510
2.597662 	 7.209625 	 0.003856 	 0.063721
2.641168 	 7.202850 	 0.004527 	 0.046661
2.689659 	 7.210571 	 0.004740 	 0.042114
2.735884 	 7.206299 	 0.004048 	 0.038361
2.782109 	 7.214630 	 0.005113 	 0.037476
2.831053 	 7.207642 	 0.002684 	 0.035553
2.873199 	 7.228607 	 0.004591 	 0.035278
2.920331 	 7.212036 	 0.006179 	 0.038727
2.964743 	 7.207489 	 0.004101 	 0.036896
3.017766 	 7.208710 	 0.004069 	 0.037048
3.062178 	 7.215729 	 0.004240 	 0.036713
3.110669 	 7.217499 	 0.003771 	 0.036560
3.157347 	 7.207703 	 0.004282 	 0.036530
3.198587 	 7.223267 	 0.002919 	 0.032959
3.247078 	 7.195648 	 0.004005 	 0.033447
3.293303 	 7.209351 	 0.003451 	 0.033447
3.339981 	 7.200500 	 0.006232 	 0.038666
3.386659 	 7.211121 	 0.003846 	 0.036896
3.435603 	 7.213654 	 0.001886 	 0.033203
3.480016 	 7.208801 	 0.002450 	 0.032349
3.527600 	 7.208374 	 0.003196 	 0.032715
3.572919 	 7.214752 	 0.003473 	 0.036224
3.618690 	 7.219788 	 0.002802 	 0.034668
3.666728 	 7.208649 	 0.004708 	 0.035339
3.713406 	 7.208862 	 0.002961 	 0.034088
3.757819 	 7.213104 	 0.003686 	 0.034393
3.803590 	 7.215668 	 0.002716 	 0.032318
3.849362 	 7.218323 	 0.002578 	 0.031952
3.899213 	 7.209534 	 0.003824 	 0.034027
3.942719 	 7.210480 	 0.002226 	 0.032318
3.989850 	 7.216339 	 0.003451 	 0.032471
4.037888 	 7.208710 	 0.003324 	 0.031097
4.083659 	 7.205780 	 0.003665 	 0.031281
4.129431 	 7.208588 	 0.004016 	 0.030945
4.176109 	 7.209015 	 0.002567 	 0.031952
4.221881 	 7.209656 	 0.003920 	 0.031128
4.264027 	 7.221710 	 0.003611 	 0.032745
4.313878 	 7.211578 	 0.004549 	 0.035461
4.359650 	 7.213562 	 0.002653 	 0.033478
4.406781 	 7.205811 	 0.002429 	 0.031433
4.453912 	 7.221436 	 0.003004 	 0.033142
4.498325 	 7.210327 	 0.003505 	 0.032990
4.547722 	 7.201752 	 0.002663 	 0.032227
4.592134 	 7.209290 	 0.003047 	 0.031738
4.637453 	 7.213470 	 0.003015 	 0.031952
4.682318 	 7.205627 	 0.002706 	 0.032928

 Z Turning Point (V) = 4.034760 
 Turning Time Delay (ms) = 0 
 SEN (V) =  
 App. Driving Voltage (mVrms) = 0.307000 
 App. Vias. Voltage (V) = 0.000000 
 App. Del Z (Bit) = -10 
 App. Delay Time (ms) = 500 
 App. Velocity (nm/s) = -0.090639 
 Ret. Driving Voltage (mVrms) = 0.307000 
 Ret. Vias. Voltage (V) = 0.000000 
 Ret. Del Z (Bit) = -10 
 Ret. Delay Time (ms) = 500 
 Ret. Velocity (nm/s) = -0.090639 
  
 Data Array Size = 241 
 Frequency (Hz) = sen.
 
