6.123903 	 7.222748 	 0.003718 	 0.033905
6.078131 	 7.222778 	 0.004623 	 0.035614
6.033266 	 7.214539 	 0.002812 	 0.033722
5.984322 	 7.218414 	 0.003206 	 0.034119
5.938550 	 7.211700 	 0.004410 	 0.035645
5.895950 	 7.216400 	 0.004474 	 0.034637
5.848819 	 7.205200 	 0.003494 	 0.034729
5.798515 	 7.226227 	 0.004581 	 0.036011
5.752744 	 7.208832 	 0.005593 	 0.038361
5.706972 	 7.209442 	 0.002525 	 0.035461
5.659840 	 7.215637 	 0.004463 	 0.035065
5.615881 	 7.218567 	 0.004091 	 0.033783
5.567390 	 7.212830 	 0.003441 	 0.034515
5.522072 	 7.206299 	 0.003036 	 0.033325
5.475847 	 7.206970 	 0.005017 	 0.034637
5.426903 	 7.212921 	 0.002621 	 0.034637
5.383397 	 7.218811 	 0.002866 	 0.033600
5.336719 	 7.209259 	 0.002759 	 0.031433
5.289134 	 7.205536 	 0.003025 	 0.032013
5.241550 	 7.217712 	 0.003281 	 0.033173
5.197591 	 7.211914 	 0.003430 	 0.031433
5.149100 	 7.204803 	 0.003260 	 0.032410
5.103781 	 7.203400 	 0.004037 	 0.032288
5.053931 	 7.205505 	 0.003366 	 0.033630
5.012691 	 7.202667 	 0.003451 	 0.033173
4.962387 	 7.205414 	 0.003792 	 0.033813
4.917068 	 7.215546 	 0.004602 	 0.034088
4.870844 	 7.208710 	 0.003515 	 0.034698
4.829150 	 7.213043 	 0.004559 	 0.035126
4.777034 	 7.205750 	 0.002429 	 0.034180
4.732169 	 7.203491 	 0.004975 	 0.034821
4.686850 	 7.211395 	 0.004421 	 0.036346
4.640172 	 7.204346 	 0.004964 	 0.036072
4.589868 	 7.207031 	 0.002599 	 0.034729
4.545909 	 7.209412 	 0.004687 	 0.035248
4.501497 	 7.212494 	 0.003174 	 0.035065
4.457085 	 7.221252 	 0.004005 	 0.034424
4.407687 	 7.201752 	 0.003537 	 0.034973
4.360103 	 7.213501 	 0.002727 	 0.033356
4.316597 	 7.198608 	 0.004144 	 0.034271
4.268106 	 7.207550 	 0.002184 	 0.033752
4.223694 	 7.217621 	 0.002194 	 0.030762
4.177469 	 7.203827 	 0.003622 	 0.033539
4.129431 	 7.206787 	 0.003153 	 0.033752
4.083659 	 7.210541 	 0.003068 	 0.033569
4.036981 	 7.215027 	 0.004112 	 0.035126
3.993022 	 7.209686 	 0.003430 	 0.035431
3.944531 	 7.212891 	 0.004400 	 0.036530
3.898306 	 7.199646 	 0.004602 	 0.035980
3.850269 	 7.209381 	 0.004815 	 0.036560
3.804950 	 7.210236 	 0.003419 	 0.035004
3.760538 	 7.211853 	 0.005795 	 0.036224
3.712500 	 7.206177 	 0.004080 	 0.034393
3.665822 	 7.219543 	 0.004037 	 0.034363
3.621410 	 7.209442 	 0.004559 	 0.036102
3.574731 	 7.216461 	 0.004016 	 0.035645
3.527147 	 7.207642 	 0.003483 	 0.034576
3.481375 	 7.205933 	 0.004847 	 0.035828
3.434244 	 7.213165 	 0.003686 	 0.034607
3.386206 	 7.197418 	 0.005529 	 0.036652
3.340887 	 7.200470 	 0.004506 	 0.036469
3.296475 	 7.205627 	 0.005241 	 0.036987
3.250250 	 7.207062 	 0.005028 	 0.037109
3.202666 	 7.210480 	 0.005454 	 0.037476
3.155534 	 7.202240 	 0.005529 	 0.037354
3.106137 	 7.206635 	 0.004474 	 0.037079
3.061725 	 7.213623 	 0.003558 	 0.036407
3.015047 	 7.205841 	 0.004527 	 0.035156
2.969728 	 7.202606 	 0.004602 	 0.036438
2.924863 	 7.221222 	 0.005529 	 0.032837
2.876372 	 7.212769 	 0.006338 	 0.037476
2.831053 	 7.214111 	 0.005752 	 0.038361
2.781656 	 7.206329 	 0.006104 	 0.039276
2.738603 	 7.200256 	 0.005529 	 0.039001
2.692378 	 7.213348 	 0.005028 	 0.038208
2.643434 	 7.209229 	 0.004602 	 0.038635
2.599475 	 7.212952 	 0.004549 	 0.034790
2.553250 	 7.218567 	 0.005444 	 0.036530
2.505666 	 7.203430 	 0.005390 	 0.037689
2.457175 	 7.209534 	 0.004581 	 0.037628
2.413669 	 7.214417 	 0.004900 	 0.037811
2.366537 	 7.193268 	 0.006147 	 0.039948
2.316687 	 7.208649 	 0.006296 	 0.041382
2.271368 	 7.197876 	 0.005273 	 0.039093
2.228316 	 7.196259 	 0.006956 	 0.041534
2.180731 	 7.205719 	 0.005486 	 0.041138
2.133600 	 7.202423 	 0.007137 	 0.041229
2.088281 	 7.208679 	 0.005497 	 0.041290
2.039790 	 7.214508 	 0.005710 	 0.041046
1.993565 	 7.199463 	 0.006029 	 0.040680
1.948247 	 7.215546 	 0.006189 	 0.039520
1.899756 	 7.206085 	 0.005838 	 0.037537
1.856250 	 7.204590 	 0.007723 	 0.041412
1.808212 	 7.200378 	 0.007361 	 0.041962
1.763347 	 7.201355 	 0.005806 	 0.040466
1.714856 	 7.203400 	 0.005880 	 0.039856
1.669537 	 7.195709 	 0.008107 	 0.041931
1.621953 	 7.191681 	 0.006743 	 0.040710
1.576634 	 7.195465 	 0.006179 	 0.040771
1.530862 	 7.197754 	 0.007989 	 0.042419
1.483278 	 7.058105 	 0.033822 	 0.070892
1.437506 	 7.034332 	 0.037156 	 0.097900
1.392187 	 7.017517 	 0.038094 	 0.111389
1.345509 	 7.004211 	 0.042632 	 0.124695
1.297018 	 6.997314 	 0.038520 	 0.125580
1.254419 	 6.980530 	 0.045061 	 0.133881
1.205022 	 6.976257 	 0.040981 	 0.135223
1.158344 	 6.987640 	 0.043441 	 0.135986
1.114384 	 6.973480 	 0.041215 	 0.134705
1.064987 	 6.983154 	 0.040991 	 0.134155
1.021028 	 6.979462 	 0.046829 	 0.138580
0.972537 	 6.983307 	 0.052784 	 0.149780
0.925859 	 6.971893 	 0.055468 	 0.160919
0.879634 	 6.964539 	 0.061562 	 0.172852
0.834769 	 6.950684 	 0.060102 	 0.180542
0.787637 	 6.935272 	 0.058739 	 0.180359
0.741866 	 6.918823 	 0.057652 	 0.177612
0.693828 	 6.894440 	 0.065993 	 0.186035
0.645790 	 6.907166 	 0.058057 	 0.185455
0.602737 	 6.880219 	 0.057418 	 0.179840
0.557419 	 6.862183 	 0.055649 	 0.176697
0.510287 	 6.855438 	 0.056352 	 0.173157
0.464969 	 6.823578 	 0.057215 	 0.171814
0.413759 	 6.775940 	 0.057641 	 0.174438
0.370253 	 6.710236 	 0.059879 	 0.178162
0.323575 	 6.658203 	 0.057535 	 0.177917
0.276897 	 6.526306 	 0.061487 	 0.183136
0.231578 	 6.297913 	 0.077434 	 0.201477
0.183087 	 6.228302 	 0.078467 	 0.217346
0.137315 	 6.137726 	 0.072097 	 0.218872
0.091997 	 5.964935 	 0.084635 	 0.229523
0.044865 	 5.725922 	 0.091240 	 0.246246
0.000000 	 5.317200 	 0.136918 	 0.305908
0.042146 	 5.590057 	 0.105855 	 0.316895
0.090637 	 5.961182 	 0.091677 	 0.297424
0.139128 	 6.167053 	 0.074675 	 0.261414
0.188072 	 6.270142 	 0.067676 	 0.233521
0.232484 	 6.390106 	 0.065492 	 0.214111
0.275537 	 6.493561 	 0.064235 	 0.205139
0.322215 	 6.610321 	 0.062222 	 0.198639
0.366628 	 6.650848 	 0.061178 	 0.194427
0.415118 	 6.685608 	 0.058110 	 0.187042
0.461343 	 6.722290 	 0.059772 	 0.184052
0.512100 	 6.794067 	 0.060688 	 0.185364
0.556966 	 6.810760 	 0.063170 	 0.186737
0.601831 	 6.840393 	 0.061146 	 0.188354
0.648962 	 6.834717 	 0.064640 	 0.190216
0.694281 	 6.872101 	 0.058792 	 0.187500
0.741866 	 6.882538 	 0.057823 	 0.182892
0.791716 	 6.917084 	 0.059314 	 0.180939
0.834769 	 6.932465 	 0.057258 	 0.178619
0.878275 	 6.928619 	 0.054243 	 0.174622
0.926765 	 6.951599 	 0.060369 	 0.178223
0.973897 	 6.961578 	 0.051474 	 0.170685
1.019669 	 6.974487 	 0.057205 	 0.171661
1.068613 	 6.965118 	 0.053423 	 0.172089
1.111212 	 6.957886 	 0.054712 	 0.169434
1.161063 	 6.979431 	 0.053135 	 0.168762
1.205022 	 6.971222 	 0.048225 	 0.160187
1.252606 	 6.978485 	 0.043015 	 0.151001
1.298831 	 6.988586 	 0.044368 	 0.145447
1.344150 	 7.001495 	 0.044603 	 0.144287
1.393094 	 7.003235 	 0.033939 	 0.131866
1.438866 	 6.993256 	 0.038083 	 0.126648
1.482825 	 7.010376 	 0.034355 	 0.121552
1.532675 	 7.002380 	 0.035452 	 0.119965
1.581166 	 7.011597 	 0.034919 	 0.117706
1.621500 	 7.024139 	 0.036730 	 0.119629
1.669084 	 7.026642 	 0.039553 	 0.123291
1.716216 	 7.034271 	 0.039191 	 0.125549
1.761534 	 7.044647 	 0.044571 	 0.134674
1.810478 	 7.047455 	 0.043473 	 0.137482
1.856703 	 7.052032 	 0.043367 	 0.139740
1.901569 	 7.063446 	 0.040949 	 0.137421
1.948700 	 7.067322 	 0.041908 	 0.137085
1.994925 	 7.071106 	 0.038275 	 0.131561
2.043416 	 7.063538 	 0.038030 	 0.127869
2.087375 	 7.078033 	 0.037764 	 0.125763
2.133147 	 7.076416 	 0.035058 	 0.120972
2.178918 	 7.073395 	 0.032128 	 0.116791
2.227409 	 7.087311 	 0.030072 	 0.112122
2.273181 	 7.091644 	 0.032171 	 0.109772
2.319859 	 7.100220 	 0.031606 	 0.109741
2.367444 	 7.101532 	 0.030381 	 0.107513
2.412309 	 7.123352 	 0.034152 	 0.109619
2.456721 	 7.113617 	 0.032299 	 0.111755
2.506119 	 7.133514 	 0.026504 	 0.104309
2.552344 	 7.202209 	 0.005081 	 0.078156
2.596303 	 7.208405 	 0.007382 	 0.057983
2.642981 	 7.209412 	 0.004900 	 0.048706
2.691019 	 7.202820 	 0.005465 	 0.043335
2.735884 	 7.203461 	 0.005465 	 0.042389
2.783015 	 7.199951 	 0.006147 	 0.041138
2.830147 	 7.207306 	 0.005220 	 0.041382
2.875012 	 7.205719 	 0.005593 	 0.039062
2.923956 	 7.205566 	 0.005603 	 0.038910
2.967009 	 7.214508 	 0.005593 	 0.038818
3.014594 	 7.199219 	 0.005689 	 0.039673
3.059006 	 7.214508 	 0.005241 	 0.039001
3.107043 	 7.206696 	 0.003601 	 0.036407
3.155534 	 7.203522 	 0.005135 	 0.036285
3.202666 	 7.205688 	 0.004559 	 0.037506
3.248438 	 7.202942 	 0.003601 	 0.035583
3.296475 	 7.206299 	 0.004144 	 0.035889
3.341794 	 7.210419 	 0.004442 	 0.036865
3.388019 	 7.207489 	 0.004495 	 0.037292
3.434244 	 7.210327 	 0.003643 	 0.035675
3.479562 	 7.207336 	 0.005007 	 0.037445
3.525334 	 7.204681 	 0.005028 	 0.038269
3.570653 	 7.213409 	 0.004059 	 0.037170
3.619597 	 7.205658 	 0.002972 	 0.036194
3.666728 	 7.206085 	 0.003814 	 0.034698
3.712500 	 7.208282 	 0.003153 	 0.035278
3.760538 	 7.213165 	 0.003803 	 0.035431
3.806763 	 7.204559 	 0.004027 	 0.034149
3.850722 	 7.213562 	 0.004527 	 0.035095
3.900119 	 7.204315 	 0.003750 	 0.034760
3.947250 	 7.206055 	 0.005124 	 0.036987
3.989397 	 7.212463 	 0.003611 	 0.034729
4.036981 	 7.204559 	 0.003824 	 0.034607
4.084113 	 7.218506 	 0.003153 	 0.034760
4.129884 	 7.210175 	 0.004549 	 0.035004
4.180641 	 7.206482 	 0.003611 	 0.034241
4.223694 	 7.193298 	 0.003174 	 0.034241
4.268559 	 7.214691 	 0.005539 	 0.035095
4.314784 	 7.214325 	 0.002088 	 0.033844
4.361916 	 7.213379 	 0.003015 	 0.032257
4.407687 	 7.203644 	 0.002908 	 0.032593
4.452553 	 7.205719 	 0.003483 	 0.032501
4.498325 	 7.203156 	 0.004304 	 0.033936
4.549535 	 7.203552 	 0.002035 	 0.033051

 Z Turning Point (V) = 3.420074 
 Turning Time Delay (ms) = 0 
 SEN (V) =  
 App. Driving Voltage (mVrms) = 0.307000 
 App. Vias. Voltage (V) = 0.000000 
 App. Del Z (Bit) = -10 
 App. Delay Time (ms) = 500 
 App. Velocity (nm/s) = -0.090639 
 Ret. Driving Voltage (mVrms) = 0.307000 
 Ret. Vias. Voltage (V) = 0.000000 
 Ret. Del Z (Bit) = -10 
 Ret. Delay Time (ms) = 500 
 Ret. Velocity (nm/s) = -0.090639 
  
 Data Array Size = 231 
 Frequency (Hz) = sen.
 
